
X-Axis: Magnitude
Y-Axis: 10 Year Cumulative Number
Number of Data Sets: 9


DATASET #1

     Name: Mean
   Points: 66
     Info: 

Data[x,y]:
2.5	  1885.8395
2.6	  1497.8269
2.7	  1189.8384
2.8	  945.1809
2.9	  750.64954
3.0	  596.3423
3.1	  473.63055
3.2	  376.23288
3.3	  298.84842
3.4	  237.41965
3.5	  188.59628
3.6	  149.72333
3.7	  118.898224
3.8	  94.368164
3.9	  74.87458
4.0	  59.445835
4.1	  47.203236
4.2	  37.483612
4.3	  29.728926
4.4	  23.566607
4.5	  18.670038
4.6	  14.776466
4.7	  11.698619
4.8	  9.27629
4.9	  7.3342967
5.0	  5.782281
5.1	  4.548879
5.2	  3.5854242
5.3	  2.8098392
5.4	  2.1990767
5.5	  1.7131732
5.6	  1.3253101
5.7	  1.0171624
5.8	  0.7761841
5.9	  0.5860234
6.0	  0.44907668
6.1	  0.32883424
6.2	  0.21754299
6.3	  0.16228503
6.4	  0.12383705
6.5	  0.09345926
6.6	  0.075521566
6.7	  0.060156472
6.8	  0.048139274
6.9	  0.0370031
7.0	  0.029073866
7.1	  0.024422048
7.2	  0.01881872
7.3	  0.013074429
7.4	  0.011523823
7.5	  0.008845503
7.6	  0.004933747
7.7	  0.0013744009
7.8	  9.162673E-4
7.9	  4.933747E-4
8.0	  1.0572315E-4
8.1	  3.524105E-5
8.2	  0.0
8.3	  0.0
8.4	  0.0
8.5	  0.0
8.6	  0.0
8.7	  0.0
8.8	  0.0
8.9	  0.0
9.0	  0.0



DATASET #2

     Name: 2.5%,97.5%
   Points: 66
     Info: 

Data[x,y]:
2.5	  1153.0
2.6	  913.0
2.7	  722.0
2.8	  570.0
2.9	  449.0
3.0	  353.0
3.1	  278.0
3.2	  218.0
3.3	  171.0
3.4	  134.0
3.5	  104.0
3.6	  81.0
3.7	  62.0
3.8	  48.0
3.9	  36.0
4.0	  28.0
4.1	  21.0
4.2	  15.0
4.3	  11.0
4.4	  8.0
4.5	  6.0
4.6	  4.0
4.7	  3.0
4.8	  2.0
4.9	  1.0
5.0	  0.0
5.1	  0.0
5.2	  0.0
5.3	  0.0
5.4	  0.0
5.5	  0.0
5.6	  0.0
5.7	  0.0
5.8	  0.0
5.9	  0.0
6.0	  0.0
6.1	  0.0
6.2	  0.0
6.3	  0.0
6.4	  0.0
6.5	  0.0
6.6	  0.0
6.7	  0.0
6.8	  0.0
6.9	  0.0
7.0	  0.0
7.1	  0.0
7.2	  0.0
7.3	  0.0
7.4	  0.0
7.5	  0.0
7.6	  0.0
7.7	  0.0
7.8	  0.0
7.9	  0.0
8.0	  0.0
8.1	  0.0
8.2	  0.0
8.3	  0.0
8.4	  0.0
8.5	  0.0
8.6	  0.0
8.7	  0.0
8.8	  0.0
8.9	  0.0
9.0	  0.0



DATASET #3

     Name: null
   Points: 66
     Info: 

Data[x,y]:
2.5	  5492.0
2.6	  4356.0
2.7	  3465.0
2.8	  2767.0
2.9	  2199.0
3.0	  1740.0
3.1	  1387.0
3.2	  1093.0
3.3	  876.0
3.4	  697.0
3.5	  551.0
3.6	  440.0
3.7	  349.0
3.8	  275.0
3.9	  221.0
4.0	  176.0
4.1	  140.0
4.2	  111.0
4.3	  88.0
4.4	  71.0
4.5	  57.0
4.6	  46.0
4.7	  37.0
4.8	  30.0
4.9	  24.0
5.0	  19.0
5.1	  16.0
5.2	  13.0
5.3	  11.0
5.4	  9.0
5.5	  7.0
5.6	  6.0
5.7	  5.0
5.8	  4.0
5.9	  3.0
6.0	  3.0
6.1	  2.0
6.2	  2.0
6.3	  1.0
6.4	  1.0
6.5	  1.0
6.6	  1.0
6.7	  1.0
6.8	  1.0
6.9	  1.0
7.0	  1.0
7.1	  0.0
7.2	  0.0
7.3	  0.0
7.4	  0.0
7.5	  0.0
7.6	  0.0
7.7	  0.0
7.8	  0.0
7.9	  0.0
8.0	  0.0
8.1	  0.0
8.2	  0.0
8.3	  0.0
8.4	  0.0
8.5	  0.0
8.6	  0.0
8.7	  0.0
8.8	  0.0
8.9	  0.0
9.0	  0.0



DATASET #4

     Name: Median
   Points: 66
     Info: 

Data[x,y]:
2.5	  1491.0
2.6	  1185.0
2.7	  942.0
2.8	  749.0
2.9	  595.0
3.0	  473.0
3.1	  376.0
3.2	  299.0
3.3	  238.0
3.4	  189.0
3.5	  151.0
3.6	  120.0
3.7	  95.0
3.8	  76.0
3.9	  60.0
4.0	  48.0
4.1	  38.0
4.2	  30.0
4.3	  24.0
4.4	  19.0
4.5	  15.0
4.6	  12.0
4.7	  9.0
4.8	  7.0
4.9	  6.0
5.0	  4.0
5.1	  3.0
5.2	  3.0
5.3	  2.0
5.4	  2.0
5.5	  1.0
5.6	  1.0
5.7	  1.0
5.8	  0.0
5.9	  0.0
6.0	  0.0
6.1	  0.0
6.2	  0.0
6.3	  0.0
6.4	  0.0
6.5	  0.0
6.6	  0.0
6.7	  0.0
6.8	  0.0
6.9	  0.0
7.0	  0.0
7.1	  0.0
7.2	  0.0
7.3	  0.0
7.4	  0.0
7.5	  0.0
7.6	  0.0
7.7	  0.0
7.8	  0.0
7.9	  0.0
8.0	  0.0
8.1	  0.0
8.2	  0.0
8.3	  0.0
8.4	  0.0
8.5	  0.0
8.6	  0.0
8.7	  0.0
8.8	  0.0
8.9	  0.0
9.0	  0.0



DATASET #5

     Name: Mode
   Points: 66
     Info: 

Data[x,y]:
2.5	  1332.0
2.6	  1054.0
2.7	  815.0
2.8	  631.0
2.9	  539.0
3.0	  424.0
3.1	  350.0
3.2	  274.0
3.3	  210.0
3.4	  169.0
3.5	  136.0
3.6	  112.0
3.7	  89.0
3.8	  68.0
3.9	  55.0
4.0	  41.0
4.1	  33.0
4.2	  28.0
4.3	  21.0
4.4	  17.0
4.5	  13.0
4.6	  10.0
4.7	  8.0
4.8	  6.0
4.9	  4.0
5.0	  3.0
5.1	  2.0
5.2	  2.0
5.3	  1.0
5.4	  1.0
5.5	  0.0
5.6	  0.0
5.7	  0.0
5.8	  0.0
5.9	  0.0
6.0	  0.0
6.1	  0.0
6.2	  0.0
6.3	  0.0
6.4	  0.0
6.5	  0.0
6.6	  0.0
6.7	  0.0
6.8	  0.0
6.9	  0.0
7.0	  0.0
7.1	  0.0
7.2	  0.0
7.3	  0.0
7.4	  0.0
7.5	  0.0
7.6	  0.0
7.7	  0.0
7.8	  0.0
7.9	  0.0
8.0	  0.0
8.1	  0.0
8.2	  0.0
8.3	  0.0
8.4	  0.0
8.5	  0.0
8.6	  0.0
8.7	  0.0
8.8	  0.0
8.9	  0.0
9.0	  0.0



DATASET #6

     Name: 10 yr Prob
   Points: 66
     Info: 

Data[x,y]:
2.5	  1.0
2.6	  1.0
2.7	  1.0
2.8	  1.0
2.9	  1.0
3.0	  1.0
3.1	  1.0
3.2	  1.0
3.3	  1.0
3.4	  1.0
3.5	  1.0
3.6	  1.0
3.7	  1.0
3.8	  1.0
3.9	  1.0
4.0	  1.0
4.1	  1.0
4.2	  1.0
4.3	  1.0
4.4	  1.0
4.5	  0.9999648
4.6	  0.9998238
4.7	  0.9988018
4.8	  0.9964759
4.9	  0.98949814
5.0	  0.9743798
5.1	  0.9457993
5.2	  0.9055892
5.3	  0.8498027
5.4	  0.7773823
5.5	  0.6965041
5.6	  0.60977584
5.7	  0.52184945
5.8	  0.4392092
5.9	  0.3613617
6.0	  0.29295883
6.1	  0.23061742
6.2	  0.16471666
6.3	  0.1275726
6.4	  0.09835777
6.5	  0.07619115
6.6	  0.06403299
6.7	  0.052332956
6.8	  0.043487456
6.9	  0.034430504
7.0	  0.027664224
7.1	  0.023576261
7.2	  0.01818438
7.3	  0.012686778
7.4	  0.011312377
7.5	  0.008704539
7.6	  0.004933747
7.7	  0.0013744009
7.8	  9.162673E-4
7.9	  4.933747E-4
8.0	  1.0572315E-4
8.1	  3.524105E-5
8.2	  0.0
8.3	  0.0
8.4	  0.0
8.5	  0.0
8.6	  0.0
8.7	  0.0
8.8	  0.0
8.9	  0.0
9.0	  0.0



DATASET #7

Name: 95% Conf
Num Points: 66
Info: 

X, Y Data:
2.5	1.0	[1.0	1.0]
2.6	1.0	[1.0	1.0]
2.7	1.0	[1.0	1.0]
2.8	1.0	[1.0	1.0]
2.9	1.0	[1.0	1.0]
3.0	1.0	[1.0	1.0]
3.1	1.0	[1.0	1.0]
3.2	1.0	[1.0	1.0]
3.3	1.0	[1.0	1.0]
3.4	1.0	[1.0	1.0]
3.5	1.0	[1.0	1.0]
3.6	1.0	[1.0	1.0]
3.7	1.0	[1.0	1.0]
3.8	1.0	[1.0	1.0]
3.9	1.0	[1.0	1.0]
4.0	1.0	[1.0	1.0]
4.1	1.0	[1.0	1.0]
4.2	1.0	[1.0	1.0]
4.3	1.0	[1.0	1.0]
4.4	1.0	[1.0	1.0]
4.5	0.9999648	[0.9997711	0.99999815]
4.6	0.9998238	[0.999563	0.99993515]
4.7	0.9988018	[0.9983056	0.9991571]
4.8	0.9964759	[0.99569666	0.99711734]
4.9	0.98949814	[0.98822546	0.9906364]
5.0	0.9743798	[0.97245795	0.9761719]
5.1	0.9457993	[0.94308597	0.9483911]
5.2	0.9055892	[0.90211403	0.908954]
5.3	0.8498027	[0.8455806	0.85392964]
5.4	0.7773823	[0.7724868	0.7822024]
5.5	0.6965041	[0.6911105	0.7018443]
5.6	0.60977584	[0.604068	0.61545396]
5.7	0.52184945	[0.51601714	0.52767587]
5.8	0.4392092	[0.4334257	0.4450092]
5.9	0.3613617	[0.3557737	0.36698738]
6.0	0.29295883	[0.28767413	0.2982998]
6.1	0.23061742	[0.22573546	0.23557259]
6.2	0.16471666	[0.16042882	0.16909565]
6.3	0.1275726	[0.12372384	0.13152264]
6.4	0.09835777	[0.09492961	0.10189521]
6.5	0.07619115	[0.07314399	0.0793537]
6.6	0.06403299	[0.06122585	0.066958874]
6.7	0.052332956	[0.049784645	0.05500329]
6.8	0.043487456	[0.04115839	0.045941025]
6.9	0.034430504	[0.032354135	0.036633965]
7.0	0.027664224	[0.025801886	0.029655615]
7.1	0.023576261	[0.021857344	0.025425447]
7.2	0.01818438	[0.016676767	0.019823914]
7.3	0.012686778	[0.0114322165	0.014075051]
7.4	0.011312377	[0.010129646	0.012629299]
7.5	0.008704539	[0.007671712	0.009872537]
7.6	0.004933747	[0.004166635	0.0058377734]
7.7	0.0013744009	[9.907285E-4	0.0018985162]
7.8	9.162673E-4	[6.1110244E-4	0.0013631892]
7.9	4.933747E-4	[2.8080482E-4	8.50097E-4]
8.0	1.0572315E-4	[2.73044E-5	3.3686068E-4]
8.1	3.524105E-5	[1.8395358E-6	2.2886458E-4]
8.2	0.0	[0.0	1.6876042E-4]
8.3	0.0	[0.0	1.6876042E-4]
8.4	0.0	[0.0	0.0]
8.5	0.0	[0.0	0.0]
8.6	0.0	[0.0	0.0]
8.7	0.0	[0.0	0.0]
8.8	0.0	[0.0	0.0]
8.9	0.0	[0.0	0.0]
9.0	0.0	[0.0	0.0]



DATASET #8

     Name: Supra
   Points: 66
     Info: 

Data[x,y]:
2.5	  0.119009025
2.6	  0.119009025
2.7	  0.119009025
2.8	  0.119009025
2.9	  0.119009025
3.0	  0.119009025
3.1	  0.119009025
3.2	  0.119009025
3.3	  0.119009025
3.4	  0.119009025
3.5	  0.119009025
3.6	  0.119009025
3.7	  0.119009025
3.8	  0.119009025
3.9	  0.119009025
4.0	  0.119009025
4.1	  0.119009025
4.2	  0.119009025
4.3	  0.119009025
4.4	  0.119009025
4.5	  0.119009025
4.6	  0.119009025
4.7	  0.119009025
4.8	  0.119009025
4.9	  0.119009025
5.0	  0.119009025
5.1	  0.119009025
5.2	  0.119009025
5.3	  0.119009025
5.4	  0.119009025
5.5	  0.119009025
5.6	  0.119009025
5.7	  0.119009025
5.8	  0.118973784
5.9	  0.11893854
6.0	  0.11893854
6.1	  0.101000845
6.2	  0.08024387
6.3	  0.067451365
6.4	  0.05850014
6.5	  0.050183255
6.6	  0.045566674
6.7	  0.03904708
6.8	  0.034395263
6.9	  0.028051876
7.0	  0.02354102
7.1	  0.02117987
7.2	  0.01677474
7.3	  0.0122286435
7.4	  0.011065689
7.5	  0.008634057
7.6	  0.004933747
7.7	  0.0013744009
7.8	  9.162673E-4
7.9	  4.933747E-4
8.0	  1.0572315E-4
8.1	  3.524105E-5
8.2	  0.0
8.3	  0.0
8.4	  0.0
8.5	  0.0
8.6	  0.0
8.7	  0.0
8.8	  0.0
8.9	  0.0
9.0	  0.0



DATASET #9

     Name: Primary
   Points: 66
     Info: 

Data[x,y]:
2.5	  833.4855
2.6	  662.0276
2.7	  525.85333
2.8	  417.76608
2.9	  331.7712
3.0	  263.60025
3.1	  209.34532
3.2	  166.29427
3.3	  132.13081
3.4	  104.970535
3.5	  83.40872
3.6	  66.220116
3.7	  52.58666
3.8	  41.728504
3.9	  33.115555
4.0	  26.293135
4.1	  20.87507
4.2	  16.571363
4.3	  13.141845
4.4	  10.42832
4.5	  8.261277
4.6	  6.531294
4.7	  5.1727514
4.8	  4.102199
4.9	  3.2452424
5.0	  2.5629406
5.1	  2.0159993
5.2	  1.5909219
5.3	  1.2457359
5.4	  0.9765295
5.5	  0.762863
5.6	  0.5895475
5.7	  0.4515083
5.8	  0.3465957
5.9	  0.26448408
6.0	  0.20059206
6.1	  0.14822385
6.2	  0.09906259
6.3	  0.073653795
6.4	  0.054271214
6.5	  0.04102058
6.6	  0.034430504
6.7	  0.027699465
6.8	  0.02251903
6.9	  0.01783197
7.0	  0.014307866
7.1	  0.011840993
7.2	  0.008775021
7.3	  0.0060614604
7.4	  0.0055328445
7.5	  0.0039469977
7.6	  0.0023259092
7.7	  6.343389E-4
7.8	  4.933747E-4
7.9	  2.819284E-4
8.0	  7.04821E-5
8.1	  3.524105E-5
8.2	  0.0
8.3	  0.0
8.4	  0.0
8.5	  0.0
8.6	  0.0
8.7	  0.0
8.8	  0.0
8.9	  0.0
9.0	  0.0


