
X-Axis: Magnitude
Y-Axis: 1 Week Cumulative Number
Number of Data Sets: 9


DATASET #1

     Name: Mean
   Points: 66
     Info: 

Data[x,y]:
2.5	  50.080944
2.6	  39.778217
2.7	  31.594446
2.8	  25.083757
2.9	  19.920444
3.0	  15.841853
3.1	  12.599571
3.2	  10.014702
3.3	  7.953207
3.4	  6.327593
3.5	  5.0244045
3.6	  3.9914732
3.7	  3.161087
3.8	  2.5107741
3.9	  1.9955475
4.0	  1.58508
4.1	  1.254715
4.2	  0.99390936
4.3	  0.78934765
4.4	  0.6263284
4.5	  0.49745873
4.6	  0.39395976
4.7	  0.31436133
4.8	  0.2500105
4.9	  0.19830301
5.0	  0.15613055
5.1	  0.12303104
5.2	  0.09782837
5.3	  0.0773722
5.4	  0.060150377
5.5	  0.04754904
5.6	  0.036543872
5.7	  0.028100979
5.8	  0.02188432
5.9	  0.01688579
6.0	  0.013231402
6.1	  0.00999706
6.2	  0.006846726
6.3	  0.00499853
6.4	  0.0038644096
6.5	  0.002688285
6.6	  0.0023522493
6.7	  0.001764187
6.8	  0.0014701558
6.9	  0.0010081069
7.0	  8.4008905E-4
7.1	  6.300668E-4
7.2	  3.7804007E-4
7.3	  2.5202672E-4
7.4	  2.5202672E-4
7.5	  2.5202672E-4
7.6	  2.5202672E-4
7.7	  4.2004453E-5
7.8	  4.2004453E-5
7.9	  0.0
8.0	  0.0
8.1	  0.0
8.2	  0.0
8.3	  0.0
8.4	  0.0
8.5	  0.0
8.6	  0.0
8.7	  0.0
8.8	  0.0
8.9	  0.0
9.0	  0.0



DATASET #2

     Name: 2.5%,97.5%
   Points: 66
     Info: 

Data[x,y]:
2.5	  26.0
2.6	  19.0
2.7	  14.0
2.8	  11.0
2.9	  8.0
3.0	  5.0
3.1	  4.0
3.2	  3.0
3.3	  2.0
3.4	  1.0
3.5	  0.0
3.6	  0.0
3.7	  0.0
3.8	  0.0
3.9	  0.0
4.0	  0.0
4.1	  0.0
4.2	  0.0
4.3	  0.0
4.4	  0.0
4.5	  0.0
4.6	  0.0
4.7	  0.0
4.8	  0.0
4.9	  0.0
5.0	  0.0
5.1	  0.0
5.2	  0.0
5.3	  0.0
5.4	  0.0
5.5	  0.0
5.6	  0.0
5.7	  0.0
5.8	  0.0
5.9	  0.0
6.0	  0.0
6.1	  0.0
6.2	  0.0
6.3	  0.0
6.4	  0.0
6.5	  0.0
6.6	  0.0
6.7	  0.0
6.8	  0.0
6.9	  0.0
7.0	  0.0
7.1	  0.0
7.2	  0.0
7.3	  0.0
7.4	  0.0
7.5	  0.0
7.6	  0.0
7.7	  0.0
7.8	  0.0
7.9	  0.0
8.0	  0.0
8.1	  0.0
8.2	  0.0
8.3	  0.0
8.4	  0.0
8.5	  0.0
8.6	  0.0
8.7	  0.0
8.8	  0.0
8.9	  0.0
9.0	  0.0



DATASET #3

     Name: null
   Points: 66
     Info: 

Data[x,y]:
2.5	  106.0
2.6	  85.0
2.7	  68.0
2.8	  55.0
2.9	  44.0
3.0	  36.0
3.1	  29.0
3.2	  23.0
3.3	  19.0
3.4	  16.0
3.5	  13.0
3.6	  11.0
3.7	  9.0
3.8	  8.0
3.9	  7.0
4.0	  6.0
4.1	  5.0
4.2	  4.0
4.3	  4.0
4.4	  3.0
4.5	  3.0
4.6	  2.0
4.7	  2.0
4.8	  2.0
4.9	  2.0
5.0	  1.0
5.1	  1.0
5.2	  1.0
5.3	  1.0
5.4	  1.0
5.5	  1.0
5.6	  1.0
5.7	  0.0
5.8	  0.0
5.9	  0.0
6.0	  0.0
6.1	  0.0
6.2	  0.0
6.3	  0.0
6.4	  0.0
6.5	  0.0
6.6	  0.0
6.7	  0.0
6.8	  0.0
6.9	  0.0
7.0	  0.0
7.1	  0.0
7.2	  0.0
7.3	  0.0
7.4	  0.0
7.5	  0.0
7.6	  0.0
7.7	  0.0
7.8	  0.0
7.9	  0.0
8.0	  0.0
8.1	  0.0
8.2	  0.0
8.3	  0.0
8.4	  0.0
8.5	  0.0
8.6	  0.0
8.7	  0.0
8.8	  0.0
8.9	  0.0
9.0	  0.0



DATASET #4

     Name: Median
   Points: 66
     Info: 

Data[x,y]:
2.5	  41.0
2.6	  33.0
2.7	  26.0
2.8	  21.0
2.9	  16.0
3.0	  13.0
3.1	  10.0
3.2	  8.0
3.3	  6.0
3.4	  5.0
3.5	  4.0
3.6	  3.0
3.7	  2.0
3.8	  2.0
3.9	  1.0
4.0	  1.0
4.1	  1.0
4.2	  1.0
4.3	  0.0
4.4	  0.0
4.5	  0.0
4.6	  0.0
4.7	  0.0
4.8	  0.0
4.9	  0.0
5.0	  0.0
5.1	  0.0
5.2	  0.0
5.3	  0.0
5.4	  0.0
5.5	  0.0
5.6	  0.0
5.7	  0.0
5.8	  0.0
5.9	  0.0
6.0	  0.0
6.1	  0.0
6.2	  0.0
6.3	  0.0
6.4	  0.0
6.5	  0.0
6.6	  0.0
6.7	  0.0
6.8	  0.0
6.9	  0.0
7.0	  0.0
7.1	  0.0
7.2	  0.0
7.3	  0.0
7.4	  0.0
7.5	  0.0
7.6	  0.0
7.7	  0.0
7.8	  0.0
7.9	  0.0
8.0	  0.0
8.1	  0.0
8.2	  0.0
8.3	  0.0
8.4	  0.0
8.5	  0.0
8.6	  0.0
8.7	  0.0
8.8	  0.0
8.9	  0.0
9.0	  0.0



DATASET #5

     Name: Mode
   Points: 66
     Info: 

Data[x,y]:
2.5	  39.0
2.6	  30.0
2.7	  24.0
2.8	  19.0
2.9	  14.0
3.0	  12.0
3.1	  9.0
3.2	  7.0
3.3	  5.0
3.4	  4.0
3.5	  3.0
3.6	  2.0
3.7	  2.0
3.8	  1.0
3.9	  1.0
4.0	  1.0
4.1	  0.0
4.2	  0.0
4.3	  0.0
4.4	  0.0
4.5	  0.0
4.6	  0.0
4.7	  0.0
4.8	  0.0
4.9	  0.0
5.0	  0.0
5.1	  0.0
5.2	  0.0
5.3	  0.0
5.4	  0.0
5.5	  0.0
5.6	  0.0
5.7	  0.0
5.8	  0.0
5.9	  0.0
6.0	  0.0
6.1	  0.0
6.2	  0.0
6.3	  0.0
6.4	  0.0
6.5	  0.0
6.6	  0.0
6.7	  0.0
6.8	  0.0
6.9	  0.0
7.0	  0.0
7.1	  0.0
7.2	  0.0
7.3	  0.0
7.4	  0.0
7.5	  0.0
7.6	  0.0
7.7	  0.0
7.8	  0.0
7.9	  0.0
8.0	  0.0
8.1	  0.0
8.2	  0.0
8.3	  0.0
8.4	  0.0
8.5	  0.0
8.6	  0.0
8.7	  0.0
8.8	  0.0
8.9	  0.0
9.0	  0.0



DATASET #6

     Name: 1 wk Prob
   Points: 66
     Info: 

Data[x,y]:
2.5	  1.0
2.6	  1.0
2.7	  1.0
2.8	  1.0
2.9	  1.0
3.0	  0.999916
3.1	  0.999706
3.2	  0.99915993
3.3	  0.9961776
3.4	  0.9876087
3.5	  0.97139496
3.6	  0.94283193
3.7	  0.89872724
3.8	  0.8406351
3.9	  0.77368003
4.0	  0.6962658
4.1	  0.613055
4.2	  0.5325745
4.3	  0.45583233
4.4	  0.38543287
4.5	  0.3216701
4.6	  0.26588818
4.7	  0.22048137
4.8	  0.1811232
4.9	  0.14869577
5.0	  0.11925064
5.1	  0.09614819
5.2	  0.077876255
5.3	  0.06292267
5.4	  0.049481247
5.5	  0.039778218
5.6	  0.03066325
5.7	  0.024068551
5.8	  0.018944008
5.9	  0.014869576
6.0	  0.011677238
6.1	  0.009114966
6.2	  0.0063006678
6.3	  0.004578485
6.4	  0.0035703785
6.5	  0.0025622717
6.6	  0.0022682403
6.7	  0.0016801781
6.8	  0.0014281514
6.9	  0.0010081069
7.0	  8.4008905E-4
7.1	  6.300668E-4
7.2	  3.7804007E-4
7.3	  2.5202672E-4
7.4	  2.5202672E-4
7.5	  2.5202672E-4
7.6	  2.5202672E-4
7.7	  4.2004453E-5
7.8	  4.2004453E-5
7.9	  0.0
8.0	  0.0
8.1	  0.0
8.2	  0.0
8.3	  0.0
8.4	  0.0
8.5	  0.0
8.6	  0.0
8.7	  0.0
8.8	  0.0
8.9	  0.0
9.0	  0.0



DATASET #7

Name: 95% Conf
Num Points: 66
Info: 

X, Y Data:
2.5	1.0	[1.0	1.0]
2.6	1.0	[1.0	1.0]
2.7	1.0	[1.0	1.0]
2.8	1.0	[1.0	1.0]
2.9	1.0	[1.0	1.0]
3.0	0.999916	[0.9996612	0.99998546]
3.1	0.999706	[0.999365	0.99987113]
3.2	0.99915993	[0.9986772	0.99947256]
3.3	0.9961776	[0.9952865	0.99690425]
3.4	0.9876087	[0.9861005	0.98895717]
3.5	0.97139496	[0.9691785	0.9734579]
3.6	0.94283193	[0.9397892	0.94573075]
3.7	0.89872724	[0.894809	0.9025161]
3.8	0.8406351	[0.8359095	0.8452503]
3.9	0.77368003	[0.7682994	0.77897197]
4.0	0.6962658	[0.69037175	0.70209634]
4.1	0.613055	[0.60682917	0.61924416]
4.2	0.5325745	[0.5262107	0.5389276]
4.3	0.45583233	[0.44949234	0.4621866]
4.4	0.38543287	[0.37924838	0.3916544]
4.5	0.3216701	[0.31574464	0.32765332]
4.6	0.26588818	[0.26029322	0.271559]
4.7	0.22048137	[0.21523961	0.22581369]
4.8	0.1811232	[0.17626184	0.18608789]
4.9	0.14869577	[0.14421216	0.15329325]
5.0	0.11925064	[0.11517445	0.12345032]
5.1	0.09614819	[0.0924477	0.09997973]
5.2	0.077876255	[0.074519284	0.08137027]
5.3	0.06292267	[0.05988754	0.06609979]
5.4	0.049481247	[0.04677786	0.052331112]
5.5	0.039778218	[0.037348557	0.042357635]
5.6	0.03066325	[0.028527537	0.032951858]
5.7	0.024068551	[0.022176933	0.026115397]
5.8	0.018944008	[0.017268209	0.020776914]
5.9	0.014869576	[0.013388602	0.016509226]
6.0	0.011677238	[0.010369416	0.01314505]
6.1	0.009114966	[0.007964806	0.010426274]
6.2	0.0063006678	[0.0053527765	0.0074111824]
6.3	0.004578485	[0.0037781529	0.005542577]
6.4	0.0035703785	[0.0028698458	0.0044355127]
6.5	0.0025622717	[0.0019770104	0.003313253]
6.6	0.0022682403	[0.00172075	0.00298187]
6.7	0.0016801781	[0.0012164054	0.0023111615]
6.8	0.0014281514	[0.0010047057	0.0020194205]
6.9	0.0010081069	[6.6069636E-4	0.0015247562]
7.0	8.4008905E-4	[5.2743027E-4	0.001322794]
7.1	6.300668E-4	[3.660659E-4	0.0010654961]
7.2	3.7804007E-4	[1.8450609E-4	7.4582786E-4]
7.3	2.5202672E-4	[1.0245315E-4	5.784615E-4]
7.4	2.5202672E-4	[1.0245315E-4	5.784615E-4]
7.5	2.5202672E-4	[1.0245315E-4	5.784615E-4]
7.6	2.5202672E-4	[1.0245315E-4	5.784615E-4]
7.7	4.2004453E-5	[2.192577E-6	2.727804E-4]
7.8	4.2004453E-5	[2.192577E-6	2.727804E-4]
7.9	0.0	[0.0	2.0114337E-4]
8.0	0.0	[0.0	2.0114337E-4]
8.1	0.0	[0.0	2.0114337E-4]
8.2	0.0	[0.0	2.0114337E-4]
8.3	0.0	[0.0	2.0114337E-4]
8.4	0.0	[0.0	0.0]
8.5	0.0	[0.0	0.0]
8.6	0.0	[0.0	0.0]
8.7	0.0	[0.0	0.0]
8.8	0.0	[0.0	0.0]
8.9	0.0	[0.0	0.0]
9.0	0.0	[0.0	0.0]



DATASET #8

     Name: Supra
   Points: 66
     Info: 

Data[x,y]:
2.5	  0.0037383963
2.6	  0.0037383963
2.7	  0.0037383963
2.8	  0.0037383963
2.9	  0.0037383963
3.0	  0.0037383963
3.1	  0.0037383963
3.2	  0.0037383963
3.3	  0.0037383963
3.4	  0.0037383963
3.5	  0.0037383963
3.6	  0.0037383963
3.7	  0.0037383963
3.8	  0.0037383963
3.9	  0.0037383963
4.0	  0.0037383963
4.1	  0.0037383963
4.2	  0.0037383963
4.3	  0.0037383963
4.4	  0.0037383963
4.5	  0.0037383963
4.6	  0.0037383963
4.7	  0.0037383963
4.8	  0.0037383963
4.9	  0.0037383963
5.0	  0.0037383963
5.1	  0.0037383963
5.2	  0.0037383963
5.3	  0.0037383963
5.4	  0.0037383963
5.5	  0.0037383963
5.6	  0.0037383963
5.7	  0.0037383963
5.8	  0.0037383963
5.9	  0.0037383963
6.0	  0.0037383963
6.1	  0.0032763472
6.2	  0.0027302895
6.3	  0.0021842315
6.4	  0.0021002225
6.5	  0.001764187
6.6	  0.0016381736
6.7	  0.0013441425
6.8	  0.0011761247
6.9	  8.820935E-4
7.0	  7.980846E-4
7.1	  6.300668E-4
7.2	  3.7804007E-4
7.3	  2.5202672E-4
7.4	  2.5202672E-4
7.5	  2.5202672E-4
7.6	  2.5202672E-4
7.7	  4.2004453E-5
7.8	  4.2004453E-5
7.9	  0.0
8.0	  0.0
8.1	  0.0
8.2	  0.0
8.3	  0.0
8.4	  0.0
8.5	  0.0
8.6	  0.0
8.7	  0.0
8.8	  0.0
8.9	  0.0
9.0	  0.0



DATASET #9

     Name: Primary
   Points: 66
     Info: 

Data[x,y]:
2.5	  33.43924
2.6	  26.560213
2.7	  21.10875
2.8	  16.762003
2.9	  13.321586
3.0	  10.593187
3.1	  8.4194565
3.2	  6.6859746
3.3	  5.309405
3.4	  4.220187
3.5	  3.349813
3.6	  2.6584198
3.7	  2.1062713
3.8	  1.6743815
3.9	  1.3304911
4.0	  1.0605284
4.1	  0.83887094
4.2	  0.6661906
4.3	  0.5312723
4.4	  0.42227077
4.5	  0.33343133
4.6	  0.26420802
4.7	  0.2122065
4.8	  0.16894192
4.9	  0.13504432
5.0	  0.10606124
5.1	  0.08337884
5.2	  0.06611501
5.3	  0.052505564
5.4	  0.041164365
5.5	  0.032511447
5.6	  0.025034653
5.7	  0.019490065
5.8	  0.015079599
5.9	  0.011593229
6.0	  0.009114966
6.1	  0.0070147435
6.2	  0.0048725163
6.3	  0.0034023607
6.4	  0.0026462805
6.5	  0.0018061914
6.6	  0.0015121603
6.7	  0.0011761247
6.8	  9.661024E-4
6.9	  6.7207124E-4
7.0	  5.460579E-4
7.1	  3.7804007E-4
7.2	  1.6801781E-4
7.3	  4.2004453E-5
7.4	  4.2004453E-5
7.5	  4.2004453E-5
7.6	  4.2004453E-5
7.7	  4.2004453E-5
7.8	  4.2004453E-5
7.9	  0.0
8.0	  0.0
8.1	  0.0
8.2	  0.0
8.3	  0.0
8.4	  0.0
8.5	  0.0
8.6	  0.0
8.7	  0.0
8.8	  0.0
8.9	  0.0
9.0	  0.0


