
X-Axis: Magnitude
Y-Axis: 1 Year Cumulative Number
Number of Data Sets: 9


DATASET #1

     Name: Mean
   Points: 66
     Info: 

Data[x,y]:
2.5	  876.0993
2.6	  695.85925
2.7	  552.75433
2.8	  439.04117
2.9	  348.73242
3.0	  277.05652
3.1	  220.02689
3.2	  174.7793
3.3	  138.83743
3.4	  110.33752
3.5	  87.661255
3.6	  69.58334
3.7	  55.276764
3.8	  43.86376
3.9	  34.772236
4.0	  27.614635
4.1	  21.914787
4.2	  17.40494
4.3	  13.820402
4.4	  10.962953
4.5	  8.682576
4.6	  6.866582
4.7	  5.4443693
4.8	  4.3172255
4.9	  3.4093869
5.0	  2.6875794
5.1	  2.1134052
5.2	  1.6707433
5.3	  1.3091248
5.4	  1.0231099
5.5	  0.79796696
5.6	  0.61809087
5.7	  0.4758974
5.8	  0.36312738
5.9	  0.27588946
6.0	  0.21088786
6.1	  0.15390724
6.2	  0.102843076
6.3	  0.07727128
6.4	  0.059402794
6.5	  0.04502859
6.6	  0.036253177
6.7	  0.02910578
6.8	  0.023705527
6.9	  0.018583227
7.0	  0.0151286535
7.1	  0.012428526
7.2	  0.009212199
7.3	  0.006075286
7.4	  0.005559085
7.5	  0.0044075605
7.6	  0.0028192503
7.7	  7.94155E-4
7.8	  5.956163E-4
7.9	  3.970775E-4
8.0	  1.1912325E-4
8.1	  3.970775E-5
8.2	  0.0
8.3	  0.0
8.4	  0.0
8.5	  0.0
8.6	  0.0
8.7	  0.0
8.8	  0.0
8.9	  0.0
9.0	  0.0



DATASET #2

     Name: 2.5%,97.5%
   Points: 66
     Info: 

Data[x,y]:
2.5	  552.0
2.6	  436.0
2.7	  343.0
2.8	  270.0
2.9	  211.0
3.0	  166.0
3.1	  129.0
3.2	  100.0
3.3	  78.0
3.4	  60.0
3.5	  46.0
3.6	  35.0
3.7	  27.0
3.8	  20.0
3.9	  15.0
4.0	  11.0
4.1	  8.0
4.2	  6.0
4.3	  4.0
4.4	  3.0
4.5	  2.0
4.6	  1.0
4.7	  0.0
4.8	  0.0
4.9	  0.0
5.0	  0.0
5.1	  0.0
5.2	  0.0
5.3	  0.0
5.4	  0.0
5.5	  0.0
5.6	  0.0
5.7	  0.0
5.8	  0.0
5.9	  0.0
6.0	  0.0
6.1	  0.0
6.2	  0.0
6.3	  0.0
6.4	  0.0
6.5	  0.0
6.6	  0.0
6.7	  0.0
6.8	  0.0
6.9	  0.0
7.0	  0.0
7.1	  0.0
7.2	  0.0
7.3	  0.0
7.4	  0.0
7.5	  0.0
7.6	  0.0
7.7	  0.0
7.8	  0.0
7.9	  0.0
8.0	  0.0
8.1	  0.0
8.2	  0.0
8.3	  0.0
8.4	  0.0
8.5	  0.0
8.6	  0.0
8.7	  0.0
8.8	  0.0
8.9	  0.0
9.0	  0.0



DATASET #3

     Name: null
   Points: 66
     Info: 

Data[x,y]:
2.5	  2146.0
2.6	  1710.0
2.7	  1358.0
2.8	  1074.0
2.9	  856.0
3.0	  678.0
3.1	  539.0
3.2	  430.0
3.3	  340.0
3.4	  274.0
3.5	  217.0
3.6	  171.0
3.7	  137.0
3.8	  110.0
3.9	  88.0
4.0	  70.0
4.1	  56.0
4.2	  45.0
4.3	  37.0
4.4	  30.0
4.5	  24.0
4.6	  20.0
4.7	  16.0
4.8	  13.0
4.9	  11.0
5.0	  9.0
5.1	  8.0
5.2	  6.0
5.3	  5.0
5.4	  5.0
5.5	  4.0
5.6	  3.0
5.7	  3.0
5.8	  2.0
5.9	  2.0
6.0	  2.0
6.1	  1.0
6.2	  1.0
6.3	  1.0
6.4	  1.0
6.5	  1.0
6.6	  1.0
6.7	  1.0
6.8	  0.0
6.9	  0.0
7.0	  0.0
7.1	  0.0
7.2	  0.0
7.3	  0.0
7.4	  0.0
7.5	  0.0
7.6	  0.0
7.7	  0.0
7.8	  0.0
7.9	  0.0
8.0	  0.0
8.1	  0.0
8.2	  0.0
8.3	  0.0
8.4	  0.0
8.5	  0.0
8.6	  0.0
8.7	  0.0
8.8	  0.0
8.9	  0.0
9.0	  0.0



DATASET #4

     Name: Median
   Points: 66
     Info: 

Data[x,y]:
2.5	  698.0
2.6	  555.0
2.7	  441.0
2.8	  351.0
2.9	  279.0
3.0	  222.0
3.1	  177.0
3.2	  141.0
3.3	  112.0
3.4	  89.0
3.5	  71.0
3.6	  56.0
3.7	  45.0
3.8	  36.0
3.9	  28.0
4.0	  22.0
4.1	  18.0
4.2	  14.0
4.3	  11.0
4.4	  9.0
4.5	  7.0
4.6	  5.0
4.7	  4.0
4.8	  3.0
4.9	  3.0
5.0	  2.0
5.1	  1.0
5.2	  1.0
5.3	  1.0
5.4	  1.0
5.5	  0.0
5.6	  0.0
5.7	  0.0
5.8	  0.0
5.9	  0.0
6.0	  0.0
6.1	  0.0
6.2	  0.0
6.3	  0.0
6.4	  0.0
6.5	  0.0
6.6	  0.0
6.7	  0.0
6.8	  0.0
6.9	  0.0
7.0	  0.0
7.1	  0.0
7.2	  0.0
7.3	  0.0
7.4	  0.0
7.5	  0.0
7.6	  0.0
7.7	  0.0
7.8	  0.0
7.9	  0.0
8.0	  0.0
8.1	  0.0
8.2	  0.0
8.3	  0.0
8.4	  0.0
8.5	  0.0
8.6	  0.0
8.7	  0.0
8.8	  0.0
8.9	  0.0
9.0	  0.0



DATASET #5

     Name: Mode
   Points: 66
     Info: 

Data[x,y]:
2.5	  632.0
2.6	  505.0
2.7	  392.0
2.8	  327.0
2.9	  260.0
3.0	  202.0
3.1	  159.0
3.2	  129.0
3.3	  103.0
3.4	  83.0
3.5	  64.0
3.6	  49.0
3.7	  42.0
3.8	  32.0
3.9	  25.0
4.0	  20.0
4.1	  17.0
4.2	  13.0
4.3	  9.0
4.4	  8.0
4.5	  6.0
4.6	  4.0
4.7	  3.0
4.8	  2.0
4.9	  2.0
5.0	  1.0
5.1	  1.0
5.2	  0.0
5.3	  0.0
5.4	  0.0
5.5	  0.0
5.6	  0.0
5.7	  0.0
5.8	  0.0
5.9	  0.0
6.0	  0.0
6.1	  0.0
6.2	  0.0
6.3	  0.0
6.4	  0.0
6.5	  0.0
6.6	  0.0
6.7	  0.0
6.8	  0.0
6.9	  0.0
7.0	  0.0
7.1	  0.0
7.2	  0.0
7.3	  0.0
7.4	  0.0
7.5	  0.0
7.6	  0.0
7.7	  0.0
7.8	  0.0
7.9	  0.0
8.0	  0.0
8.1	  0.0
8.2	  0.0
8.3	  0.0
8.4	  0.0
8.5	  0.0
8.6	  0.0
8.7	  0.0
8.8	  0.0
8.9	  0.0
9.0	  0.0



DATASET #6

     Name: 1 yr Prob
   Points: 66
     Info: 

Data[x,y]:
2.5	  1.0
2.6	  1.0
2.7	  1.0
2.8	  1.0
2.9	  1.0
3.0	  1.0
3.1	  1.0
3.2	  1.0
3.3	  1.0
3.4	  1.0
3.5	  1.0
3.6	  1.0
3.7	  1.0
3.8	  1.0
3.9	  1.0
4.0	  1.0
4.1	  1.0
4.2	  0.9999603
4.3	  0.99976176
4.4	  0.99872935
4.5	  0.9959498
4.6	  0.9893583
4.7	  0.9729193
4.8	  0.9466725
4.9	  0.9041455
5.0	  0.8462516
5.1	  0.7731099
5.2	  0.6985388
5.3	  0.613723
5.4	  0.52954257
5.5	  0.45000795
5.6	  0.3764692
5.7	  0.3088866
5.8	  0.24904701
5.9	  0.1998094
6.0	  0.15748094
6.1	  0.120274775
6.2	  0.08509371
6.3	  0.06520013
6.4	  0.050111182
6.5	  0.038556226
6.6	  0.032163277
6.7	  0.026246823
6.8	  0.022037802
6.9	  0.017908195
7.0	  0.014691868
7.1	  0.012150572
7.2	  0.009013659
7.3	  0.0059561627
7.4	  0.0054796697
7.5	  0.0043678526
7.6	  0.0028192503
7.7	  7.94155E-4
7.8	  5.956163E-4
7.9	  3.970775E-4
8.0	  1.1912325E-4
8.1	  3.970775E-5
8.2	  0.0
8.3	  0.0
8.4	  0.0
8.5	  0.0
8.6	  0.0
8.7	  0.0
8.8	  0.0
8.9	  0.0
9.0	  0.0



DATASET #7

Name: 95% Conf
Num Points: 66
Info: 

X, Y Data:
2.5	1.0	[1.0	1.0]
2.6	1.0	[1.0	1.0]
2.7	1.0	[1.0	1.0]
2.8	1.0	[1.0	1.0]
2.9	1.0	[1.0	1.0]
3.0	1.0	[1.0	1.0]
3.1	1.0	[1.0	1.0]
3.2	1.0	[1.0	1.0]
3.3	1.0	[1.0	1.0]
3.4	1.0	[1.0	1.0]
3.5	1.0	[1.0	1.0]
3.6	1.0	[1.0	1.0]
3.7	1.0	[1.0	1.0]
3.8	1.0	[1.0	1.0]
3.9	1.0	[1.0	1.0]
4.0	1.0	[1.0	1.0]
4.1	1.0	[1.0	1.0]
4.2	0.9999603	[0.99974215	0.9999979]
4.3	0.99976176	[0.9994532	0.99990314]
4.4	0.99872935	[0.9981836	0.99911624]
4.5	0.9959498	[0.99506444	0.99668014]
4.6	0.9893583	[0.9879933	0.99057174]
4.7	0.9729193	[0.9708207	0.97487223]
4.8	0.9466725	[0.9438084	0.9493994]
4.9	0.9041455	[0.90042746	0.9077396]
5.0	0.8462516	[0.8417237	0.8506734]
5.1	0.7731099	[0.76787573	0.77826047]
5.2	0.6985388	[0.6928212	0.70419556]
5.3	0.613723	[0.60767263	0.6197385]
5.4	0.52954257	[0.52335405	0.535722]
5.5	0.45000795	[0.44385177	0.4561794]
5.6	0.3764692	[0.3704847	0.38249147]
5.7	0.3088866	[0.30318987	0.3146418]
5.8	0.24904701	[0.24372463	0.25444624]
5.9	0.1998094	[0.19489715	0.2048136]
6.0	0.15748094	[0.1530148	0.16205204]
6.1	0.120274775	[0.11629553	0.124370426]
6.2	0.08509371	[0.081691064	0.08862365]
6.3	0.06520013	[0.062197395	0.06833635]
6.4	0.050111182	[0.047465164	0.05289544]
6.5	0.038556226	[0.03622853	0.041025855]
6.6	0.032163277	[0.03003534	0.034435224]
6.7	0.026246823	[0.024324287	0.028315324]
6.8	0.022037802	[0.020277148	0.023945846]
6.9	0.017908195	[0.016323308	0.01964192]
7.0	0.014691868	[0.013259296	0.016274452]
7.1	0.012150572	[0.010851152	0.013600983]
7.2	0.009013659	[0.007900366	0.010279263]
7.3	0.0059561627	[0.005059981	0.0070061837]
7.4	0.0054796697	[0.0046220813	0.006491378]
7.5	0.0043678526	[0.003607519	0.0052830414]
7.6	0.0028192503	[0.0022183314	0.0035763944]
7.7	7.94155E-4	[4.9858855E-4	0.0012504859]
7.8	5.956163E-4	[3.460486E-4	0.0010072516]
7.9	3.970775E-4	[2.0179371E-4	7.5650634E-4]
8.0	1.1912325E-4	[3.076521E-5	3.7954928E-4]
8.1	3.970775E-5	[2.072692E-6	2.5786782E-4]
8.2	0.0	[0.0	1.9014704E-4]
8.3	0.0	[0.0	1.9014704E-4]
8.4	0.0	[0.0	0.0]
8.5	0.0	[0.0	0.0]
8.6	0.0	[0.0	0.0]
8.7	0.0	[0.0	0.0]
8.8	0.0	[0.0	0.0]
8.9	0.0	[0.0	0.0]
9.0	0.0	[0.0	0.0]



DATASET #8

     Name: Supra
   Points: 66
     Info: 

Data[x,y]:
2.5	  0.058846887
2.6	  0.058846887
2.7	  0.058846887
2.8	  0.058846887
2.9	  0.058846887
3.0	  0.058846887
3.1	  0.058846887
3.2	  0.058846887
3.3	  0.058846887
3.4	  0.058846887
3.5	  0.058846887
3.6	  0.058846887
3.7	  0.058846887
3.8	  0.058846887
3.9	  0.058846887
4.0	  0.058846887
4.1	  0.058846887
4.2	  0.058846887
4.3	  0.058846887
4.4	  0.058846887
4.5	  0.058846887
4.6	  0.058846887
4.7	  0.058846887
4.8	  0.058846887
4.9	  0.058846887
5.0	  0.058846887
5.1	  0.058846887
5.2	  0.058846887
5.3	  0.058846887
5.4	  0.058846887
5.5	  0.058846887
5.6	  0.058846887
5.7	  0.058846887
5.8	  0.05880718
5.9	  0.05876747
6.0	  0.05876747
6.1	  0.050190598
6.2	  0.039985705
6.3	  0.03391042
6.4	  0.029344028
6.5	  0.024976175
6.6	  0.022673126
6.7	  0.019456798
6.8	  0.017272871
6.9	  0.014374206
7.0	  0.012468234
7.1	  0.011078463
7.2	  0.008537167
7.3	  0.005876747
7.4	  0.0054796697
7.5	  0.0043678526
7.6	  0.0028192503
7.7	  7.94155E-4
7.8	  5.956163E-4
7.9	  3.970775E-4
8.0	  1.1912325E-4
8.1	  3.970775E-5
8.2	  0.0
8.3	  0.0
8.4	  0.0
8.5	  0.0
8.6	  0.0
8.7	  0.0
8.8	  0.0
8.9	  0.0
9.0	  0.0



DATASET #9

     Name: Primary
   Points: 66
     Info: 

Data[x,y]:
2.5	  447.156
2.6	  355.14847
2.7	  282.02667
2.8	  224.04515
2.9	  177.92218
3.0	  141.35527
3.1	  112.26668
3.2	  89.1661
3.3	  70.85551
3.4	  56.30563
3.5	  44.742455
3.6	  35.525097
3.7	  28.233282
3.8	  22.39938
3.9	  17.761873
4.0	  14.107052
4.1	  11.192662
4.2	  8.890407
4.3	  7.061666
4.4	  5.6014137
4.5	  4.4378176
4.6	  3.5082195
4.7	  2.786412
4.8	  2.2106497
4.9	  1.7477367
5.0	  1.3783355
5.1	  1.0825127
5.2	  0.85641676
5.3	  0.6694727
5.4	  0.52263343
5.5	  0.4097443
5.6	  0.31774142
5.7	  0.2443615
5.8	  0.18674555
5.9	  0.14330527
6.0	  0.10875953
6.1	  0.079931706
6.2	  0.0532878
6.3	  0.039588626
6.4	  0.029542567
6.5	  0.022474587
6.6	  0.018742058
6.7	  0.0153669
6.8	  0.012905019
6.9	  0.010562262
7.0	  0.008576875
7.1	  0.006988564
7.2	  0.0051223
7.3	  0.0034148665
7.4	  0.0032560355
7.5	  0.002541296
7.6	  0.0016677255
7.7	  5.5590854E-4
7.8	  4.3678525E-4
7.9	  2.7795427E-4
8.0	  7.94155E-5
8.1	  3.970775E-5
8.2	  0.0
8.3	  0.0
8.4	  0.0
8.5	  0.0
8.6	  0.0
8.7	  0.0
8.8	  0.0
8.9	  0.0
9.0	  0.0


