
X-Axis: Magnitude
Y-Axis: 1 Year Cumulative Number
Number of Data Sets: 9


DATASET #1

     Name: Mean
   Points: 66
     Info: 

Data[x,y]:
2.5	  4950.463
2.6	  3932.2634
2.7	  3123.5715
2.8	  2481.1768
2.9	  1970.8353
3.0	  1565.37
3.1	  1243.299
3.2	  987.4551
3.3	  784.2309
3.4	  622.80304
3.5	  494.63437
3.6	  392.81302
3.7	  311.88684
3.8	  247.67638
3.9	  196.66476
4.0	  156.1244
4.1	  123.89899
4.2	  98.35867
4.3	  78.03641
4.4	  61.89079
4.5	  49.07548
4.6	  38.88228
4.7	  30.78047
4.8	  24.34901
4.9	  19.24597
5.0	  15.20206
5.1	  11.98352
5.2	  9.42458
5.3	  7.39634
5.4	  5.7849
5.5	  4.50497
5.6	  3.48729
5.7	  2.6768
5.8	  2.03047
5.9	  1.52664
6.0	  1.16449
6.1	  0.84479
6.2	  0.55192
6.3	  0.41574
6.4	  0.31194
6.5	  0.24092
6.6	  0.20039
6.7	  0.16302
6.8	  0.13371
6.9	  0.10495
7.0	  0.08027
7.1	  0.06669
7.2	  0.05031
7.3	  0.03506
7.4	  0.03093
7.5	  0.02417
7.6	  0.01261
7.7	  0.00404
7.8	  0.00245
7.9	  0.00149
8.0	  4.7E-4
8.1	  5.0E-5
8.2	  0.0
8.3	  0.0
8.4	  0.0
8.5	  0.0
8.6	  0.0
8.7	  0.0
8.8	  0.0
8.9	  0.0
9.0	  0.0



DATASET #2

     Name: 2.5%,97.5%
   Points: 66
     Info: 

Data[x,y]:
2.5	  4158.0
2.6	  3294.0
2.7	  2611.0
2.8	  2067.0
2.9	  1636.0
3.0	  1294.0
3.1	  1022.0
3.2	  808.0
3.3	  636.0
3.4	  501.0
3.5	  394.0
3.6	  310.0
3.7	  243.0
3.8	  190.0
3.9	  148.0
4.0	  115.0
4.1	  89.0
4.2	  69.0
4.3	  53.0
4.4	  40.0
4.5	  31.0
4.6	  23.0
4.7	  17.0
4.8	  13.0
4.9	  9.0
5.0	  7.0
5.1	  5.0
5.2	  3.0
5.3	  2.0
5.4	  1.0
5.5	  1.0
5.6	  0.0
5.7	  0.0
5.8	  0.0
5.9	  0.0
6.0	  0.0
6.1	  0.0
6.2	  0.0
6.3	  0.0
6.4	  0.0
6.5	  0.0
6.6	  0.0
6.7	  0.0
6.8	  0.0
6.9	  0.0
7.0	  0.0
7.1	  0.0
7.2	  0.0
7.3	  0.0
7.4	  0.0
7.5	  0.0
7.6	  0.0
7.7	  0.0
7.8	  0.0
7.9	  0.0
8.0	  0.0
8.1	  0.0
8.2	  0.0
8.3	  0.0
8.4	  0.0
8.5	  0.0
8.6	  0.0
8.7	  0.0
8.8	  0.0
8.9	  0.0
9.0	  0.0



DATASET #3

     Name: null
   Points: 66
     Info: 

Data[x,y]:
2.5	  8895.0
2.6	  7063.0
2.7	  5611.0
2.8	  4459.0
2.9	  3540.0
3.0	  2813.0
3.1	  2232.0
3.2	  1772.0
3.3	  1406.0
3.4	  1116.0
3.5	  885.0
3.6	  704.0
3.7	  558.0
3.8	  443.0
3.9	  352.0
4.0	  278.0
4.1	  221.0
4.2	  176.0
4.3	  140.0
4.4	  111.0
4.5	  89.0
4.6	  71.0
4.7	  56.0
4.8	  45.0
4.9	  36.0
5.0	  29.0
5.1	  24.0
5.2	  19.0
5.3	  16.0
5.4	  13.0
5.5	  11.0
5.6	  9.0
5.7	  7.0
5.8	  6.0
5.9	  5.0
6.0	  4.0
6.1	  3.0
6.2	  3.0
6.3	  2.0
6.4	  2.0
6.5	  2.0
6.6	  1.0
6.7	  1.0
6.8	  1.0
6.9	  1.0
7.0	  1.0
7.1	  1.0
7.2	  1.0
7.3	  1.0
7.4	  1.0
7.5	  0.0
7.6	  0.0
7.7	  0.0
7.8	  0.0
7.9	  0.0
8.0	  0.0
8.1	  0.0
8.2	  0.0
8.3	  0.0
8.4	  0.0
8.5	  0.0
8.6	  0.0
8.7	  0.0
8.8	  0.0
8.9	  0.0
9.0	  0.0



DATASET #4

     Name: Median
   Points: 66
     Info: 

Data[x,y]:
2.5	  4620.0
2.6	  3671.0
2.7	  2916.0
2.8	  2318.0
2.9	  1842.0
3.0	  1464.0
3.1	  1164.0
3.2	  925.0
3.3	  735.0
3.4	  584.0
3.5	  465.0
3.6	  369.0
3.7	  294.0
3.8	  233.0
3.9	  186.0
4.0	  148.0
4.1	  117.0
4.2	  93.0
4.3	  74.0
4.4	  59.0
4.5	  47.0
4.6	  37.0
4.7	  29.0
4.8	  23.0
4.9	  18.0
5.0	  14.0
5.1	  11.0
5.2	  9.0
5.3	  7.0
5.4	  5.0
5.5	  4.0
5.6	  3.0
5.7	  2.0
5.8	  2.0
5.9	  1.0
6.0	  1.0
6.1	  1.0
6.2	  0.0
6.3	  0.0
6.4	  0.0
6.5	  0.0
6.6	  0.0
6.7	  0.0
6.8	  0.0
6.9	  0.0
7.0	  0.0
7.1	  0.0
7.2	  0.0
7.3	  0.0
7.4	  0.0
7.5	  0.0
7.6	  0.0
7.7	  0.0
7.8	  0.0
7.9	  0.0
8.0	  0.0
8.1	  0.0
8.2	  0.0
8.3	  0.0
8.4	  0.0
8.5	  0.0
8.6	  0.0
8.7	  0.0
8.8	  0.0
8.9	  0.0
9.0	  0.0



DATASET #5

     Name: Mode
   Points: 66
     Info: 

Data[x,y]:
2.5	  4446.0
2.6	  3615.0
2.7	  2806.0
2.8	  2275.0
2.9	  1818.0
3.0	  1418.0
3.1	  1126.0
3.2	  892.0
3.3	  713.0
3.4	  563.0
3.5	  450.0
3.6	  356.0
3.7	  285.0
3.8	  224.0
3.9	  177.0
4.0	  144.0
4.1	  112.0
4.2	  92.0
4.3	  71.0
4.4	  57.0
4.5	  45.0
4.6	  35.0
4.7	  28.0
4.8	  22.0
4.9	  17.0
5.0	  14.0
5.1	  10.0
5.2	  8.0
5.3	  6.0
5.4	  5.0
5.5	  4.0
5.6	  3.0
5.7	  2.0
5.8	  1.0
5.9	  1.0
6.0	  0.0
6.1	  0.0
6.2	  0.0
6.3	  0.0
6.4	  0.0
6.5	  0.0
6.6	  0.0
6.7	  0.0
6.8	  0.0
6.9	  0.0
7.0	  0.0
7.1	  0.0
7.2	  0.0
7.3	  0.0
7.4	  0.0
7.5	  0.0
7.6	  0.0
7.7	  0.0
7.8	  0.0
7.9	  0.0
8.0	  0.0
8.1	  0.0
8.2	  0.0
8.3	  0.0
8.4	  0.0
8.5	  0.0
8.6	  0.0
8.7	  0.0
8.8	  0.0
8.9	  0.0
9.0	  0.0



DATASET #6

     Name: 1 yr Prob
   Points: 66
     Info: 

Data[x,y]:
2.5	  1.0
2.6	  1.0
2.7	  1.0
2.8	  1.0
2.9	  1.0
3.0	  1.0
3.1	  1.0
3.2	  1.0
3.3	  1.0
3.4	  1.0
3.5	  1.0
3.6	  1.0
3.7	  1.0
3.8	  1.0
3.9	  1.0
4.0	  1.0
4.1	  1.0
4.2	  1.0
4.3	  1.0
4.4	  1.0
4.5	  1.0
4.6	  1.0
4.7	  1.0
4.8	  1.0
4.9	  1.0
5.0	  1.0
5.1	  0.99993
5.2	  0.99958
5.3	  0.998
5.4	  0.99262
5.5	  0.97927
5.6	  0.95179
5.7	  0.90553
5.8	  0.8365
5.9	  0.7473
6.0	  0.6531
6.1	  0.54269
6.2	  0.40267
6.3	  0.32474
6.4	  0.2554
6.5	  0.20416
6.6	  0.17659
6.7	  0.14685
6.8	  0.12323
6.9	  0.09915
7.0	  0.07728
7.1	  0.06494
7.2	  0.04929
7.3	  0.03452
7.4	  0.03063
7.5	  0.02394
7.6	  0.01253
7.7	  0.00401
7.8	  0.00245
7.9	  0.00149
8.0	  4.7E-4
8.1	  5.0E-5
8.2	  0.0
8.3	  0.0
8.4	  0.0
8.5	  0.0
8.6	  0.0
8.7	  0.0
8.8	  0.0
8.9	  0.0
9.0	  0.0



DATASET #7

Name: 95% Conf
Num Points: 66
Info: 

X, Y Data:
2.5	1.0	[1.0	1.0]
2.6	1.0	[1.0	1.0]
2.7	1.0	[1.0	1.0]
2.8	1.0	[1.0	1.0]
2.9	1.0	[1.0	1.0]
3.0	1.0	[1.0	1.0]
3.1	1.0	[1.0	1.0]
3.2	1.0	[1.0	1.0]
3.3	1.0	[1.0	1.0]
3.4	1.0	[1.0	1.0]
3.5	1.0	[1.0	1.0]
3.6	1.0	[1.0	1.0]
3.7	1.0	[1.0	1.0]
3.8	1.0	[1.0	1.0]
3.9	1.0	[1.0	1.0]
4.0	1.0	[1.0	1.0]
4.1	1.0	[1.0	1.0]
4.2	1.0	[1.0	1.0]
4.3	1.0	[1.0	1.0]
4.4	1.0	[1.0	1.0]
4.5	1.0	[1.0	1.0]
4.6	1.0	[1.0	1.0]
4.7	1.0	[1.0	1.0]
4.8	1.0	[1.0	1.0]
4.9	1.0	[1.0	1.0]
5.0	1.0	[1.0	1.0]
5.1	0.99993	[0.9998488	0.9999693]
5.2	0.99958	[0.9994266	0.9996935]
5.3	0.998	[0.99769795	0.99826306]
5.4	0.99262	[0.9920651	0.9931367]
5.5	0.97927	[0.9783632	0.98013973]
5.6	0.95179	[0.9504398	0.95310533]
5.7	0.90553	[0.90369654	0.90733224]
5.8	0.8365	[0.8341899	0.8387842]
5.9	0.7473	[0.7445921	0.74998885]
6.0	0.6531	[0.650139	0.65604925]
6.1	0.54269	[0.5395957	0.545781]
6.2	0.40267	[0.39962906	0.40571845]
6.3	0.32474	[0.3218394	0.32765412]
6.4	0.2554	[0.25270155	0.25811726]
6.5	0.20416	[0.20166805	0.20667472]
6.6	0.17659	[0.174234	0.17897089]
6.7	0.14685	[0.14466475	0.14906244]
6.8	0.12323	[0.121202186	0.12528683]
6.9	0.09915	[0.09730804	0.10102284]
7.0	0.07728	[0.07563614	0.07895644]
7.1	0.06494	[0.06342438	0.06648915]
7.2	0.04929	[0.04796058	0.050654177]
7.3	0.03452	[0.033401318	0.0356746]
7.4	0.03063	[0.029574975	0.031721253]
7.5	0.02394	[0.023005776	0.024910992]
7.6	0.01253	[0.011854186	0.013243538]
7.7	0.00401	[0.003632139	0.0044264533]
7.8	0.00245	[0.0021574227	0.0027814263]
7.9	0.00149	[0.0012647184	0.0017543801]
8.0	4.7E-4	[3.49198E-4	6.305945E-4]
8.1	5.0E-5	[1.8407845E-5	1.2402E-4]
8.2	0.0	[0.0	4.7892154E-5]
8.3	0.0	[0.0	4.7892154E-5]
8.4	0.0	[0.0	0.0]
8.5	0.0	[0.0	0.0]
8.6	0.0	[0.0	0.0]
8.7	0.0	[0.0	0.0]
8.8	0.0	[0.0	0.0]
8.9	0.0	[0.0	0.0]
9.0	0.0	[0.0	0.0]



DATASET #8

     Name: Supra
   Points: 66
     Info: 

Data[x,y]:
2.5	  0.3126
2.6	  0.3126
2.7	  0.3126
2.8	  0.3126
2.9	  0.3126
3.0	  0.3126
3.1	  0.3126
3.2	  0.3126
3.3	  0.3126
3.4	  0.3126
3.5	  0.3126
3.6	  0.3126
3.7	  0.3126
3.8	  0.3126
3.9	  0.3126
4.0	  0.3126
4.1	  0.3126
4.2	  0.3126
4.3	  0.3126
4.4	  0.3126
4.5	  0.3126
4.6	  0.3126
4.7	  0.3126
4.8	  0.3126
4.9	  0.3126
5.0	  0.3126
5.1	  0.3126
5.2	  0.3126
5.3	  0.3126
5.4	  0.3126
5.5	  0.3126
5.6	  0.3126
5.7	  0.3126
5.8	  0.31259
5.9	  0.31249
6.0	  0.31237
6.1	  0.27527
6.2	  0.21572
6.3	  0.18689
6.4	  0.1618
6.5	  0.14308
6.6	  0.13347
6.7	  0.11639
6.8	  0.10182
6.9	  0.08462
7.0	  0.06816
7.1	  0.05969
7.2	  0.04635
7.3	  0.03318
7.4	  0.03011
7.5	  0.02384
7.6	  0.01248
7.7	  0.00398
7.8	  0.00244
7.9	  0.00149
8.0	  4.7E-4
8.1	  5.0E-5
8.2	  0.0
8.3	  0.0
8.4	  0.0
8.5	  0.0
8.6	  0.0
8.7	  0.0
8.8	  0.0
8.9	  0.0
9.0	  0.0



DATASET #9

     Name: Primary
   Points: 66
     Info: 

Data[x,y]:
2.5	  3328.1484
2.6	  2643.569
2.7	  2099.9226
2.8	  1668.0885
2.9	  1324.9883
3.0	  1052.4287
3.1	  835.91425
3.2	  663.9067
3.3	  527.2942
3.4	  418.747
3.5	  332.5789
3.6	  264.1161
3.7	  209.70622
3.8	  166.53033
3.9	  132.2186
4.0	  104.95862
4.1	  83.29113
4.2	  66.12814
4.3	  52.46699
4.4	  41.60392
4.5	  32.98748
4.6	  26.13864
4.7	  20.6949
4.8	  16.37074
4.9	  12.93976
5.0	  10.22543
5.1	  8.06077
5.2	  6.33858
5.3	  4.97113
5.4	  3.8874
5.5	  3.02959
5.6	  2.34643
5.7	  1.80364
5.8	  1.36706
5.9	  1.02848
6.0	  0.78143
6.1	  0.57197
6.2	  0.37246
6.3	  0.28311
6.4	  0.21053
6.5	  0.16298
6.6	  0.13902
6.7	  0.11408
6.8	  0.0946
6.9	  0.07533
7.0	  0.05747
7.1	  0.04792
7.2	  0.03586
7.3	  0.02508
7.4	  0.0224
7.5	  0.01747
7.6	  0.00918
7.7	  0.00293
7.8	  0.00182
7.9	  0.00111
8.0	  3.6E-4
8.1	  3.0E-5
8.2	  0.0
8.3	  0.0
8.4	  0.0
8.5	  0.0
8.6	  0.0
8.7	  0.0
8.8	  0.0
8.9	  0.0
9.0	  0.0


