
X-Axis: Magnitude
Y-Axis: 1 Day Cumulative Number
Number of Data Sets: 9


DATASET #1

     Name: Mean
   Points: 66
     Info: 

Data[x,y]:
2.5	  12.248517
2.6	  9.735035
2.7	  7.730414
2.8	  6.1477933
2.9	  4.8885174
3.0	  3.8726206
3.1	  3.0744483
3.2	  2.4446552
3.3	  1.9383793
3.4	  1.5369655
3.5	  1.2186897
3.6	  0.9643793
3.7	  0.767
3.8	  0.6107931
3.9	  0.49182758
4.0	  0.39124137
4.1	  0.3135862
4.2	  0.24927586
4.3	  0.19810344
4.4	  0.15872414
4.5	  0.12606896
4.6	  0.10089655
4.7	  0.079344824
4.8	  0.063206896
4.9	  0.050275862
5.0	  0.040586207
5.1	  0.032827586
5.2	  0.027241379
5.3	  0.023034483
5.4	  0.018586207
5.5	  0.0155517245
5.6	  0.013344828
5.7	  0.011758621
5.8	  0.009793104
5.9	  0.00862069
6.0	  0.0075172414
6.1	  0.0069310344
6.2	  0.0060344827
6.3	  0.005586207
6.4	  0.0051034484
6.5	  0.0018275862
6.6	  0.0016896551
6.7	  9.310345E-4
6.8	  5.5172417E-4
6.9	  3.448276E-4
7.0	  3.1034483E-4
7.1	  3.448276E-5
7.2	  3.448276E-5
7.3	  0.0
7.4	  0.0
7.5	  0.0
7.6	  0.0
7.7	  0.0
7.8	  0.0
7.9	  0.0
8.0	  0.0
8.1	  0.0
8.2	  0.0
8.3	  0.0
8.4	  0.0
8.5	  0.0
8.6	  0.0
8.7	  0.0
8.8	  0.0
8.9	  0.0
9.0	  0.0



DATASET #2

     Name: 2.5%,97.5%
   Points: 66
     Info: 

Data[x,y]:
2.5	  0.0
2.6	  0.0
2.7	  0.0
2.8	  0.0
2.9	  0.0
3.0	  0.0
3.1	  0.0
3.2	  0.0
3.3	  0.0
3.4	  0.0
3.5	  0.0
3.6	  0.0
3.7	  0.0
3.8	  0.0
3.9	  0.0
4.0	  0.0
4.1	  0.0
4.2	  0.0
4.3	  0.0
4.4	  0.0
4.5	  0.0
4.6	  0.0
4.7	  0.0
4.8	  0.0
4.9	  0.0
5.0	  0.0
5.1	  0.0
5.2	  0.0
5.3	  0.0
5.4	  0.0
5.5	  0.0
5.6	  0.0
5.7	  0.0
5.8	  0.0
5.9	  0.0
6.0	  0.0
6.1	  0.0
6.2	  0.0
6.3	  0.0
6.4	  0.0
6.5	  0.0
6.6	  0.0
6.7	  0.0
6.8	  0.0
6.9	  0.0
7.0	  0.0
7.1	  0.0
7.2	  0.0
7.3	  0.0
7.4	  0.0
7.5	  0.0
7.6	  0.0
7.7	  0.0
7.8	  0.0
7.9	  0.0
8.0	  0.0
8.1	  0.0
8.2	  0.0
8.3	  0.0
8.4	  0.0
8.5	  0.0
8.6	  0.0
8.7	  0.0
8.8	  0.0
8.9	  0.0
9.0	  0.0



DATASET #3

     Name: null
   Points: 66
     Info: 

Data[x,y]:
2.5	  58.0
2.6	  47.0
2.7	  37.0
2.8	  30.0
2.9	  24.0
3.0	  19.0
3.1	  15.0
3.2	  13.0
3.3	  10.0
3.4	  8.0
3.5	  7.0
3.6	  6.0
3.7	  5.0
3.8	  4.0
3.9	  3.0
4.0	  3.0
4.1	  2.0
4.2	  2.0
4.3	  2.0
4.4	  1.0
4.5	  1.0
4.6	  1.0
4.7	  1.0
4.8	  1.0
4.9	  1.0
5.0	  1.0
5.1	  0.0
5.2	  0.0
5.3	  0.0
5.4	  0.0
5.5	  0.0
5.6	  0.0
5.7	  0.0
5.8	  0.0
5.9	  0.0
6.0	  0.0
6.1	  0.0
6.2	  0.0
6.3	  0.0
6.4	  0.0
6.5	  0.0
6.6	  0.0
6.7	  0.0
6.8	  0.0
6.9	  0.0
7.0	  0.0
7.1	  0.0
7.2	  0.0
7.3	  0.0
7.4	  0.0
7.5	  0.0
7.6	  0.0
7.7	  0.0
7.8	  0.0
7.9	  0.0
8.0	  0.0
8.1	  0.0
8.2	  0.0
8.3	  0.0
8.4	  0.0
8.5	  0.0
8.6	  0.0
8.7	  0.0
8.8	  0.0
8.9	  0.0
9.0	  0.0



DATASET #4

     Name: Median
   Points: 66
     Info: 

Data[x,y]:
2.5	  5.0
2.6	  4.0
2.7	  3.0
2.8	  2.0
2.9	  2.0
3.0	  1.0
3.1	  1.0
3.2	  1.0
3.3	  1.0
3.4	  0.0
3.5	  0.0
3.6	  0.0
3.7	  0.0
3.8	  0.0
3.9	  0.0
4.0	  0.0
4.1	  0.0
4.2	  0.0
4.3	  0.0
4.4	  0.0
4.5	  0.0
4.6	  0.0
4.7	  0.0
4.8	  0.0
4.9	  0.0
5.0	  0.0
5.1	  0.0
5.2	  0.0
5.3	  0.0
5.4	  0.0
5.5	  0.0
5.6	  0.0
5.7	  0.0
5.8	  0.0
5.9	  0.0
6.0	  0.0
6.1	  0.0
6.2	  0.0
6.3	  0.0
6.4	  0.0
6.5	  0.0
6.6	  0.0
6.7	  0.0
6.8	  0.0
6.9	  0.0
7.0	  0.0
7.1	  0.0
7.2	  0.0
7.3	  0.0
7.4	  0.0
7.5	  0.0
7.6	  0.0
7.7	  0.0
7.8	  0.0
7.9	  0.0
8.0	  0.0
8.1	  0.0
8.2	  0.0
8.3	  0.0
8.4	  0.0
8.5	  0.0
8.6	  0.0
8.7	  0.0
8.8	  0.0
8.9	  0.0
9.0	  0.0



DATASET #5

     Name: Mode
   Points: 66
     Info: 

Data[x,y]:
2.5	  1.0
2.6	  1.0
2.7	  1.0
2.8	  0.0
2.9	  0.0
3.0	  0.0
3.1	  0.0
3.2	  0.0
3.3	  0.0
3.4	  0.0
3.5	  0.0
3.6	  0.0
3.7	  0.0
3.8	  0.0
3.9	  0.0
4.0	  0.0
4.1	  0.0
4.2	  0.0
4.3	  0.0
4.4	  0.0
4.5	  0.0
4.6	  0.0
4.7	  0.0
4.8	  0.0
4.9	  0.0
5.0	  0.0
5.1	  0.0
5.2	  0.0
5.3	  0.0
5.4	  0.0
5.5	  0.0
5.6	  0.0
5.7	  0.0
5.8	  0.0
5.9	  0.0
6.0	  0.0
6.1	  0.0
6.2	  0.0
6.3	  0.0
6.4	  0.0
6.5	  0.0
6.6	  0.0
6.7	  0.0
6.8	  0.0
6.9	  0.0
7.0	  0.0
7.1	  0.0
7.2	  0.0
7.3	  0.0
7.4	  0.0
7.5	  0.0
7.6	  0.0
7.7	  0.0
7.8	  0.0
7.9	  0.0
8.0	  0.0
8.1	  0.0
8.2	  0.0
8.3	  0.0
8.4	  0.0
8.5	  0.0
8.6	  0.0
8.7	  0.0
8.8	  0.0
8.9	  0.0
9.0	  0.0



DATASET #6

     Name: 1 d Prob
   Points: 66
     Info: 

Data[x,y]:
2.5	  0.9077586
2.6	  0.8800345
2.7	  0.84568965
2.8	  0.8046552
2.9	  0.75868964
3.0	  0.7074138
3.1	  0.6555862
3.2	  0.59944826
3.3	  0.5423793
3.4	  0.4863793
3.5	  0.42868966
3.6	  0.3755862
3.7	  0.32768965
3.8	  0.28265518
3.9	  0.24355173
4.0	  0.20751724
4.1	  0.17589656
4.2	  0.14724138
4.3	  0.12248276
4.4	  0.10210345
4.5	  0.08410345
4.6	  0.06910345
4.7	  0.05537931
4.8	  0.04475862
4.9	  0.036448278
5.0	  0.029724138
5.1	  0.02475862
5.2	  0.021068966
5.3	  0.018034482
5.4	  0.014655173
5.5	  0.012413793
5.6	  0.011068965
5.7	  0.009965518
5.8	  0.00862069
5.9	  0.0077586207
6.0	  0.0069310344
6.1	  0.0065172412
6.2	  0.0059310347
6.3	  0.005551724
6.4	  0.0051034484
6.5	  0.0018275862
6.6	  0.0016896551
6.7	  9.310345E-4
6.8	  5.5172417E-4
6.9	  3.448276E-4
7.0	  3.1034483E-4
7.1	  3.448276E-5
7.2	  3.448276E-5
7.3	  0.0
7.4	  0.0
7.5	  0.0
7.6	  0.0
7.7	  0.0
7.8	  0.0
7.9	  0.0
8.0	  0.0
8.1	  0.0
8.2	  0.0
8.3	  0.0
8.4	  0.0
8.5	  0.0
8.6	  0.0
8.7	  0.0
8.8	  0.0
8.9	  0.0
9.0	  0.0



DATASET #7

Name: 95% Conf
Num Points: 66
Info: 

X, Y Data:
2.5	0.9077586	[0.9043564	0.9110522]
2.6	0.8800345	[0.8762269	0.8837409]
2.7	0.84568965	[0.8414687	0.84981865]
2.8	0.8046552	[0.8000344	0.8091949]
2.9	0.75868964	[0.75371355	0.76359695]
3.0	0.7074138	[0.702133	0.71263945]
3.1	0.6555862	[0.65007955	0.6610515]
3.2	0.59944826	[0.59377843	0.60509175]
3.3	0.5423793	[0.53662276	0.5481246]
3.4	0.4863793	[0.48061165	0.4921506]
3.5	0.42868966	[0.42298633	0.43441194]
3.6	0.3755862	[0.37001207	0.3811934]
3.7	0.32768965	[0.3222934	0.3331317]
3.8	0.28265518	[0.27748445	0.28788364]
3.9	0.24355173	[0.23862861	0.24854301]
4.0	0.20751724	[0.20287159	0.21224065]
4.1	0.17589656	[0.17154045	0.18033884]
4.2	0.14724138	[0.14319271	0.15138389]
4.3	0.12248276	[0.11874236	0.12632363]
4.4	0.10210345	[0.098654106	0.10565872]
4.5	0.08410345	[0.080946945	0.087370716]
4.6	0.06910345	[0.0662241	0.07209762]
4.7	0.05537931	[0.052788418	0.058088757]
4.8	0.04475862	[0.042421646	0.047217064]
4.9	0.036448278	[0.034335278	0.03868505]
5.0	0.029724138	[0.027814267	0.031759683]
5.1	0.02475862	[0.023015497	0.02662885]
5.2	0.021068966	[0.019461785	0.022804338]
5.3	0.018034482	[0.01654893	0.019649146]
5.4	0.014655173	[0.013318539	0.016121976]
5.5	0.012413793	[0.011186084	0.01377241]
5.6	0.011068965	[0.009911566	0.012357736]
5.7	0.009965518	[0.00886917	0.01119363]
5.8	0.00862069	[0.0076036537	0.0097699985]
5.9	0.0077586207	[0.0067958026	0.008854057]
6.0	0.0069310344	[0.0060232393	0.007971798]
6.1	0.0065172412	[0.005638213	0.007529422]
6.2	0.0059310347	[0.005094396	0.0069010993]
6.3	0.005551724	[0.004743656	0.0064934054]
6.4	0.0051034484	[0.0043304516	0.0060102916]
6.5	0.0018275862	[0.0013826682	0.0024090586]
6.6	0.0016896551	[0.0012635499	0.0022525324]
6.7	9.310345E-4	[6.259311E-4	0.0013747239]
6.8	5.5172417E-4	[3.2653616E-4	9.1741583E-4]
6.9	3.448276E-4	[1.7523902E-4	6.569795E-4]
7.0	3.1034483E-4	[1.5146518E-4	6.12298E-4]
7.1	3.448276E-5	[1.799954E-6	2.2394072E-4]
7.2	3.448276E-5	[1.799954E-6	2.2394072E-4]
7.3	0.0	[0.0	1.6512966E-4]
7.4	0.0	[0.0	1.6512966E-4]
7.5	0.0	[0.0	1.6512966E-4]
7.6	0.0	[0.0	1.6512966E-4]
7.7	0.0	[0.0	1.6512966E-4]
7.8	0.0	[0.0	1.6512966E-4]
7.9	0.0	[0.0	1.6512966E-4]
8.0	0.0	[0.0	1.6512966E-4]
8.1	0.0	[0.0	1.6512966E-4]
8.2	0.0	[0.0	1.6512966E-4]
8.3	0.0	[0.0	1.6512966E-4]
8.4	0.0	[0.0	0.0]
8.5	0.0	[0.0	0.0]
8.6	0.0	[0.0	0.0]
8.7	0.0	[0.0	0.0]
8.8	0.0	[0.0	0.0]
8.9	0.0	[0.0	0.0]
9.0	0.0	[0.0	0.0]



DATASET #8

     Name: Supra
   Points: 66
     Info: 

Data[x,y]:
2.5	  0.004551724
2.6	  0.004551724
2.7	  0.004551724
2.8	  0.004551724
2.9	  0.004551724
3.0	  0.004551724
3.1	  0.004551724
3.2	  0.004551724
3.3	  0.004551724
3.4	  0.004551724
3.5	  0.004551724
3.6	  0.004551724
3.7	  0.004551724
3.8	  0.004551724
3.9	  0.004551724
4.0	  0.004551724
4.1	  0.004551724
4.2	  0.004551724
4.3	  0.004551724
4.4	  0.004551724
4.5	  0.004551724
4.6	  0.004551724
4.7	  0.004551724
4.8	  0.004551724
4.9	  0.004551724
5.0	  0.004551724
5.1	  0.004551724
5.2	  0.004551724
5.3	  0.004551724
5.4	  0.004551724
5.5	  0.004551724
5.6	  0.004551724
5.7	  0.004551724
5.8	  0.004551724
5.9	  0.004551724
6.0	  0.004551724
6.1	  0.004551724
6.2	  0.004551724
6.3	  0.004551724
6.4	  0.004551724
6.5	  0.0014137931
6.6	  0.0014137931
6.7	  6.896552E-4
6.8	  3.448276E-4
6.9	  1.724138E-4
7.0	  1.724138E-4
7.1	  0.0
7.2	  0.0
7.3	  0.0
7.4	  0.0
7.5	  0.0
7.6	  0.0
7.7	  0.0
7.8	  0.0
7.9	  0.0
8.0	  0.0
8.1	  0.0
8.2	  0.0
8.3	  0.0
8.4	  0.0
8.5	  0.0
8.6	  0.0
8.7	  0.0
8.8	  0.0
8.9	  0.0
9.0	  0.0



DATASET #9

     Name: Primary
   Points: 66
     Info: 

Data[x,y]:
2.5	  8.182069
2.6	  6.502138
2.7	  5.1657586
2.8	  4.105793
2.9	  3.2591724
3.0	  2.5793793
3.1	  2.0494828
3.2	  1.6285862
3.3	  1.2923104
3.4	  1.025931
3.5	  0.8111724
3.6	  0.6417586
3.7	  0.51213795
3.8	  0.4092069
3.9	  0.32948276
4.0	  0.2621724
4.1	  0.21013793
4.2	  0.16693103
4.3	  0.13217242
4.4	  0.105344824
4.5	  0.08403448
4.6	  0.06675862
4.7	  0.052241378
4.8	  0.041241378
4.9	  0.032586206
5.0	  0.026413793
5.1	  0.021724138
5.2	  0.01837931
5.3	  0.015586207
5.4	  0.012758621
5.5	  0.010758621
5.6	  0.009344827
5.7	  0.00837931
5.8	  0.0072068963
5.9	  0.006448276
6.0	  0.005724138
6.1	  0.005413793
6.2	  0.004862069
6.3	  0.0044827587
6.4	  0.004137931
6.5	  0.0015517242
6.6	  0.0014137931
6.7	  8.275862E-4
6.8	  5.1724137E-4
6.9	  3.1034483E-4
7.0	  2.7586208E-4
7.1	  3.448276E-5
7.2	  3.448276E-5
7.3	  0.0
7.4	  0.0
7.5	  0.0
7.6	  0.0
7.7	  0.0
7.8	  0.0
7.9	  0.0
8.0	  0.0
8.1	  0.0
8.2	  0.0
8.3	  0.0
8.4	  0.0
8.5	  0.0
8.6	  0.0
8.7	  0.0
8.8	  0.0
8.9	  0.0
9.0	  0.0


