
X-Axis: Magnitude
Y-Axis: 1 Hour Cumulative Number
Number of Data Sets: 9


DATASET #1

     Name: Mean
   Points: 66
     Info: 

Data[x,y]:
2.5	  4.18233
2.6	  3.32203
2.7	  2.63772
2.8	  2.09679
2.9	  1.66489
3.0	  1.32269
3.1	  1.04998
3.2	  0.83338
3.3	  0.66107
3.4	  0.52498
3.5	  0.41716
3.6	  0.32993
3.7	  0.26185
3.8	  0.2084
3.9	  0.16623
4.0	  0.13251
4.1	  0.10563
4.2	  0.08444
4.3	  0.06707
4.4	  0.05324
4.5	  0.04253
4.6	  0.03415
4.7	  0.02684
4.8	  0.02147
4.9	  0.0172
5.0	  0.01394
5.1	  0.01134
5.2	  0.00939
5.3	  0.00765
5.4	  0.00637
5.5	  0.00537
5.6	  0.00453
5.7	  0.00396
5.8	  0.00338
5.9	  0.00294
6.0	  0.00264
6.1	  0.00243
6.2	  0.0022
6.3	  0.00206
6.4	  0.00197
6.5	  7.1E-4
6.6	  6.7E-4
6.7	  3.3E-4
6.8	  1.7E-4
6.9	  1.1E-4
7.0	  1.1E-4
7.1	  1.0E-5
7.2	  1.0E-5
7.3	  0.0
7.4	  0.0
7.5	  0.0
7.6	  0.0
7.7	  0.0
7.8	  0.0
7.9	  0.0
8.0	  0.0
8.1	  0.0
8.2	  0.0
8.3	  0.0
8.4	  0.0
8.5	  0.0
8.6	  0.0
8.7	  0.0
8.8	  0.0
8.9	  0.0
9.0	  0.0



DATASET #2

     Name: 2.5%,97.5%
   Points: 66
     Info: 

Data[x,y]:
2.5	  0.0
2.6	  0.0
2.7	  0.0
2.8	  0.0
2.9	  0.0
3.0	  0.0
3.1	  0.0
3.2	  0.0
3.3	  0.0
3.4	  0.0
3.5	  0.0
3.6	  0.0
3.7	  0.0
3.8	  0.0
3.9	  0.0
4.0	  0.0
4.1	  0.0
4.2	  0.0
4.3	  0.0
4.4	  0.0
4.5	  0.0
4.6	  0.0
4.7	  0.0
4.8	  0.0
4.9	  0.0
5.0	  0.0
5.1	  0.0
5.2	  0.0
5.3	  0.0
5.4	  0.0
5.5	  0.0
5.6	  0.0
5.7	  0.0
5.8	  0.0
5.9	  0.0
6.0	  0.0
6.1	  0.0
6.2	  0.0
6.3	  0.0
6.4	  0.0
6.5	  0.0
6.6	  0.0
6.7	  0.0
6.8	  0.0
6.9	  0.0
7.0	  0.0
7.1	  0.0
7.2	  0.0
7.3	  0.0
7.4	  0.0
7.5	  0.0
7.6	  0.0
7.7	  0.0
7.8	  0.0
7.9	  0.0
8.0	  0.0
8.1	  0.0
8.2	  0.0
8.3	  0.0
8.4	  0.0
8.5	  0.0
8.6	  0.0
8.7	  0.0
8.8	  0.0
8.9	  0.0
9.0	  0.0



DATASET #3

     Name: null
   Points: 66
     Info: 

Data[x,y]:
2.5	  20.0
2.6	  16.0
2.7	  13.0
2.8	  11.0
2.9	  9.0
3.0	  7.0
3.1	  6.0
3.2	  5.0
3.3	  4.0
3.4	  3.0
3.5	  3.0
3.6	  2.0
3.7	  2.0
3.8	  2.0
3.9	  1.0
4.0	  1.0
4.1	  1.0
4.2	  1.0
4.3	  1.0
4.4	  1.0
4.5	  1.0
4.6	  1.0
4.7	  0.0
4.8	  0.0
4.9	  0.0
5.0	  0.0
5.1	  0.0
5.2	  0.0
5.3	  0.0
5.4	  0.0
5.5	  0.0
5.6	  0.0
5.7	  0.0
5.8	  0.0
5.9	  0.0
6.0	  0.0
6.1	  0.0
6.2	  0.0
6.3	  0.0
6.4	  0.0
6.5	  0.0
6.6	  0.0
6.7	  0.0
6.8	  0.0
6.9	  0.0
7.0	  0.0
7.1	  0.0
7.2	  0.0
7.3	  0.0
7.4	  0.0
7.5	  0.0
7.6	  0.0
7.7	  0.0
7.8	  0.0
7.9	  0.0
8.0	  0.0
8.1	  0.0
8.2	  0.0
8.3	  0.0
8.4	  0.0
8.5	  0.0
8.6	  0.0
8.7	  0.0
8.8	  0.0
8.9	  0.0
9.0	  0.0



DATASET #4

     Name: Median
   Points: 66
     Info: 

Data[x,y]:
2.5	  2.0
2.6	  2.0
2.7	  1.0
2.8	  1.0
2.9	  1.0
3.0	  1.0
3.1	  0.0
3.2	  0.0
3.3	  0.0
3.4	  0.0
3.5	  0.0
3.6	  0.0
3.7	  0.0
3.8	  0.0
3.9	  0.0
4.0	  0.0
4.1	  0.0
4.2	  0.0
4.3	  0.0
4.4	  0.0
4.5	  0.0
4.6	  0.0
4.7	  0.0
4.8	  0.0
4.9	  0.0
5.0	  0.0
5.1	  0.0
5.2	  0.0
5.3	  0.0
5.4	  0.0
5.5	  0.0
5.6	  0.0
5.7	  0.0
5.8	  0.0
5.9	  0.0
6.0	  0.0
6.1	  0.0
6.2	  0.0
6.3	  0.0
6.4	  0.0
6.5	  0.0
6.6	  0.0
6.7	  0.0
6.8	  0.0
6.9	  0.0
7.0	  0.0
7.1	  0.0
7.2	  0.0
7.3	  0.0
7.4	  0.0
7.5	  0.0
7.6	  0.0
7.7	  0.0
7.8	  0.0
7.9	  0.0
8.0	  0.0
8.1	  0.0
8.2	  0.0
8.3	  0.0
8.4	  0.0
8.5	  0.0
8.6	  0.0
8.7	  0.0
8.8	  0.0
8.9	  0.0
9.0	  0.0



DATASET #5

     Name: Mode
   Points: 66
     Info: 

Data[x,y]:
2.5	  0.0
2.6	  0.0
2.7	  0.0
2.8	  0.0
2.9	  0.0
3.0	  0.0
3.1	  0.0
3.2	  0.0
3.3	  0.0
3.4	  0.0
3.5	  0.0
3.6	  0.0
3.7	  0.0
3.8	  0.0
3.9	  0.0
4.0	  0.0
4.1	  0.0
4.2	  0.0
4.3	  0.0
4.4	  0.0
4.5	  0.0
4.6	  0.0
4.7	  0.0
4.8	  0.0
4.9	  0.0
5.0	  0.0
5.1	  0.0
5.2	  0.0
5.3	  0.0
5.4	  0.0
5.5	  0.0
5.6	  0.0
5.7	  0.0
5.8	  0.0
5.9	  0.0
6.0	  0.0
6.1	  0.0
6.2	  0.0
6.3	  0.0
6.4	  0.0
6.5	  0.0
6.6	  0.0
6.7	  0.0
6.8	  0.0
6.9	  0.0
7.0	  0.0
7.1	  0.0
7.2	  0.0
7.3	  0.0
7.4	  0.0
7.5	  0.0
7.6	  0.0
7.7	  0.0
7.8	  0.0
7.9	  0.0
8.0	  0.0
8.1	  0.0
8.2	  0.0
8.3	  0.0
8.4	  0.0
8.5	  0.0
8.6	  0.0
8.7	  0.0
8.8	  0.0
8.9	  0.0
9.0	  0.0



DATASET #6

     Name: 1 hr Prob
   Points: 66
     Info: 

Data[x,y]:
2.5	  0.77382
2.6	  0.72505
2.7	  0.67124
2.8	  0.61686
2.9	  0.55956
3.0	  0.50175
3.1	  0.44523
3.2	  0.38971
3.3	  0.3386
3.4	  0.29269
3.5	  0.24962
3.6	  0.21015
3.7	  0.1765
3.8	  0.14745
3.9	  0.12181
4.0	  0.10052
4.1	  0.08242
4.2	  0.0677
4.3	  0.05518
4.4	  0.04451
4.5	  0.03603
4.6	  0.02916
4.7	  0.02306
4.8	  0.01867
4.9	  0.01506
5.0	  0.01233
5.1	  0.01006
5.2	  0.00837
5.3	  0.00687
5.4	  0.00577
5.5	  0.00497
5.6	  0.00424
5.7	  0.00372
5.8	  0.00322
5.9	  0.00283
6.0	  0.00256
6.1	  0.00239
6.2	  0.00219
6.3	  0.00205
6.4	  0.00196
6.5	  7.1E-4
6.6	  6.7E-4
6.7	  3.3E-4
6.8	  1.7E-4
6.9	  1.1E-4
7.0	  1.1E-4
7.1	  1.0E-5
7.2	  1.0E-5
7.3	  0.0
7.4	  0.0
7.5	  0.0
7.6	  0.0
7.7	  0.0
7.8	  0.0
7.9	  0.0
8.0	  0.0
8.1	  0.0
8.2	  0.0
8.3	  0.0
8.4	  0.0
8.5	  0.0
8.6	  0.0
8.7	  0.0
8.8	  0.0
8.9	  0.0
9.0	  0.0



DATASET #7

Name: 95% Conf
Num Points: 66
Info: 

X, Y Data:
2.5	0.77382	[0.7712115	0.7764074]
2.6	0.72505	[0.722269	0.72781366]
2.7	0.67124	[0.66831684	0.67415]
2.8	0.61686	[0.61383736	0.61987364]
2.9	0.55956	[0.5564758	0.5626396]
3.0	0.50175	[0.498646	0.5048539]
3.1	0.44523	[0.44214678	0.44831744]
3.2	0.38971	[0.3866866	0.3927419]
3.3	0.3386	[0.33566812	0.3415443]
3.4	0.29269	[0.2898729	0.29552305]
3.5	0.24962	[0.24694219	0.25231707]
3.6	0.21015	[0.20763099	0.21269132]
3.7	0.1765	[0.17414449	0.17888042]
3.8	0.14745	[0.14526102	0.14966612]
3.9	0.12181	[0.11979237	0.12385675]
4.0	0.10052	[0.09866665	0.102404125]
4.1	0.08242	[0.08072656	0.08414562]
4.2	0.0677	[0.06615446	0.06927886]
4.3	0.05518	[0.05377686	0.056617435]
4.4	0.04451	[0.043244272	0.04581086]
4.5	0.03603	[0.034887683	0.037208118]
4.6	0.02916	[0.028130183	0.030226165]
4.7	0.02306	[0.022142965	0.024013875]
4.8	0.01867	[0.017844463	0.019532736]
4.9	0.01506	[0.014318665	0.01583884]
5.0	0.01233	[0.011659647	0.013038094]
5.1	0.01006	[0.0094551705	0.010702775]
5.2	0.00837	[0.00781908	0.008959026]
5.3	0.00687	[0.0063718264	0.0074064303]
5.4	0.00577	[0.005314365	0.00626401]
5.5	0.00497	[0.004547963	0.0054305056]
5.6	0.00424	[0.0038511064	0.004667455]
5.7	0.00372	[0.0033565157	0.0041221175]
5.8	0.00322	[0.002882701	0.0035960088]
5.9	0.00283	[0.0025145852	0.003184191]
6.0	0.00256	[0.002260639	0.0028981878]
6.1	0.00239	[0.0021011874	0.0027176738]
6.2	0.00219	[0.0019140922	0.0025048126]
6.3	0.00205	[0.0017834813	0.0023554564]
6.4	0.00196	[0.001699688	0.0022592722]
6.5	7.1E-4	[5.5855705E-4	9.009569E-4]
6.6	6.7E-4	[5.232575E-4	8.562931E-4]
6.7	3.3E-4	[2.308409E-4	4.6922907E-4]
6.8	1.7E-4	[1.02310594E-4	2.7840282E-4]
6.9	1.1E-4	[5.7856672E-5	2.0338313E-4]
7.0	1.1E-4	[5.7856672E-5	2.0338313E-4]
7.1	1.0E-5	[5.219861E-7	6.4949265E-5]
7.2	1.0E-5	[5.219861E-7	6.4949265E-5]
7.3	0.0	[0.0	4.7892154E-5]
7.4	0.0	[0.0	4.7892154E-5]
7.5	0.0	[0.0	4.7892154E-5]
7.6	0.0	[0.0	4.7892154E-5]
7.7	0.0	[0.0	4.7892154E-5]
7.8	0.0	[0.0	4.7892154E-5]
7.9	0.0	[0.0	4.7892154E-5]
8.0	0.0	[0.0	4.7892154E-5]
8.1	0.0	[0.0	4.7892154E-5]
8.2	0.0	[0.0	4.7892154E-5]
8.3	0.0	[0.0	4.7892154E-5]
8.4	0.0	[0.0	0.0]
8.5	0.0	[0.0	0.0]
8.6	0.0	[0.0	0.0]
8.7	0.0	[0.0	0.0]
8.8	0.0	[0.0	0.0]
8.9	0.0	[0.0	0.0]
9.0	0.0	[0.0	0.0]



DATASET #8

     Name: Supra
   Points: 66
     Info: 

Data[x,y]:
2.5	  0.00176
2.6	  0.00176
2.7	  0.00176
2.8	  0.00176
2.9	  0.00176
3.0	  0.00176
3.1	  0.00176
3.2	  0.00176
3.3	  0.00176
3.4	  0.00176
3.5	  0.00176
3.6	  0.00176
3.7	  0.00176
3.8	  0.00176
3.9	  0.00176
4.0	  0.00176
4.1	  0.00176
4.2	  0.00176
4.3	  0.00176
4.4	  0.00176
4.5	  0.00176
4.6	  0.00176
4.7	  0.00176
4.8	  0.00176
4.9	  0.00176
5.0	  0.00176
5.1	  0.00176
5.2	  0.00176
5.3	  0.00176
5.4	  0.00176
5.5	  0.00176
5.6	  0.00176
5.7	  0.00176
5.8	  0.00176
5.9	  0.00176
6.0	  0.00176
6.1	  0.00176
6.2	  0.00176
6.3	  0.00176
6.4	  0.00175
6.5	  5.4E-4
6.6	  5.4E-4
6.7	  2.5E-4
6.8	  1.3E-4
6.9	  8.0E-5
7.0	  8.0E-5
7.1	  0.0
7.2	  0.0
7.3	  0.0
7.4	  0.0
7.5	  0.0
7.6	  0.0
7.7	  0.0
7.8	  0.0
7.9	  0.0
8.0	  0.0
8.1	  0.0
8.2	  0.0
8.3	  0.0
8.4	  0.0
8.5	  0.0
8.6	  0.0
8.7	  0.0
8.8	  0.0
8.9	  0.0
9.0	  0.0



DATASET #9

     Name: Primary
   Points: 66
     Info: 

Data[x,y]:
2.5	  3.59625
2.6	  2.85537
2.7	  2.26744
2.8	  1.80332
2.9	  1.43089
3.0	  1.13734
3.1	  0.90256
3.2	  0.71637
3.3	  0.56838
3.4	  0.45205
3.5	  0.35949
3.6	  0.28436
3.7	  0.2263
3.8	  0.18009
3.9	  0.14377
4.0	  0.11459
4.1	  0.09135
4.2	  0.07305
4.3	  0.05823
4.4	  0.04618
4.5	  0.03703
4.6	  0.0296
4.7	  0.02312
4.8	  0.01843
4.9	  0.01472
5.0	  0.0119
5.1	  0.00961
5.2	  0.00797
5.3	  0.00656
5.4	  0.00551
5.5	  0.00473
5.6	  0.00403
5.7	  0.00355
5.8	  0.00304
5.9	  0.00267
6.0	  0.0024
6.1	  0.00224
6.2	  0.00206
6.3	  0.00192
6.4	  0.00184
6.5	  6.6E-4
6.6	  6.2E-4
6.7	  2.9E-4
6.8	  1.6E-4
6.9	  1.0E-4
7.0	  1.0E-4
7.1	  1.0E-5
7.2	  1.0E-5
7.3	  0.0
7.4	  0.0
7.5	  0.0
7.6	  0.0
7.7	  0.0
7.8	  0.0
7.9	  0.0
8.0	  0.0
8.1	  0.0
8.2	  0.0
8.3	  0.0
8.4	  0.0
8.5	  0.0
8.6	  0.0
8.7	  0.0
8.8	  0.0
8.9	  0.0
9.0	  0.0


