
X-Axis: Magnitude
Y-Axis: 1 Year Cumulative Number
Number of Data Sets: 9


DATASET #1

     Name: Mean
   Points: 66
     Info: 

Data[x,y]:
2.5	  477.1675
2.6	  379.018
2.7	  301.0524
2.8	  239.0461
2.9	  189.9228
3.0	  150.8623
3.1	  119.7903
3.2	  95.1953
3.3	  75.6216
3.4	  60.0639
3.5	  47.7238
3.6	  37.92
3.7	  30.0963
3.8	  23.941
3.9	  19.013
4.0	  15.134
4.1	  12.0435
4.2	  9.5654
4.3	  7.5976
4.4	  6.026
4.5	  4.7844
4.6	  3.8081
4.7	  3.017
4.8	  2.3852
4.9	  1.896
5.0	  1.4929
5.1	  1.1794
5.2	  0.9285
5.3	  0.7404
5.4	  0.5827
5.5	  0.4616
5.6	  0.3668
5.7	  0.2904
5.8	  0.2302
5.9	  0.1757
6.0	  0.1434
6.1	  0.1121
6.2	  0.0919
6.3	  0.073
6.4	  0.0565
6.5	  0.0439
6.6	  0.0361
6.7	  0.0273
6.8	  0.0215
6.9	  0.0172
7.0	  0.013
7.1	  0.0101
7.2	  0.0072
7.3	  0.0054
7.4	  0.0038
7.5	  0.0024
7.6	  0.002
7.7	  0.0011
7.8	  8.0E-4
7.9	  5.0E-4
8.0	  4.0E-4
8.1	  2.0E-4
8.2	  1.0E-4
8.3	  0.0
8.4	  0.0
8.5	  0.0
8.6	  0.0
8.7	  0.0
8.8	  0.0
8.9	  0.0
9.0	  0.0



DATASET #2

     Name: 2.5%,97.5%
   Points: 66
     Info: 

Data[x,y]:
2.5	  246.0
2.6	  193.0
2.7	  150.0
2.8	  117.0
2.9	  91.0
3.0	  71.0
3.1	  55.0
3.2	  42.0
3.3	  32.0
3.4	  24.0
3.5	  18.0
3.6	  14.0
3.7	  10.0
3.8	  7.0
3.9	  5.0
4.0	  3.0
4.1	  2.0
4.2	  1.0
4.3	  1.0
4.4	  0.0
4.5	  0.0
4.6	  0.0
4.7	  0.0
4.8	  0.0
4.9	  0.0
5.0	  0.0
5.1	  0.0
5.2	  0.0
5.3	  0.0
5.4	  0.0
5.5	  0.0
5.6	  0.0
5.7	  0.0
5.8	  0.0
5.9	  0.0
6.0	  0.0
6.1	  0.0
6.2	  0.0
6.3	  0.0
6.4	  0.0
6.5	  0.0
6.6	  0.0
6.7	  0.0
6.8	  0.0
6.9	  0.0
7.0	  0.0
7.1	  0.0
7.2	  0.0
7.3	  0.0
7.4	  0.0
7.5	  0.0
7.6	  0.0
7.7	  0.0
7.8	  0.0
7.9	  0.0
8.0	  0.0
8.1	  0.0
8.2	  0.0
8.3	  0.0
8.4	  0.0
8.5	  0.0
8.6	  0.0
8.7	  0.0
8.8	  0.0
8.9	  0.0
9.0	  0.0



DATASET #3

     Name: null
   Points: 66
     Info: 

Data[x,y]:
2.5	  1540.0
2.6	  1220.0
2.7	  974.0
2.8	  787.0
2.9	  618.0
3.0	  494.0
3.1	  395.0
3.2	  314.0
3.3	  249.0
3.4	  196.0
3.5	  156.0
3.6	  125.0
3.7	  100.0
3.8	  80.0
3.9	  64.0
4.0	  52.0
4.1	  42.0
4.2	  33.0
4.3	  27.0
4.4	  22.0
4.5	  18.0
4.6	  15.0
4.7	  12.0
4.8	  10.0
4.9	  8.0
5.0	  7.0
5.1	  6.0
5.2	  5.0
5.3	  4.0
5.4	  4.0
5.5	  3.0
5.6	  3.0
5.7	  2.0
5.8	  2.0
5.9	  2.0
6.0	  1.0
6.1	  1.0
6.2	  1.0
6.3	  1.0
6.4	  1.0
6.5	  1.0
6.6	  1.0
6.7	  0.0
6.8	  0.0
6.9	  0.0
7.0	  0.0
7.1	  0.0
7.2	  0.0
7.3	  0.0
7.4	  0.0
7.5	  0.0
7.6	  0.0
7.7	  0.0
7.8	  0.0
7.9	  0.0
8.0	  0.0
8.1	  0.0
8.2	  0.0
8.3	  0.0
8.4	  0.0
8.5	  0.0
8.6	  0.0
8.7	  0.0
8.8	  0.0
8.9	  0.0
9.0	  0.0



DATASET #4

     Name: Median
   Points: 66
     Info: 

Data[x,y]:
2.5	  322.0
2.6	  256.0
2.7	  204.0
2.8	  162.0
2.9	  129.0
3.0	  103.0
3.1	  82.0
3.2	  65.0
3.3	  52.0
3.4	  41.0
3.5	  33.0
3.6	  26.0
3.7	  21.0
3.8	  17.0
3.9	  13.0
4.0	  10.0
4.1	  8.0
4.2	  6.0
4.3	  5.0
4.4	  4.0
4.5	  3.0
4.6	  2.0
4.7	  2.0
4.8	  1.0
4.9	  1.0
5.0	  1.0
5.1	  1.0
5.2	  0.0
5.3	  0.0
5.4	  0.0
5.5	  0.0
5.6	  0.0
5.7	  0.0
5.8	  0.0
5.9	  0.0
6.0	  0.0
6.1	  0.0
6.2	  0.0
6.3	  0.0
6.4	  0.0
6.5	  0.0
6.6	  0.0
6.7	  0.0
6.8	  0.0
6.9	  0.0
7.0	  0.0
7.1	  0.0
7.2	  0.0
7.3	  0.0
7.4	  0.0
7.5	  0.0
7.6	  0.0
7.7	  0.0
7.8	  0.0
7.9	  0.0
8.0	  0.0
8.1	  0.0
8.2	  0.0
8.3	  0.0
8.4	  0.0
8.5	  0.0
8.6	  0.0
8.7	  0.0
8.8	  0.0
8.9	  0.0
9.0	  0.0



DATASET #5

     Name: Mode
   Points: 66
     Info: 

Data[x,y]:
2.5	  292.0
2.6	  238.0
2.7	  194.0
2.8	  151.0
2.9	  116.0
3.0	  92.0
3.1	  76.0
3.2	  58.0
3.3	  47.0
3.4	  36.0
3.5	  30.0
3.6	  24.0
3.7	  18.0
3.8	  14.0
3.9	  11.0
4.0	  9.0
4.1	  8.0
4.2	  5.0
4.3	  4.0
4.4	  3.0
4.5	  2.0
4.6	  1.0
4.7	  1.0
4.8	  1.0
4.9	  0.0
5.0	  0.0
5.1	  0.0
5.2	  0.0
5.3	  0.0
5.4	  0.0
5.5	  0.0
5.6	  0.0
5.7	  0.0
5.8	  0.0
5.9	  0.0
6.0	  0.0
6.1	  0.0
6.2	  0.0
6.3	  0.0
6.4	  0.0
6.5	  0.0
6.6	  0.0
6.7	  0.0
6.8	  0.0
6.9	  0.0
7.0	  0.0
7.1	  0.0
7.2	  0.0
7.3	  0.0
7.4	  0.0
7.5	  0.0
7.6	  0.0
7.7	  0.0
7.8	  0.0
7.9	  0.0
8.0	  0.0
8.1	  0.0
8.2	  0.0
8.3	  0.0
8.4	  0.0
8.5	  0.0
8.6	  0.0
8.7	  0.0
8.8	  0.0
8.9	  0.0
9.0	  0.0



DATASET #6

     Name: 1 yr Prob
   Points: 66
     Info: 

Data[x,y]:
2.5	  1.0
2.6	  1.0
2.7	  1.0
2.8	  1.0
2.9	  1.0
3.0	  1.0
3.1	  1.0
3.2	  1.0
3.3	  1.0
3.4	  1.0
3.5	  1.0
3.6	  1.0
3.7	  1.0
3.8	  1.0
3.9	  1.0
4.0	  0.9999
4.1	  0.9988
4.2	  0.9946
4.3	  0.9848
4.4	  0.9665
4.5	  0.9343
4.6	  0.8895
4.7	  0.8347
4.8	  0.7565
4.9	  0.679
5.0	  0.6021
5.1	  0.5227
5.2	  0.4471
5.3	  0.3825
5.4	  0.3235
5.5	  0.2703
5.6	  0.228
5.7	  0.1896
5.8	  0.1601
5.9	  0.1297
6.0	  0.1093
6.1	  0.0878
6.2	  0.074
6.3	  0.0611
6.4	  0.0481
6.5	  0.0375
6.6	  0.0317
6.7	  0.0241
6.8	  0.0194
6.9	  0.0161
7.0	  0.0123
7.1	  0.0097
7.2	  0.0071
7.3	  0.0054
7.4	  0.0038
7.5	  0.0024
7.6	  0.002
7.7	  0.0011
7.8	  8.0E-4
7.9	  5.0E-4
8.0	  4.0E-4
8.1	  2.0E-4
8.2	  1.0E-4
8.3	  0.0
8.4	  0.0
8.5	  0.0
8.6	  0.0
8.7	  0.0
8.8	  0.0
8.9	  0.0
9.0	  0.0



DATASET #7

Name: 95% Conf
Num Points: 66
Info: 

X, Y Data:
2.5	1.0	[1.0	1.0]
2.6	1.0	[1.0	1.0]
2.7	1.0	[1.0	1.0]
2.8	1.0	[1.0	1.0]
2.9	1.0	[1.0	1.0]
3.0	1.0	[1.0	1.0]
3.1	1.0	[1.0	1.0]
3.2	1.0	[1.0	1.0]
3.3	1.0	[1.0	1.0]
3.4	1.0	[1.0	1.0]
3.5	1.0	[1.0	1.0]
3.6	1.0	[1.0	1.0]
3.7	1.0	[1.0	1.0]
3.8	1.0	[1.0	1.0]
3.9	1.0	[1.0	1.0]
4.0	0.9999	[0.9993507	0.99999475]
4.1	0.9988	[0.99784005	0.99934965]
4.2	0.9946	[0.9929049	0.9959021]
4.3	0.9848	[0.9821552	0.9870647]
4.4	0.9665	[0.9627377	0.96989894]
4.5	0.9343	[0.92922354	0.93903947]
4.6	0.8895	[0.88315374	0.89554465]
4.7	0.8347	[0.8272404	0.84190077]
4.8	0.7565	[0.74793977	0.76486206]
4.9	0.679	[0.6697319	0.68812984]
5.0	0.6021	[0.59241885	0.6117023]
5.1	0.5227	[0.51285326	0.53252923]
5.2	0.4471	[0.4373273	0.45691356]
5.3	0.3825	[0.37297153	0.39211917]
5.4	0.3235	[0.31435058	0.33278573]
5.5	0.2703	[0.2616353	0.2791421]
5.6	0.228	[0.21983299	0.23637718]
5.7	0.1896	[0.18198764	0.19745229]
5.8	0.1601	[0.15299435	0.16746852]
5.9	0.1297	[0.12320796	0.1364786]
6.0	0.1093	[0.10328511	0.1156174]
6.1	0.0878	[0.08236167	0.09355777]
6.2	0.074	[0.06898287	0.07934749]
6.3	0.0611	[0.056523766	0.066016905]
6.4	0.0481	[0.04402888	0.052522328]
6.5	0.0375	[0.033902813	0.041457165]
6.6	0.0317	[0.028394496	0.0353704]
6.7	0.0241	[0.021224983	0.027346589]
6.8	0.0194	[0.016828854	0.022347068]
6.9	0.0161	[0.0137662245	0.018812932]
7.0	0.0123	[0.010273599	0.014709601]
7.1	0.0097	[0.007913355	0.011872961]
7.2	0.0071	[0.0055888337	0.00900115]
7.3	0.0054	[0.004097885	0.0070950864]
7.4	0.0038	[0.002727734	0.0052689645]
7.5	0.0024	[0.0015732044	0.0036285024]
7.6	0.002	[0.0012558516	0.0031479585]
7.7	0.0011	[5.78654E-4	0.002032798]
7.8	8.0E-4	[3.72026E-4	0.0016440704]
7.9	5.0E-4	[1.8409123E-4	0.0012396665]
8.0	4.0E-4	[1.281423E-4	0.0010995757]
8.1	2.0E-4	[3.464177E-5	8.0633943E-4]
8.2	1.0E-4	[5.219881E-6	6.492555E-4]
8.3	0.0	[0.0	4.787542E-4]
8.4	0.0	[0.0	0.0]
8.5	0.0	[0.0	0.0]
8.6	0.0	[0.0	0.0]
8.7	0.0	[0.0	0.0]
8.8	0.0	[0.0	0.0]
8.9	0.0	[0.0	0.0]
9.0	0.0	[0.0	0.0]



DATASET #8

     Name: Supra
   Points: 66
     Info: 

Data[x,y]:
2.5	  0.0748
2.6	  0.0748
2.7	  0.0748
2.8	  0.0748
2.9	  0.0748
3.0	  0.0748
3.1	  0.0748
3.2	  0.0748
3.3	  0.0748
3.4	  0.0748
3.5	  0.0748
3.6	  0.0748
3.7	  0.0748
3.8	  0.0748
3.9	  0.0748
4.0	  0.0748
4.1	  0.0748
4.2	  0.0748
4.3	  0.0748
4.4	  0.0748
4.5	  0.0748
4.6	  0.0748
4.7	  0.0748
4.8	  0.0748
4.9	  0.0748
5.0	  0.0748
5.1	  0.0748
5.2	  0.0748
5.3	  0.0748
5.4	  0.0748
5.5	  0.0748
5.6	  0.0748
5.7	  0.0748
5.8	  0.0748
5.9	  0.0695
6.0	  0.0661
6.1	  0.0571
6.2	  0.0528
6.3	  0.0461
6.4	  0.0373
6.5	  0.0306
6.6	  0.0268
6.7	  0.021
6.8	  0.0175
6.9	  0.0147
7.0	  0.0113
7.1	  0.009
7.2	  0.0069
7.3	  0.0053
7.4	  0.0038
7.5	  0.0024
7.6	  0.002
7.7	  0.0011
7.8	  8.0E-4
7.9	  5.0E-4
8.0	  4.0E-4
8.1	  2.0E-4
8.2	  1.0E-4
8.3	  0.0
8.4	  0.0
8.5	  0.0
8.6	  0.0
8.7	  0.0
8.8	  0.0
8.9	  0.0
9.0	  0.0



DATASET #9

     Name: Primary
   Points: 66
     Info: 

Data[x,y]:
2.5	  216.548
2.6	  172.0013
2.7	  136.5372
2.8	  108.4063
2.9	  86.1282
3.0	  68.4556
3.1	  54.361
3.2	  43.2053
3.3	  34.313
3.4	  27.2781
3.5	  21.6566
3.6	  17.1989
3.7	  13.6559
3.8	  10.8849
3.9	  8.6359
4.0	  6.8717
4.1	  5.4646
4.2	  4.3432
4.3	  3.4527
4.4	  2.7449
4.5	  2.1754
4.6	  1.7364
4.7	  1.3803
4.8	  1.0901
4.9	  0.8687
5.0	  0.6911
5.1	  0.5506
5.2	  0.4352
5.3	  0.3497
5.4	  0.2794
5.5	  0.2229
5.6	  0.1791
5.7	  0.1434
5.8	  0.1174
5.9	  0.0917
6.0	  0.0762
6.1	  0.0604
6.2	  0.0507
6.3	  0.0416
6.4	  0.0324
6.5	  0.0253
6.6	  0.0216
6.7	  0.0165
6.8	  0.0133
6.9	  0.0107
7.0	  0.0084
7.1	  0.0062
7.2	  0.0043
7.3	  0.0032
7.4	  0.0023
7.5	  0.0013
7.6	  0.001
7.7	  6.0E-4
7.8	  4.0E-4
7.9	  2.0E-4
8.0	  2.0E-4
8.1	  1.0E-4
8.2	  0.0
8.3	  0.0
8.4	  0.0
8.5	  0.0
8.6	  0.0
8.7	  0.0
8.8	  0.0
8.9	  0.0
9.0	  0.0


