
X-Axis: Magnitude
Y-Axis: 1 Day Cumulative Number
Number of Data Sets: 9


DATASET #1

     Name: Mean
   Points: 66
     Info: 

Data[x,y]:
2.5	  1440.5421
2.6	  1144.3407
2.7	  908.9209
2.8	  721.98486
2.9	  573.48206
3.0	  455.5543
3.1	  361.8229
3.2	  287.363
3.3	  228.21938
3.4	  181.25813
3.5	  143.9373
3.6	  114.29203
3.7	  90.765564
3.8	  72.07522
3.9	  57.2155
4.0	  45.421658
4.1	  36.05549
4.2	  28.625748
4.3	  22.70759
4.4	  18.00879
4.5	  14.28759
4.6	  11.325056
4.7	  8.973795
4.8	  7.1073055
4.9	  5.622534
5.0	  4.442818
5.1	  3.5006056
5.2	  2.7554388
5.3	  2.167639
5.4	  1.6981335
5.5	  1.3230531
5.6	  1.0273424
5.7	  0.79420274
5.8	  0.61027193
5.9	  0.4629048
6.0	  0.35805935
6.1	  0.26862794
6.2	  0.1915822
6.3	  0.14227441
6.4	  0.10658838
6.5	  0.07985167
6.6	  0.061854143
6.7	  0.04736712
6.8	  0.035760198
6.9	  0.026291719
7.0	  0.0192089
7.1	  0.015327564
7.2	  0.0111742895
7.3	  0.007577256
7.4	  0.0064029666
7.5	  0.0049443757
7.6	  0.002880099
7.7	  9.023486E-4
7.8	  5.438813E-4
7.9	  2.3485786E-4
8.0	  9.888752E-5
8.1	  2.472188E-5
8.2	  0.0
8.3	  0.0
8.4	  0.0
8.5	  0.0
8.6	  0.0
8.7	  0.0
8.8	  0.0
8.9	  0.0
9.0	  0.0



DATASET #2

     Name: 2.5%,97.5%
   Points: 66
     Info: 

Data[x,y]:
2.5	  1203.0
2.6	  950.0
2.7	  750.0
2.8	  591.0
2.9	  466.0
3.0	  366.0
3.1	  288.0
3.2	  225.0
3.3	  176.0
3.4	  137.0
3.5	  107.0
3.6	  83.0
3.7	  64.0
3.8	  49.0
3.9	  38.0
4.0	  28.0
4.1	  21.0
4.2	  16.0
4.3	  12.0
4.4	  9.0
4.5	  6.0
4.6	  4.0
4.7	  3.0
4.8	  2.0
4.9	  1.0
5.0	  1.0
5.1	  0.0
5.2	  0.0
5.3	  0.0
5.4	  0.0
5.5	  0.0
5.6	  0.0
5.7	  0.0
5.8	  0.0
5.9	  0.0
6.0	  0.0
6.1	  0.0
6.2	  0.0
6.3	  0.0
6.4	  0.0
6.5	  0.0
6.6	  0.0
6.7	  0.0
6.8	  0.0
6.9	  0.0
7.0	  0.0
7.1	  0.0
7.2	  0.0
7.3	  0.0
7.4	  0.0
7.5	  0.0
7.6	  0.0
7.7	  0.0
7.8	  0.0
7.9	  0.0
8.0	  0.0
8.1	  0.0
8.2	  0.0
8.3	  0.0
8.4	  0.0
8.5	  0.0
8.6	  0.0
8.7	  0.0
8.8	  0.0
8.9	  0.0
9.0	  0.0



DATASET #3

     Name: null
   Points: 66
     Info: 

Data[x,y]:
2.5	  2225.0
2.6	  1771.0
2.7	  1407.0
2.8	  1116.0
2.9	  888.0
3.0	  705.0
3.1	  562.0
3.2	  447.0
3.3	  356.0
3.4	  284.0
3.5	  226.0
3.6	  180.0
3.7	  144.0
3.8	  116.0
3.9	  93.0
4.0	  75.0
4.1	  60.0
4.2	  49.0
4.3	  40.0
4.4	  32.0
4.5	  27.0
4.6	  22.0
4.7	  18.0
4.8	  15.0
4.9	  13.0
5.0	  11.0
5.1	  9.0
5.2	  7.0
5.3	  6.0
5.4	  5.0
5.5	  5.0
5.6	  4.0
5.7	  3.0
5.8	  3.0
5.9	  2.0
6.0	  2.0
6.1	  2.0
6.2	  1.0
6.3	  1.0
6.4	  1.0
6.5	  1.0
6.6	  1.0
6.7	  1.0
6.8	  1.0
6.9	  1.0
7.0	  0.0
7.1	  0.0
7.2	  0.0
7.3	  0.0
7.4	  0.0
7.5	  0.0
7.6	  0.0
7.7	  0.0
7.8	  0.0
7.9	  0.0
8.0	  0.0
8.1	  0.0
8.2	  0.0
8.3	  0.0
8.4	  0.0
8.5	  0.0
8.6	  0.0
8.7	  0.0
8.8	  0.0
8.9	  0.0
9.0	  0.0



DATASET #4

     Name: Median
   Points: 66
     Info: 

Data[x,y]:
2.5	  1351.0
2.6	  1074.0
2.7	  854.0
2.8	  679.0
2.9	  540.0
3.0	  429.0
3.1	  341.0
3.2	  271.0
3.3	  216.0
3.4	  172.0
3.5	  136.0
3.6	  108.0
3.7	  86.0
3.8	  68.0
3.9	  54.0
4.0	  43.0
4.1	  34.0
4.2	  27.0
4.3	  22.0
4.4	  17.0
4.5	  13.0
4.6	  11.0
4.7	  8.0
4.8	  7.0
4.9	  5.0
5.0	  4.0
5.1	  3.0
5.2	  2.0
5.3	  2.0
5.4	  1.0
5.5	  1.0
5.6	  1.0
5.7	  1.0
5.8	  0.0
5.9	  0.0
6.0	  0.0
6.1	  0.0
6.2	  0.0
6.3	  0.0
6.4	  0.0
6.5	  0.0
6.6	  0.0
6.7	  0.0
6.8	  0.0
6.9	  0.0
7.0	  0.0
7.1	  0.0
7.2	  0.0
7.3	  0.0
7.4	  0.0
7.5	  0.0
7.6	  0.0
7.7	  0.0
7.8	  0.0
7.9	  0.0
8.0	  0.0
8.1	  0.0
8.2	  0.0
8.3	  0.0
8.4	  0.0
8.5	  0.0
8.6	  0.0
8.7	  0.0
8.8	  0.0
8.9	  0.0
9.0	  0.0



DATASET #5

     Name: Mode
   Points: 66
     Info: 

Data[x,y]:
2.5	  1327.0
2.6	  1046.0
2.7	  825.0
2.8	  655.0
2.9	  522.0
3.0	  419.0
3.1	  334.0
3.2	  266.0
3.3	  209.0
3.4	  166.0
3.5	  135.0
3.6	  103.0
3.7	  86.0
3.8	  67.0
3.9	  53.0
4.0	  41.0
4.1	  33.0
4.2	  26.0
4.3	  20.0
4.4	  16.0
4.5	  13.0
4.6	  10.0
4.7	  8.0
4.8	  6.0
4.9	  5.0
5.0	  3.0
5.1	  3.0
5.2	  2.0
5.3	  1.0
5.4	  1.0
5.5	  1.0
5.6	  0.0
5.7	  0.0
5.8	  0.0
5.9	  0.0
6.0	  0.0
6.1	  0.0
6.2	  0.0
6.3	  0.0
6.4	  0.0
6.5	  0.0
6.6	  0.0
6.7	  0.0
6.8	  0.0
6.9	  0.0
7.0	  0.0
7.1	  0.0
7.2	  0.0
7.3	  0.0
7.4	  0.0
7.5	  0.0
7.6	  0.0
7.7	  0.0
7.8	  0.0
7.9	  0.0
8.0	  0.0
8.1	  0.0
8.2	  0.0
8.3	  0.0
8.4	  0.0
8.5	  0.0
8.6	  0.0
8.7	  0.0
8.8	  0.0
8.9	  0.0
9.0	  0.0



DATASET #6

     Name: 1 d Prob
   Points: 66
     Info: 

Data[x,y]:
2.5	  1.0
2.6	  1.0
2.7	  1.0
2.8	  1.0
2.9	  1.0
3.0	  1.0
3.1	  1.0
3.2	  1.0
3.3	  1.0
3.4	  1.0
3.5	  1.0
3.6	  1.0
3.7	  1.0
3.8	  1.0
3.9	  1.0
4.0	  1.0
4.1	  1.0
4.2	  1.0
4.3	  1.0
4.4	  1.0
4.5	  0.99998766
4.6	  0.99992585
4.7	  0.99941903
4.8	  0.99736714
4.9	  0.992089
5.0	  0.9783436
5.1	  0.9521384
5.2	  0.91096413
5.3	  0.8528059
5.4	  0.7796415
5.5	  0.69312733
5.6	  0.6030902
5.7	  0.51226205
5.8	  0.42679852
5.9	  0.3466131
6.0	  0.28203955
6.1	  0.22187886
6.2	  0.16641533
6.3	  0.12684797
6.4	  0.09651422
6.5	  0.07339926
6.6	  0.058084056
6.7	  0.044783685
6.8	  0.034103833
6.9	  0.025426453
7.0	  0.018788628
7.1	  0.015055624
7.2	  0.011087763
7.3	  0.0075030904
7.4	  0.006328801
7.5	  0.0048825713
7.6	  0.002855377
7.7	  9.023486E-4
7.8	  5.438813E-4
7.9	  2.3485786E-4
8.0	  9.888752E-5
8.1	  2.472188E-5
8.2	  0.0
8.3	  0.0
8.4	  0.0
8.5	  0.0
8.6	  0.0
8.7	  0.0
8.8	  0.0
8.9	  0.0
9.0	  0.0



DATASET #7

Name: 95% Conf
Num Points: 66
Info: 

X, Y Data:
2.5	1.0	[1.0	1.0]
2.6	1.0	[1.0	1.0]
2.7	1.0	[1.0	1.0]
2.8	1.0	[1.0	1.0]
2.9	1.0	[1.0	1.0]
3.0	1.0	[1.0	1.0]
3.1	1.0	[1.0	1.0]
3.2	1.0	[1.0	1.0]
3.3	1.0	[1.0	1.0]
3.4	1.0	[1.0	1.0]
3.5	1.0	[1.0	1.0]
3.6	1.0	[1.0	1.0]
3.7	1.0	[1.0	1.0]
3.8	1.0	[1.0	1.0]
3.9	1.0	[1.0	1.0]
4.0	1.0	[1.0	1.0]
4.1	1.0	[1.0	1.0]
4.2	1.0	[1.0	1.0]
4.3	1.0	[1.0	1.0]
4.4	1.0	[1.0	1.0]
4.5	0.99998766	[0.9999197	0.99999934]
4.6	0.99992585	[0.99982977	0.99996984]
4.7	0.99941903	[0.99922055	0.99956834]
4.8	0.99736714	[0.996983	0.9977032]
4.9	0.992089	[0.9914483	0.9926825]
5.0	0.9783436	[0.9773113	0.97933024]
5.1	0.9521384	[0.95063955	0.9535942]
5.2	0.91096413	[0.90897584	0.9129133]
5.3	0.8528059	[0.8503415	0.85523677]
5.4	0.7796415	[0.7767658	0.7824906]
5.5	0.69312733	[0.6899339	0.69630235]
5.6	0.6030902	[0.5997078	0.6064629]
5.7	0.51226205	[0.50881094	0.515712]
5.8	0.42679852	[0.42338753	0.43021646]
5.9	0.3466131	[0.3433349	0.34990588]
6.0	0.28203955	[0.2789429	0.28515694]
6.1	0.22187886	[0.21902268	0.22476152]
6.2	0.16641533	[0.16385847	0.16900395]
6.3	0.12684797	[0.12456619	0.12916526]
6.4	0.09651422	[0.09449233	0.098574534]
6.5	0.07339926	[0.071616225	0.07522295]
6.6	0.058084056	[0.05648702	0.059723217]
6.7	0.044783685	[0.043373827	0.04623696]
6.8	0.034103833	[0.03286903	0.035383098]
6.9	0.025426453	[0.02435797	0.026540259]
7.0	0.018788628	[0.017869547	0.01975371]
7.1	0.015055624	[0.0142332	0.015924443]
7.2	0.011087763	[0.010383063	0.01183929]
7.3	0.0075030904	[0.006925436	0.008128001]
7.4	0.006328801	[0.0057993704	0.0069056437]
7.5	0.0048825713	[0.0044193054	0.005393461]
7.6	0.002855377	[0.0025047518	0.0032540066]
7.7	9.023486E-4	[7.1231794E-4	0.0011411837]
7.8	5.438813E-4	[3.99922E-4	7.370776E-4]
7.9	2.3485786E-4	[1.4554818E-4	3.7433926E-4]
8.0	9.888752E-5	[4.5980858E-5	2.033159E-4]
8.1	2.472188E-5	[4.281967E-6	9.970825E-5]
8.2	0.0	[0.0	5.9198657E-5]
8.3	0.0	[0.0	5.9198657E-5]
8.4	0.0	[0.0	0.0]
8.5	0.0	[0.0	0.0]
8.6	0.0	[0.0	0.0]
8.7	0.0	[0.0	0.0]
8.8	0.0	[0.0	0.0]
8.9	0.0	[0.0	0.0]
9.0	0.0	[0.0	0.0]



DATASET #8

     Name: Supra
   Points: 66
     Info: 

Data[x,y]:
2.5	  0.07383189
2.6	  0.07383189
2.7	  0.07383189
2.8	  0.07383189
2.9	  0.07383189
3.0	  0.07383189
3.1	  0.07383189
3.2	  0.07383189
3.3	  0.07383189
3.4	  0.07383189
3.5	  0.07383189
3.6	  0.07383189
3.7	  0.07383189
3.8	  0.07383189
3.9	  0.07383189
4.0	  0.07383189
4.1	  0.07383189
4.2	  0.07383189
4.3	  0.07383189
4.4	  0.07383189
4.5	  0.07383189
4.6	  0.07383189
4.7	  0.07383189
4.8	  0.07383189
4.9	  0.07383189
5.0	  0.07383189
5.1	  0.07383189
5.2	  0.07383189
5.3	  0.07383189
5.4	  0.07383189
5.5	  0.07383189
5.6	  0.07383189
5.7	  0.07383189
5.8	  0.07383189
5.9	  0.07379481
6.0	  0.07372064
6.1	  0.060346108
6.2	  0.04839308
6.3	  0.03933251
6.4	  0.03433869
6.5	  0.029777503
6.6	  0.027416565
6.7	  0.023844251
6.8	  0.020407911
6.9	  0.016674908
7.0	  0.01328801
7.1	  0.01184178
7.2	  0.009394314
7.3	  0.006662546
7.4	  0.0059950557
7.5	  0.0047466005
7.6	  0.0028059334
7.7	  8.776267E-4
7.8	  5.438813E-4
7.9	  2.3485786E-4
8.0	  9.888752E-5
8.1	  2.472188E-5
8.2	  0.0
8.3	  0.0
8.4	  0.0
8.5	  0.0
8.6	  0.0
8.7	  0.0
8.8	  0.0
8.9	  0.0
9.0	  0.0



DATASET #9

     Name: Primary
   Points: 66
     Info: 

Data[x,y]:
2.5	  1064.8491
2.6	  845.8785
2.7	  671.8758
2.8	  533.70087
2.9	  423.889
3.0	  336.71677
3.1	  267.43576
3.2	  212.39111
3.3	  168.70726
3.4	  133.98431
3.5	  106.40359
3.6	  84.496635
3.7	  67.09583
3.8	  53.28665
3.9	  42.3033
4.0	  33.58764
4.1	  26.661037
4.2	  21.16487
4.3	  16.787207
4.4	  13.3196535
4.5	  10.567491
4.6	  8.379493
4.7	  6.6425095
4.8	  5.2556615
4.9	  4.1560693
5.0	  3.28288
5.1	  2.5876884
5.2	  2.035377
5.3	  1.6010878
5.4	  1.2548208
5.5	  0.9779728
5.6	  0.76058096
5.7	  0.58777505
5.8	  0.45071694
5.9	  0.3418418
6.0	  0.26353523
6.1	  0.19794808
6.2	  0.14255871
6.3	  0.10555006
6.4	  0.0784178
6.5	  0.058343634
6.6	  0.045512978
6.7	  0.034573548
6.8	  0.025747837
6.9	  0.018578492
7.0	  0.01341162
7.1	  0.010346106
7.2	  0.0074660075
7.3	  0.0049567367
7.4	  0.004091471
7.5	  0.0032014833
7.6	  0.0018912237
7.7	  5.9332506E-4
7.8	  3.461063E-4
7.9	  1.3597033E-4
8.0	  4.944376E-5
8.1	  1.236094E-5
8.2	  0.0
8.3	  0.0
8.4	  0.0
8.5	  0.0
8.6	  0.0
8.7	  0.0
8.8	  0.0
8.9	  0.0
9.0	  0.0


