
X-Axis: Magnitude
Y-Axis: 1 Year Cumulative Number
Number of Data Sets: 9


DATASET #1

     Name: Mean
   Points: 66
     Info: 

Data[x,y]:
2.5	  4133.109
2.6	  3283.0908
2.7	  2607.9912
2.8	  2071.4048
2.9	  1645.1753
3.0	  1306.6196
3.1	  1037.7175
3.2	  824.2313
3.3	  654.5705
3.4	  519.9961
3.5	  412.97592
3.6	  327.88882
3.7	  260.42862
3.8	  206.8502
3.9	  164.30385
4.0	  130.47972
4.1	  103.60089
4.2	  82.29037
4.3	  65.242065
4.4	  51.72935
4.5	  40.991093
4.6	  32.499634
4.7	  25.745708
4.8	  20.387287
4.9	  16.15595
5.0	  12.745952
5.1	  10.039069
5.2	  7.9034414
5.3	  6.2002835
5.4	  4.859352
5.5	  3.7883806
5.6	  2.9342916
5.7	  2.2611337
5.8	  1.7267611
5.9	  1.3118218
6.0	  1.0193118
6.1	  0.76012146
6.2	  0.5372875
6.3	  0.39894736
6.4	  0.30295548
6.5	  0.22793522
6.6	  0.17489879
6.7	  0.13506073
6.8	  0.10392713
6.9	  0.076963566
7.0	  0.057813764
7.1	  0.045060728
7.2	  0.032672066
7.3	  0.02242915
7.4	  0.019068826
7.5	  0.014817813
7.6	  0.008744939
7.7	  0.0034008098
7.8	  0.0019838056
7.9	  0.0010526315
8.0	  3.6437248E-4
8.1	  8.097166E-5
8.2	  0.0
8.3	  0.0
8.4	  0.0
8.5	  0.0
8.6	  0.0
8.7	  0.0
8.8	  0.0
8.9	  0.0
9.0	  0.0



DATASET #2

     Name: 2.5%,97.5%
   Points: 66
     Info: 

Data[x,y]:
2.5	  2958.0
2.6	  2343.0
2.7	  1857.0
2.8	  1471.0
2.9	  1163.0
3.0	  918.0
3.1	  726.0
3.2	  573.0
3.3	  452.0
3.4	  355.0
3.5	  279.0
3.6	  219.0
3.7	  172.0
3.8	  134.0
3.9	  104.0
4.0	  81.0
4.1	  62.0
4.2	  48.0
4.3	  36.0
4.4	  28.0
4.5	  21.0
4.6	  15.0
4.7	  11.0
4.8	  8.0
4.9	  6.0
5.0	  4.0
5.1	  3.0
5.2	  2.0
5.3	  1.0
5.4	  0.0
5.5	  0.0
5.6	  0.0
5.7	  0.0
5.8	  0.0
5.9	  0.0
6.0	  0.0
6.1	  0.0
6.2	  0.0
6.3	  0.0
6.4	  0.0
6.5	  0.0
6.6	  0.0
6.7	  0.0
6.8	  0.0
6.9	  0.0
7.0	  0.0
7.1	  0.0
7.2	  0.0
7.3	  0.0
7.4	  0.0
7.5	  0.0
7.6	  0.0
7.7	  0.0
7.8	  0.0
7.9	  0.0
8.0	  0.0
8.1	  0.0
8.2	  0.0
8.3	  0.0
8.4	  0.0
8.5	  0.0
8.6	  0.0
8.7	  0.0
8.8	  0.0
8.9	  0.0
9.0	  0.0



DATASET #3

     Name: null
   Points: 66
     Info: 

Data[x,y]:
2.5	  9276.0
2.6	  7364.0
2.7	  5858.0
2.8	  4669.0
2.9	  3721.0
3.0	  2960.0
3.1	  2333.0
3.2	  1862.0
3.3	  1487.0
3.4	  1187.0
3.5	  935.0
3.6	  744.0
3.7	  595.0
3.8	  474.0
3.9	  374.0
4.0	  297.0
4.1	  238.0
4.2	  190.0
4.3	  152.0
4.4	  121.0
4.5	  97.0
4.6	  78.0
4.7	  62.0
4.8	  50.0
4.9	  40.0
5.0	  32.0
5.1	  26.0
5.2	  21.0
5.3	  17.0
5.4	  14.0
5.5	  11.0
5.6	  9.0
5.7	  8.0
5.8	  6.0
5.9	  5.0
6.0	  4.0
6.1	  4.0
6.2	  3.0
6.3	  2.0
6.4	  2.0
6.5	  2.0
6.6	  1.0
6.7	  1.0
6.8	  1.0
6.9	  1.0
7.0	  1.0
7.1	  1.0
7.2	  1.0
7.3	  0.0
7.4	  0.0
7.5	  0.0
7.6	  0.0
7.7	  0.0
7.8	  0.0
7.9	  0.0
8.0	  0.0
8.1	  0.0
8.2	  0.0
8.3	  0.0
8.4	  0.0
8.5	  0.0
8.6	  0.0
8.7	  0.0
8.8	  0.0
8.9	  0.0
9.0	  0.0



DATASET #4

     Name: Median
   Points: 66
     Info: 

Data[x,y]:
2.5	  3607.0
2.6	  2867.0
2.7	  2278.0
2.8	  1810.0
2.9	  1437.0
3.0	  1143.0
3.1	  908.0
3.2	  722.0
3.3	  574.0
3.4	  457.0
3.5	  363.0
3.6	  289.0
3.7	  230.0
3.8	  182.0
3.9	  145.0
4.0	  115.0
4.1	  92.0
4.2	  73.0
4.3	  58.0
4.4	  46.0
4.5	  36.0
4.6	  29.0
4.7	  23.0
4.8	  18.0
4.9	  14.0
5.0	  11.0
5.1	  9.0
5.2	  7.0
5.3	  5.0
5.4	  4.0
5.5	  3.0
5.6	  2.0
5.7	  2.0
5.8	  1.0
5.9	  1.0
6.0	  1.0
6.1	  0.0
6.2	  0.0
6.3	  0.0
6.4	  0.0
6.5	  0.0
6.6	  0.0
6.7	  0.0
6.8	  0.0
6.9	  0.0
7.0	  0.0
7.1	  0.0
7.2	  0.0
7.3	  0.0
7.4	  0.0
7.5	  0.0
7.6	  0.0
7.7	  0.0
7.8	  0.0
7.9	  0.0
8.0	  0.0
8.1	  0.0
8.2	  0.0
8.3	  0.0
8.4	  0.0
8.5	  0.0
8.6	  0.0
8.7	  0.0
8.8	  0.0
8.9	  0.0
9.0	  0.0



DATASET #5

     Name: Mode
   Points: 66
     Info: 

Data[x,y]:
2.5	  3389.0
2.6	  2728.0
2.7	  2037.0
2.8	  1665.0
2.9	  1358.0
3.0	  1060.0
3.1	  800.0
3.2	  665.0
3.3	  524.0
3.4	  433.0
3.5	  336.0
3.6	  266.0
3.7	  208.0
3.8	  169.0
3.9	  140.0
4.0	  113.0
4.1	  88.0
4.2	  65.0
4.3	  55.0
4.4	  41.0
4.5	  34.0
4.6	  25.0
4.7	  20.0
4.8	  17.0
4.9	  12.0
5.0	  11.0
5.1	  8.0
5.2	  6.0
5.3	  4.0
5.4	  3.0
5.5	  3.0
5.6	  2.0
5.7	  1.0
5.8	  1.0
5.9	  0.0
6.0	  0.0
6.1	  0.0
6.2	  0.0
6.3	  0.0
6.4	  0.0
6.5	  0.0
6.6	  0.0
6.7	  0.0
6.8	  0.0
6.9	  0.0
7.0	  0.0
7.1	  0.0
7.2	  0.0
7.3	  0.0
7.4	  0.0
7.5	  0.0
7.6	  0.0
7.7	  0.0
7.8	  0.0
7.9	  0.0
8.0	  0.0
8.1	  0.0
8.2	  0.0
8.3	  0.0
8.4	  0.0
8.5	  0.0
8.6	  0.0
8.7	  0.0
8.8	  0.0
8.9	  0.0
9.0	  0.0



DATASET #6

     Name: 1 yr Prob
   Points: 66
     Info: 

Data[x,y]:
2.5	  1.0
2.6	  1.0
2.7	  1.0
2.8	  1.0
2.9	  1.0
3.0	  1.0
3.1	  1.0
3.2	  1.0
3.3	  1.0
3.4	  1.0
3.5	  1.0
3.6	  1.0
3.7	  1.0
3.8	  1.0
3.9	  1.0
4.0	  1.0
4.1	  1.0
4.2	  1.0
4.3	  1.0
4.4	  1.0
4.5	  1.0
4.6	  1.0
4.7	  1.0
4.8	  1.0
4.9	  1.0
5.0	  0.9998785
5.1	  0.99923074
5.2	  0.99611336
5.3	  0.9891498
5.4	  0.9718624
5.5	  0.9407287
5.6	  0.89206475
5.7	  0.8299595
5.8	  0.7477733
5.9	  0.6568421
6.0	  0.5680972
6.1	  0.47218624
6.2	  0.37190282
6.3	  0.29473683
6.4	  0.23408906
6.5	  0.18352227
6.6	  0.14769231
6.7	  0.11631579
6.8	  0.093036436
6.9	  0.07109312
7.0	  0.054331984
7.1	  0.043360323
7.2	  0.031902835
7.3	  0.021902833
7.4	  0.01874494
7.5	  0.014615385
7.6	  0.008623482
7.7	  0.003319838
7.8	  0.0019433198
7.9	  0.0010121458
8.0	  3.6437248E-4
8.1	  8.097166E-5
8.2	  0.0
8.3	  0.0
8.4	  0.0
8.5	  0.0
8.6	  0.0
8.7	  0.0
8.8	  0.0
8.9	  0.0
9.0	  0.0



DATASET #7

Name: 95% Conf
Num Points: 66
Info: 

X, Y Data:
2.5	1.0	[1.0	1.0]
2.6	1.0	[1.0	1.0]
2.7	1.0	[1.0	1.0]
2.8	1.0	[1.0	1.0]
2.9	1.0	[1.0	1.0]
3.0	1.0	[1.0	1.0]
3.1	1.0	[1.0	1.0]
3.2	1.0	[1.0	1.0]
3.3	1.0	[1.0	1.0]
3.4	1.0	[1.0	1.0]
3.5	1.0	[1.0	1.0]
3.6	1.0	[1.0	1.0]
3.7	1.0	[1.0	1.0]
3.8	1.0	[1.0	1.0]
3.9	1.0	[1.0	1.0]
4.0	1.0	[1.0	1.0]
4.1	1.0	[1.0	1.0]
4.2	1.0	[1.0	1.0]
4.3	1.0	[1.0	1.0]
4.4	1.0	[1.0	1.0]
4.5	1.0	[1.0	1.0]
4.6	1.0	[1.0	1.0]
4.7	1.0	[1.0	1.0]
4.8	1.0	[1.0	1.0]
4.9	1.0	[1.0	1.0]
5.0	0.9998785	[0.999613	0.99996865]
5.1	0.99923074	[0.9987742	0.9995232]
5.2	0.99611336	[0.99523425	0.9968342]
5.3	0.9891498	[0.98775816	0.9903869]
5.4	0.9718624	[0.96970457	0.97387195]
5.5	0.9407287	[0.9376941	0.9436254]
5.6	0.89206475	[0.88811326	0.8958937]
5.7	0.8299595	[0.8252028	0.83461314]
5.8	0.7477733	[0.74229854	0.75317067]
5.9	0.6568421	[0.65087694	0.66275835]
6.0	0.5680972	[0.5618893	0.5742838]
6.1	0.47218624	[0.4659449	0.47843626]
6.2	0.37190282	[0.36587554	0.3779701]
6.3	0.29473683	[0.28906307	0.30047467]
6.4	0.23408906	[0.22882994	0.23943122]
6.5	0.18352227	[0.17872405	0.18841933]
6.6	0.14769231	[0.1433024	0.1521923]
6.7	0.11631579	[0.11235708	0.12039443]
6.8	0.093036436	[0.08945689	0.096743256]
6.9	0.07109312	[0.06793471	0.07438577]
7.0	0.054331984	[0.05155405	0.057249516]
7.1	0.043360323	[0.040870897	0.0459929]
7.2	0.031902835	[0.029763317	0.03418928]
7.3	0.021902833	[0.020131033	0.023824977]
7.4	0.01874494	[0.017107531	0.020533813]
7.5	0.014615385	[0.013173225	0.016210543]
7.6	0.008623482	[0.0075254506	0.009877014]
7.7	0.003319838	[0.0026575436	0.00414094]
7.8	0.0019433198	[0.001448739	0.0025984554]
7.9	0.0010121458	[6.693572E-4	0.0015178999]
8.0	3.6437248E-4	[1.7783511E-4	7.188692E-4]
8.1	8.097166E-5	[1.4024828E-5	3.2653578E-4]
8.2	0.0	[0.0	1.938724E-4]
8.3	0.0	[0.0	1.938724E-4]
8.4	0.0	[0.0	0.0]
8.5	0.0	[0.0	0.0]
8.6	0.0	[0.0	0.0]
8.7	0.0	[0.0	0.0]
8.8	0.0	[0.0	0.0]
8.9	0.0	[0.0	0.0]
9.0	0.0	[0.0	0.0]



DATASET #8

     Name: Supra
   Points: 66
     Info: 

Data[x,y]:
2.5	  0.20182186
2.6	  0.20182186
2.7	  0.20182186
2.8	  0.20182186
2.9	  0.20182186
3.0	  0.20182186
3.1	  0.20182186
3.2	  0.20182186
3.3	  0.20182186
3.4	  0.20182186
3.5	  0.20182186
3.6	  0.20182186
3.7	  0.20182186
3.8	  0.20182186
3.9	  0.20182186
4.0	  0.20182186
4.1	  0.20182186
4.2	  0.20182186
4.3	  0.20182186
4.4	  0.20182186
4.5	  0.20182186
4.6	  0.20182186
4.7	  0.20182186
4.8	  0.20182186
4.9	  0.20182186
5.0	  0.20182186
5.1	  0.20182186
5.2	  0.20182186
5.3	  0.20182186
5.4	  0.20182186
5.5	  0.20182186
5.6	  0.20182186
5.7	  0.20182186
5.8	  0.20178138
5.9	  0.20174089
6.0	  0.20153846
6.1	  0.16566801
6.2	  0.13412955
6.3	  0.10898785
6.4	  0.095465586
6.5	  0.082834005
6.6	  0.075182185
6.7	  0.065465584
6.8	  0.05757085
6.9	  0.047732793
7.0	  0.039595142
7.1	  0.034736842
7.2	  0.027408907
7.3	  0.019473685
7.4	  0.017854251
7.5	  0.014291498
7.6	  0.008582996
7.7	  0.003319838
7.8	  0.0019433198
7.9	  0.0010121458
8.0	  3.6437248E-4
8.1	  8.097166E-5
8.2	  0.0
8.3	  0.0
8.4	  0.0
8.5	  0.0
8.6	  0.0
8.7	  0.0
8.8	  0.0
8.9	  0.0
9.0	  0.0



DATASET #9

     Name: Primary
   Points: 66
     Info: 

Data[x,y]:
2.5	  2085.831
2.6	  1657.0398
2.7	  1316.2982
2.8	  1045.6752
2.9	  830.414
3.0	  659.4279
3.1	  523.66626
3.2	  415.94778
3.3	  330.3907
3.4	  262.42
3.5	  208.3632
3.6	  165.44693
3.7	  131.37547
3.8	  104.355225
3.9	  82.88061
4.0	  65.80401
4.1	  52.2551
4.2	  41.487774
4.3	  32.89579
4.4	  26.096882
4.5	  20.671984
4.6	  16.400324
4.7	  13.00081
4.8	  10.288056
4.9	  8.152632
5.0	  6.4281783
5.1	  5.065587
5.2	  3.9862752
5.3	  3.1237652
5.4	  2.4452226
5.5	  1.9037247
5.6	  1.4739271
5.7	  1.1368825
5.8	  0.86708504
5.9	  0.66052634
6.0	  0.5082996
6.1	  0.38356274
6.2	  0.27684212
6.3	  0.20663968
6.4	  0.15433198
6.5	  0.1145749
6.6	  0.08923077
6.7	  0.06765182
6.8	  0.051619433
6.9	  0.03769231
7.0	  0.027530365
7.1	  0.020728745
7.2	  0.014898785
7.3	  0.009757085
7.4	  0.007975709
7.5	  0.0060728746
7.6	  0.0038461538
7.7	  0.0014574899
7.8	  8.097166E-4
7.9	  4.4534414E-4
8.0	  1.6194332E-4
8.1	  4.048583E-5
8.2	  0.0
8.3	  0.0
8.4	  0.0
8.5	  0.0
8.6	  0.0
8.7	  0.0
8.8	  0.0
8.9	  0.0
9.0	  0.0


