
X-Axis: Magnitude
Y-Axis: 10 Year Cumulative Number
Number of Data Sets: 9


DATASET #1

     Name: Mean
   Points: 66
     Info: 

Data[x,y]:
2.5	  5492.842
2.6	  4363.0264
2.7	  3465.6694
2.8	  2752.9033
2.9	  2186.6082
3.0	  1736.7943
3.1	  1379.5251
3.2	  1095.7728
3.3	  870.3014
3.4	  691.1564
3.5	  548.86584
3.6	  435.8684
3.7	  346.1375
3.8	  274.9004
3.9	  218.29208
4.0	  173.30717
4.1	  137.54305
4.2	  109.14685
4.3	  86.59459
4.4	  68.70439
4.5	  54.48498
4.6	  43.15754
4.7	  34.18673
4.8	  27.06044
4.9	  21.40188
5.0	  16.91344
5.1	  13.34318
5.2	  10.50767
5.3	  8.2564
5.4	  6.46685
5.5	  5.04449
5.6	  3.91576
5.7	  3.01939
5.8	  2.30563
5.9	  1.74975
6.0	  1.36364
6.1	  1.01457
6.2	  0.71306
6.3	  0.5286
6.4	  0.39991
6.5	  0.30074
6.6	  0.23226
6.7	  0.18043
6.8	  0.13838
6.9	  0.10291
7.0	  0.07819
7.1	  0.06341
7.2	  0.04809
7.3	  0.03326
7.4	  0.0284
7.5	  0.02148
7.6	  0.01185
7.7	  0.00383
7.8	  0.00237
7.9	  0.00126
8.0	  4.0E-4
8.1	  5.0E-5
8.2	  1.0E-5
8.3	  0.0
8.4	  0.0
8.5	  0.0
8.6	  0.0
8.7	  0.0
8.8	  0.0
8.9	  0.0
9.0	  0.0



DATASET #2

     Name: 2.5%,97.5%
   Points: 66
     Info: 

Data[x,y]:
2.5	  3666.0
2.6	  2907.0
2.7	  2304.0
2.8	  1826.0
2.9	  1446.0
3.0	  1144.0
3.1	  905.0
3.2	  715.0
3.3	  565.0
3.4	  445.0
3.5	  350.0
3.6	  275.0
3.7	  215.0
3.8	  169.0
3.9	  132.0
4.0	  102.0
4.1	  79.0
4.2	  61.0
4.3	  47.0
4.4	  36.0
4.5	  27.0
4.6	  20.0
4.7	  15.0
4.8	  11.0
4.9	  8.0
5.0	  6.0
5.1	  4.0
5.2	  3.0
5.3	  2.0
5.4	  1.0
5.5	  0.0
5.6	  0.0
5.7	  0.0
5.8	  0.0
5.9	  0.0
6.0	  0.0
6.1	  0.0
6.2	  0.0
6.3	  0.0
6.4	  0.0
6.5	  0.0
6.6	  0.0
6.7	  0.0
6.8	  0.0
6.9	  0.0
7.0	  0.0
7.1	  0.0
7.2	  0.0
7.3	  0.0
7.4	  0.0
7.5	  0.0
7.6	  0.0
7.7	  0.0
7.8	  0.0
7.9	  0.0
8.0	  0.0
8.1	  0.0
8.2	  0.0
8.3	  0.0
8.4	  0.0
8.5	  0.0
8.6	  0.0
8.7	  0.0
8.8	  0.0
8.9	  0.0
9.0	  0.0



DATASET #3

     Name: null
   Points: 66
     Info: 

Data[x,y]:
2.5	  14478.0
2.6	  11515.0
2.7	  9139.0
2.8	  7259.0
2.9	  5766.0
3.0	  4585.0
3.1	  3641.0
3.2	  2892.0
3.3	  2301.0
3.4	  1825.0
3.5	  1452.0
3.6	  1153.0
3.7	  916.0
3.8	  726.0
3.9	  576.0
4.0	  456.0
4.1	  363.0
4.2	  289.0
4.3	  228.0
4.4	  181.0
4.5	  144.0
4.6	  114.0
4.7	  91.0
4.8	  72.0
4.9	  58.0
5.0	  46.0
5.1	  37.0
5.2	  29.0
5.3	  24.0
5.4	  19.0
5.5	  15.0
5.6	  12.0
5.7	  10.0
5.8	  8.0
5.9	  7.0
6.0	  6.0
6.1	  4.0
6.2	  3.0
6.3	  3.0
6.4	  2.0
6.5	  2.0
6.6	  2.0
6.7	  1.0
6.8	  1.0
6.9	  1.0
7.0	  1.0
7.1	  1.0
7.2	  1.0
7.3	  1.0
7.4	  1.0
7.5	  0.0
7.6	  0.0
7.7	  0.0
7.8	  0.0
7.9	  0.0
8.0	  0.0
8.1	  0.0
8.2	  0.0
8.3	  0.0
8.4	  0.0
8.5	  0.0
8.6	  0.0
8.7	  0.0
8.8	  0.0
8.9	  0.0
9.0	  0.0



DATASET #4

     Name: Median
   Points: 66
     Info: 

Data[x,y]:
2.5	  4651.0
2.6	  3696.0
2.7	  2937.0
2.8	  2333.0
2.9	  1855.0
3.0	  1474.0
3.1	  1171.0
3.2	  931.0
3.3	  740.0
3.4	  588.0
3.5	  467.0
3.6	  371.0
3.7	  295.0
3.8	  235.0
3.9	  187.0
4.0	  149.0
4.1	  118.0
4.2	  94.0
4.3	  75.0
4.4	  59.0
4.5	  47.0
4.6	  37.0
4.7	  30.0
4.8	  23.0
4.9	  19.0
5.0	  15.0
5.1	  11.0
5.2	  9.0
5.3	  7.0
5.4	  5.0
5.5	  4.0
5.6	  3.0
5.7	  2.0
5.8	  2.0
5.9	  1.0
6.0	  1.0
6.1	  1.0
6.2	  0.0
6.3	  0.0
6.4	  0.0
6.5	  0.0
6.6	  0.0
6.7	  0.0
6.8	  0.0
6.9	  0.0
7.0	  0.0
7.1	  0.0
7.2	  0.0
7.3	  0.0
7.4	  0.0
7.5	  0.0
7.6	  0.0
7.7	  0.0
7.8	  0.0
7.9	  0.0
8.0	  0.0
8.1	  0.0
8.2	  0.0
8.3	  0.0
8.4	  0.0
8.5	  0.0
8.6	  0.0
8.7	  0.0
8.8	  0.0
8.9	  0.0
9.0	  0.0



DATASET #5

     Name: Mode
   Points: 66
     Info: 

Data[x,y]:
2.5	  4356.0
2.6	  3325.0
2.7	  2520.0
2.8	  2194.0
2.9	  1675.0
3.0	  1305.0
3.1	  1050.0
3.2	  854.0
3.3	  671.0
3.4	  532.0
3.5	  422.0
3.6	  333.0
3.7	  271.0
3.8	  219.0
3.9	  173.0
4.0	  140.0
4.1	  107.0
4.2	  83.0
4.3	  66.0
4.4	  52.0
4.5	  41.0
4.6	  33.0
4.7	  26.0
4.8	  20.0
4.9	  16.0
5.0	  12.0
5.1	  10.0
5.2	  8.0
5.3	  6.0
5.4	  4.0
5.5	  3.0
5.6	  2.0
5.7	  2.0
5.8	  1.0
5.9	  1.0
6.0	  0.0
6.1	  0.0
6.2	  0.0
6.3	  0.0
6.4	  0.0
6.5	  0.0
6.6	  0.0
6.7	  0.0
6.8	  0.0
6.9	  0.0
7.0	  0.0
7.1	  0.0
7.2	  0.0
7.3	  0.0
7.4	  0.0
7.5	  0.0
7.6	  0.0
7.7	  0.0
7.8	  0.0
7.9	  0.0
8.0	  0.0
8.1	  0.0
8.2	  0.0
8.3	  0.0
8.4	  0.0
8.5	  0.0
8.6	  0.0
8.7	  0.0
8.8	  0.0
8.9	  0.0
9.0	  0.0



DATASET #6

     Name: 10 yr Prob
   Points: 66
     Info: 

Data[x,y]:
2.5	  1.0
2.6	  1.0
2.7	  1.0
2.8	  1.0
2.9	  1.0
3.0	  1.0
3.1	  1.0
3.2	  1.0
3.3	  1.0
3.4	  1.0
3.5	  1.0
3.6	  1.0
3.7	  1.0
3.8	  1.0
3.9	  1.0
4.0	  1.0
4.1	  1.0
4.2	  1.0
4.3	  1.0
4.4	  1.0
4.5	  1.0
4.6	  1.0
4.7	  1.0
4.8	  1.0
4.9	  1.0
5.0	  0.99997
5.1	  0.99976
5.2	  0.99889
5.3	  0.99587
5.4	  0.98747
5.5	  0.96909
5.6	  0.93701
5.7	  0.88663
5.8	  0.81794
5.9	  0.73516
6.0	  0.65132
6.1	  0.55486
6.2	  0.44761
6.3	  0.36143
6.4	  0.28892
6.5	  0.22813
6.6	  0.18715
6.7	  0.15016
6.8	  0.12038
6.9	  0.09356
7.0	  0.07283
7.1	  0.06001
7.2	  0.04606
7.3	  0.0321
7.4	  0.02752
7.5	  0.0209
7.6	  0.01161
7.7	  0.00377
7.8	  0.00236
7.9	  0.00126
8.0	  4.0E-4
8.1	  5.0E-5
8.2	  1.0E-5
8.3	  0.0
8.4	  0.0
8.5	  0.0
8.6	  0.0
8.7	  0.0
8.8	  0.0
8.9	  0.0
9.0	  0.0



DATASET #7

Name: 95% Conf
Num Points: 66
Info: 

X, Y Data:
2.5	1.0	[1.0	1.0]
2.6	1.0	[1.0	1.0]
2.7	1.0	[1.0	1.0]
2.8	1.0	[1.0	1.0]
2.9	1.0	[1.0	1.0]
3.0	1.0	[1.0	1.0]
3.1	1.0	[1.0	1.0]
3.2	1.0	[1.0	1.0]
3.3	1.0	[1.0	1.0]
3.4	1.0	[1.0	1.0]
3.5	1.0	[1.0	1.0]
3.6	1.0	[1.0	1.0]
3.7	1.0	[1.0	1.0]
3.8	1.0	[1.0	1.0]
3.9	1.0	[1.0	1.0]
4.0	1.0	[1.0	1.0]
4.1	1.0	[1.0	1.0]
4.2	1.0	[1.0	1.0]
4.3	1.0	[1.0	1.0]
4.4	1.0	[1.0	1.0]
4.5	1.0	[1.0	1.0]
4.6	1.0	[1.0	1.0]
4.7	1.0	[1.0	1.0]
4.8	1.0	[1.0	1.0]
4.9	1.0	[1.0	1.0]
5.0	0.99997	[0.9999044	0.99999225]
5.1	0.99976	[0.99963695	0.9998427]
5.2	0.99889	[0.9986581	0.9990826]
5.3	0.99587	[0.99544775	0.99625367]
5.4	0.98747	[0.98675644	0.9881458]
5.5	0.96909	[0.96799403	0.97014976]
5.6	0.93701	[0.9354823	0.938504]
5.7	0.88663	[0.88464504	0.8885852]
5.8	0.81794	[0.81553096	0.82032454]
5.9	0.73516	[0.7324111	0.7378908]
6.0	0.65132	[0.64835554	0.65427285]
6.1	0.55486	[0.55177265	0.55794317]
6.2	0.44761	[0.4445251	0.45069894]
6.3	0.36143	[0.35845274	0.3644179]
6.4	0.28892	[0.28611383	0.2917424]
6.5	0.22813	[0.22553462	0.23074631]
6.6	0.18715	[0.18473962	0.18958446]
6.7	0.15016	[0.14795434	0.1523926]
6.8	0.12038	[0.11837272	0.12241652]
6.9	0.09356	[0.09176565	0.09538566]
7.0	0.07283	[0.0712308	0.07446212]
7.1	0.06001	[0.058549818	0.061504103]
7.2	0.04606	[0.044773206	0.047381803]
7.3	0.0321	[0.031020423	0.03321569]
7.4	0.02752	[0.026519137	0.028557342]
7.5	0.0209	[0.020026704	0.021810312]
7.6	0.01161	[0.010959699	0.012298106]
7.7	0.00377	[0.0034039975	0.0041746288]
7.8	0.00236	[0.0020730875	0.00268578]
7.9	0.00126	[0.0010538938	0.001505292]
8.0	4.0E-4	[2.8954828E-4	5.503658E-4]
8.1	5.0E-5	[1.8407845E-5	1.2402E-4]
8.2	1.0E-5	[5.219861E-7	6.4949265E-5]
8.3	0.0	[0.0	4.7892154E-5]
8.4	0.0	[0.0	0.0]
8.5	0.0	[0.0	0.0]
8.6	0.0	[0.0	0.0]
8.7	0.0	[0.0	0.0]
8.8	0.0	[0.0	0.0]
8.9	0.0	[0.0	0.0]
9.0	0.0	[0.0	0.0]



DATASET #8

     Name: Supra
   Points: 66
     Info: 

Data[x,y]:
2.5	  0.2668
2.6	  0.2668
2.7	  0.2668
2.8	  0.2668
2.9	  0.2668
3.0	  0.2668
3.1	  0.2668
3.2	  0.2668
3.3	  0.2668
3.4	  0.2668
3.5	  0.2668
3.6	  0.2668
3.7	  0.2668
3.8	  0.2668
3.9	  0.2668
4.0	  0.2668
4.1	  0.2668
4.2	  0.2668
4.3	  0.2668
4.4	  0.2668
4.5	  0.2668
4.6	  0.2668
4.7	  0.2668
4.8	  0.2668
4.9	  0.2668
5.0	  0.2668
5.1	  0.2668
5.2	  0.2668
5.3	  0.2668
5.4	  0.2668
5.5	  0.2668
5.6	  0.2668
5.7	  0.2668
5.8	  0.2668
5.9	  0.26665
6.0	  0.26651
6.1	  0.22308
6.2	  0.18202
6.3	  0.1485
6.4	  0.12849
6.5	  0.11148
6.6	  0.10222
6.7	  0.08926
6.8	  0.07823
6.9	  0.0647
7.0	  0.05446
7.1	  0.04924
7.2	  0.04023
7.3	  0.02925
7.4	  0.02632
7.5	  0.0205
7.6	  0.01149
7.7	  0.00373
7.8	  0.00233
7.9	  0.00126
8.0	  4.0E-4
8.1	  5.0E-5
8.2	  1.0E-5
8.3	  0.0
8.4	  0.0
8.5	  0.0
8.6	  0.0
8.7	  0.0
8.8	  0.0
8.9	  0.0
9.0	  0.0



DATASET #9

     Name: Primary
   Points: 66
     Info: 

Data[x,y]:
2.5	  2394.0408
2.6	  1901.6527
2.7	  1510.4972
2.8	  1199.9025
2.9	  953.04364
3.0	  756.9606
3.1	  601.2372
3.2	  477.60312
3.3	  379.33136
3.4	  301.29883
3.5	  239.2564
3.6	  190.027
3.7	  150.90466
3.8	  119.85614
3.9	  95.18985
4.0	  75.57407
4.1	  59.98165
4.2	  47.59973
4.3	  37.77359
4.4	  29.97132
4.5	  23.7637
4.6	  18.82223
4.7	  14.91029
4.8	  11.80906
4.9	  9.33905
5.0	  7.38843
5.1	  5.83139
5.2	  4.59429
5.3	  3.60935
5.4	  2.8292
5.5	  2.20747
5.6	  1.71469
5.7	  1.32217
5.8	  1.01208
5.9	  0.77118
6.0	  0.59474
6.1	  0.45074
6.2	  0.32533
6.3	  0.24119
6.4	  0.17892
6.5	  0.13267
6.6	  0.10374
6.7	  0.07931
6.8	  0.06111
6.9	  0.04505
7.0	  0.03278
7.1	  0.0256
7.2	  0.01836
7.3	  0.01222
7.4	  0.01009
7.5	  0.00754
7.6	  0.00431
7.7	  0.00135
7.8	  7.6E-4
7.9	  3.6E-4
8.0	  1.3E-4
8.1	  0.0
8.2	  0.0
8.3	  0.0
8.4	  0.0
8.5	  0.0
8.6	  0.0
8.7	  0.0
8.8	  0.0
8.9	  0.0
9.0	  0.0


