
X-Axis: Magnitude
Y-Axis: 1 Day Cumulative Number
Number of Data Sets: 9


DATASET #1

     Name: Mean
   Points: 66
     Info: 

Data[x,y]:
2.5	  1441.1393
2.6	  1144.7262
2.7	  909.2168
2.8	  722.2461
2.9	  573.74615
3.0	  455.65692
3.1	  361.9538
3.2	  287.4606
3.3	  228.36877
3.4	  181.32207
3.5	  143.99434
3.6	  114.37885
3.7	  90.83633
3.8	  72.138794
3.9	  57.263523
4.0	  45.471928
4.1	  36.09625
4.2	  28.639416
4.3	  22.73635
4.4	  18.02033
4.5	  14.303109
4.6	  11.324598
4.7	  8.980999
4.8	  7.1080422
4.9	  5.6100793
5.0	  4.435042
5.1	  3.4991207
5.2	  2.7521338
5.3	  2.161913
5.4	  1.6909286
5.5	  1.3161484
5.6	  1.0211023
5.7	  0.78099936
5.8	  0.596054
5.9	  0.45412824
6.0	  0.3531203
6.1	  0.26892558
6.2	  0.18901995
6.3	  0.1410251
6.4	  0.10469655
6.5	  0.07780399
6.6	  0.06056187
6.7	  0.046365
6.8	  0.03671456
6.9	  0.02697834
7.0	  0.02037315
7.1	  0.01625563
7.2	  0.012180999
7.3	  0.008621059
7.4	  0.0071627707
7.5	  0.0052755736
7.6	  0.0028736864
7.7	  8.14926E-4
7.8	  4.2890842E-4
7.9	  2.5734506E-4
8.0	  4.2890842E-5
8.1	  0.0
8.2	  0.0
8.3	  0.0
8.4	  0.0
8.5	  0.0
8.6	  0.0
8.7	  0.0
8.8	  0.0
8.9	  0.0
9.0	  0.0



DATASET #2

     Name: 2.5%,97.5%
   Points: 66
     Info: 

Data[x,y]:
2.5	  1204.0
2.6	  950.0
2.7	  750.0
2.8	  592.0
2.9	  466.0
3.0	  366.0
3.1	  287.0
3.2	  225.0
3.3	  175.0
3.4	  137.0
3.5	  106.0
3.6	  82.0
3.7	  64.0
3.8	  49.0
3.9	  37.0
4.0	  29.0
4.1	  22.0
4.2	  16.0
4.3	  12.0
4.4	  9.0
4.5	  6.0
4.6	  4.0
4.7	  3.0
4.8	  2.0
4.9	  1.0
5.0	  1.0
5.1	  0.0
5.2	  0.0
5.3	  0.0
5.4	  0.0
5.5	  0.0
5.6	  0.0
5.7	  0.0
5.8	  0.0
5.9	  0.0
6.0	  0.0
6.1	  0.0
6.2	  0.0
6.3	  0.0
6.4	  0.0
6.5	  0.0
6.6	  0.0
6.7	  0.0
6.8	  0.0
6.9	  0.0
7.0	  0.0
7.1	  0.0
7.2	  0.0
7.3	  0.0
7.4	  0.0
7.5	  0.0
7.6	  0.0
7.7	  0.0
7.8	  0.0
7.9	  0.0
8.0	  0.0
8.1	  0.0
8.2	  0.0
8.3	  0.0
8.4	  0.0
8.5	  0.0
8.6	  0.0
8.7	  0.0
8.8	  0.0
8.9	  0.0
9.0	  0.0



DATASET #3

     Name: null
   Points: 66
     Info: 

Data[x,y]:
2.5	  2253.0
2.6	  1784.0
2.7	  1428.0
2.8	  1137.0
2.9	  902.0
3.0	  719.0
3.1	  572.0
3.2	  454.0
3.3	  361.0
3.4	  287.0
3.5	  230.0
3.6	  183.0
3.7	  147.0
3.8	  117.0
3.9	  93.0
4.0	  74.0
4.1	  60.0
4.2	  49.0
4.3	  40.0
4.4	  33.0
4.5	  27.0
4.6	  22.0
4.7	  18.0
4.8	  15.0
4.9	  12.0
5.0	  10.0
5.1	  9.0
5.2	  7.0
5.3	  6.0
5.4	  5.0
5.5	  5.0
5.6	  4.0
5.7	  3.0
5.8	  3.0
5.9	  2.0
6.0	  2.0
6.1	  2.0
6.2	  1.0
6.3	  1.0
6.4	  1.0
6.5	  1.0
6.6	  1.0
6.7	  1.0
6.8	  1.0
6.9	  1.0
7.0	  0.0
7.1	  0.0
7.2	  0.0
7.3	  0.0
7.4	  0.0
7.5	  0.0
7.6	  0.0
7.7	  0.0
7.8	  0.0
7.9	  0.0
8.0	  0.0
8.1	  0.0
8.2	  0.0
8.3	  0.0
8.4	  0.0
8.5	  0.0
8.6	  0.0
8.7	  0.0
8.8	  0.0
8.9	  0.0
9.0	  0.0



DATASET #4

     Name: Median
   Points: 66
     Info: 

Data[x,y]:
2.5	  1351.0
2.6	  1075.0
2.7	  854.0
2.8	  679.0
2.9	  540.0
3.0	  429.0
3.1	  341.0
3.2	  271.0
3.3	  216.0
3.4	  172.0
3.5	  136.0
3.6	  108.0
3.7	  86.0
3.8	  69.0
3.9	  54.0
4.0	  43.0
4.1	  34.0
4.2	  27.0
4.3	  22.0
4.4	  17.0
4.5	  13.0
4.6	  11.0
4.7	  8.0
4.8	  7.0
4.9	  5.0
5.0	  4.0
5.1	  3.0
5.2	  2.0
5.3	  2.0
5.4	  1.0
5.5	  1.0
5.6	  1.0
5.7	  1.0
5.8	  0.0
5.9	  0.0
6.0	  0.0
6.1	  0.0
6.2	  0.0
6.3	  0.0
6.4	  0.0
6.5	  0.0
6.6	  0.0
6.7	  0.0
6.8	  0.0
6.9	  0.0
7.0	  0.0
7.1	  0.0
7.2	  0.0
7.3	  0.0
7.4	  0.0
7.5	  0.0
7.6	  0.0
7.7	  0.0
7.8	  0.0
7.9	  0.0
8.0	  0.0
8.1	  0.0
8.2	  0.0
8.3	  0.0
8.4	  0.0
8.5	  0.0
8.6	  0.0
8.7	  0.0
8.8	  0.0
8.9	  0.0
9.0	  0.0



DATASET #5

     Name: Mode
   Points: 66
     Info: 

Data[x,y]:
2.5	  1283.0
2.6	  1024.0
2.7	  819.0
2.8	  652.0
2.9	  517.0
3.0	  404.0
3.1	  330.0
3.2	  258.0
3.3	  218.0
3.4	  165.0
3.5	  132.0
3.6	  106.0
3.7	  84.0
3.8	  65.0
3.9	  53.0
4.0	  43.0
4.1	  32.0
4.2	  27.0
4.3	  21.0
4.4	  16.0
4.5	  12.0
4.6	  10.0
4.7	  8.0
4.8	  6.0
4.9	  5.0
5.0	  4.0
5.1	  3.0
5.2	  2.0
5.3	  1.0
5.4	  1.0
5.5	  1.0
5.6	  0.0
5.7	  0.0
5.8	  0.0
5.9	  0.0
6.0	  0.0
6.1	  0.0
6.2	  0.0
6.3	  0.0
6.4	  0.0
6.5	  0.0
6.6	  0.0
6.7	  0.0
6.8	  0.0
6.9	  0.0
7.0	  0.0
7.1	  0.0
7.2	  0.0
7.3	  0.0
7.4	  0.0
7.5	  0.0
7.6	  0.0
7.7	  0.0
7.8	  0.0
7.9	  0.0
8.0	  0.0
8.1	  0.0
8.2	  0.0
8.3	  0.0
8.4	  0.0
8.5	  0.0
8.6	  0.0
8.7	  0.0
8.8	  0.0
8.9	  0.0
9.0	  0.0



DATASET #6

     Name: 1 d Prob
   Points: 66
     Info: 

Data[x,y]:
2.5	  1.0
2.6	  1.0
2.7	  1.0
2.8	  1.0
2.9	  1.0
3.0	  1.0
3.1	  1.0
3.2	  1.0
3.3	  1.0
3.4	  1.0
3.5	  1.0
3.6	  1.0
3.7	  1.0
3.8	  1.0
3.9	  1.0
4.0	  1.0
4.1	  1.0
4.2	  1.0
4.3	  1.0
4.4	  1.0
4.5	  1.0
4.6	  1.0
4.7	  0.999614
4.8	  0.99781257
4.9	  0.99133605
5.0	  0.9789406
5.1	  0.952863
5.2	  0.9099292
5.3	  0.8500107
5.4	  0.7743513
5.5	  0.6885696
5.6	  0.6009007
5.7	  0.5066266
5.8	  0.41938666
5.9	  0.3433841
6.0	  0.27981985
6.1	  0.22414754
6.2	  0.16375723
6.3	  0.1255844
6.4	  0.09453142
6.5	  0.07158481
6.6	  0.05700193
6.7	  0.044091787
6.8	  0.035299163
6.9	  0.026292088
7.0	  0.019987132
7.1	  0.015955394
7.2	  0.012009436
7.3	  0.008449496
7.4	  0.0069912076
7.5	  0.005146901
7.6	  0.0028307957
7.7	  8.14926E-4
7.8	  4.2890842E-4
7.9	  2.5734506E-4
8.0	  4.2890842E-5
8.1	  0.0
8.2	  0.0
8.3	  0.0
8.4	  0.0
8.5	  0.0
8.6	  0.0
8.7	  0.0
8.8	  0.0
8.9	  0.0
9.0	  0.0



DATASET #7

Name: 95% Conf
Num Points: 66
Info: 

X, Y Data:
2.5	1.0	[1.0	1.0]
2.6	1.0	[1.0	1.0]
2.7	1.0	[1.0	1.0]
2.8	1.0	[1.0	1.0]
2.9	1.0	[1.0	1.0]
3.0	1.0	[1.0	1.0]
3.1	1.0	[1.0	1.0]
3.2	1.0	[1.0	1.0]
3.3	1.0	[1.0	1.0]
3.4	1.0	[1.0	1.0]
3.5	1.0	[1.0	1.0]
3.6	1.0	[1.0	1.0]
3.7	1.0	[1.0	1.0]
3.8	1.0	[1.0	1.0]
3.9	1.0	[1.0	1.0]
4.0	1.0	[1.0	1.0]
4.1	1.0	[1.0	1.0]
4.2	1.0	[1.0	1.0]
4.3	1.0	[1.0	1.0]
4.4	1.0	[1.0	1.0]
4.5	1.0	[1.0	1.0]
4.6	1.0	[1.0	1.0]
4.7	0.999614	[0.99923843	0.9998116]
4.8	0.99781257	[0.997101	0.9983543]
4.9	0.99133605	[0.99003994	0.99246734]
5.0	0.9789406	[0.97699475	0.98072684]
5.1	0.952863	[0.9500451	0.9555304]
5.2	0.9099292	[0.90616477	0.9135579]
5.3	0.8500107	[0.84534806	0.8545575]
5.4	0.7743513	[0.76891905	0.77969277]
5.5	0.6885696	[0.6825732	0.69450366]
5.6	0.6009007	[0.594577	0.6071911]
5.7	0.5066266	[0.50018704	0.513064]
5.8	0.41938666	[0.4130449	0.42575508]
5.9	0.3433841	[0.33729383	0.3495261]
6.0	0.27981985	[0.27407286	0.28563967]
6.1	0.22414754	[0.218819	0.22956733]
6.2	0.16375723	[0.15904139	0.16858438]
6.3	0.1255844	[0.12137116	0.1299216]
6.4	0.09453142	[0.09082141	0.09837578]
6.5	0.07158481	[0.06832475	0.07498695]
6.6	0.05700193	[0.054077305	0.060073566]
6.7	0.044091787	[0.041509937	0.04682507]
6.8	0.035299163	[0.03298519	0.037767634]
6.9	0.026292088	[0.024294352	0.02844753]
7.0	0.019987132	[0.018247612	0.021886697]
7.1	0.015955394	[0.014404493	0.017667903]
7.2	0.012009436	[0.010669203	0.013512917]
7.3	0.008449496	[0.0073328903	0.00973101]
7.4	0.0069912076	[0.005980093	0.008168008]
7.5	0.005146901	[0.0042868205	0.00617382]
7.6	0.0028307957	[0.002206987	0.003623528]
7.7	8.14926E-4	[5.050735E-4	0.0012986481]
7.8	4.2890842E-4	[2.1797116E-4	8.171358E-4]
7.9	2.5734506E-4	[1.0461524E-4	5.906658E-4]
8.0	4.2890842E-5	[2.2388456E-6	2.7853568E-4]
8.1	0.0	[0.0	2.0538724E-4]
8.2	0.0	[0.0	2.0538724E-4]
8.3	0.0	[0.0	2.0538724E-4]
8.4	0.0	[0.0	0.0]
8.5	0.0	[0.0	0.0]
8.6	0.0	[0.0	0.0]
8.7	0.0	[0.0	0.0]
8.8	0.0	[0.0	0.0]
8.9	0.0	[0.0	0.0]
9.0	0.0	[0.0	0.0]



DATASET #8

     Name: Supra
   Points: 66
     Info: 

Data[x,y]:
2.5	  0.0721424
2.6	  0.0721424
2.7	  0.0721424
2.8	  0.0721424
2.9	  0.0721424
3.0	  0.0721424
3.1	  0.0721424
3.2	  0.0721424
3.3	  0.0721424
3.4	  0.0721424
3.5	  0.0721424
3.6	  0.0721424
3.7	  0.0721424
3.8	  0.0721424
3.9	  0.0721424
4.0	  0.0721424
4.1	  0.0721424
4.2	  0.0721424
4.3	  0.0721424
4.4	  0.0721424
4.5	  0.0721424
4.6	  0.0721424
4.7	  0.0721424
4.8	  0.0721424
4.9	  0.0721424
5.0	  0.0721424
5.1	  0.0721424
5.2	  0.0721424
5.3	  0.0721424
5.4	  0.0721424
5.5	  0.0721424
5.6	  0.0721424
5.7	  0.0721424
5.8	  0.0721424
5.9	  0.0721424
6.0	  0.0721424
6.1	  0.05957538
6.2	  0.046793908
6.3	  0.038901996
6.4	  0.033626422
6.5	  0.029594682
6.6	  0.027107013
6.7	  0.023547072
6.8	  0.021230968
6.9	  0.017070556
7.0	  0.013853742
7.1	  0.0123525625
7.2	  0.010036457
7.3	  0.007377225
7.4	  0.006733862
7.5	  0.0049753375
7.6	  0.0027879048
7.7	  7.7203516E-4
7.8	  4.2890842E-4
7.9	  2.5734506E-4
8.0	  4.2890842E-5
8.1	  0.0
8.2	  0.0
8.3	  0.0
8.4	  0.0
8.5	  0.0
8.6	  0.0
8.7	  0.0
8.8	  0.0
8.9	  0.0
9.0	  0.0



DATASET #9

     Name: Primary
   Points: 66
     Info: 

Data[x,y]:
2.5	  1064.7539
2.6	  845.73846
2.7	  671.743
2.8	  533.6437
2.9	  423.93152
3.0	  336.6765
3.1	  267.41605
3.2	  212.37216
3.3	  168.69685
3.4	  133.94716
3.5	  106.36414
3.6	  84.500534
3.7	  67.13824
3.8	  53.306454
3.9	  42.31842
4.0	  33.600986
4.1	  26.6724
4.2	  21.172678
4.3	  16.802702
4.4	  13.317521
4.5	  10.574523
4.6	  8.368818
4.7	  6.6343126
4.8	  5.251555
4.9	  4.143856
5.0	  3.27656
5.1	  2.5828865
5.2	  2.0352135
5.3	  1.5991851
5.4	  1.2492387
5.5	  0.97345054
5.6	  0.75436413
5.7	  0.57718205
5.8	  0.43950248
5.9	  0.33484882
6.0	  0.2591036
6.1	  0.20038602
6.2	  0.14081064
6.3	  0.104524985
6.4	  0.07677461
6.5	  0.05687326
6.6	  0.04477804
6.7	  0.034012437
6.8	  0.026678104
6.9	  0.01934377
7.0	  0.014196869
7.1	  0.010937165
7.2	  0.0078061335
7.3	  0.0052755736
7.4	  0.0042461934
7.5	  0.0030452497
7.6	  0.0016727429
7.7	  5.5758096E-4
7.8	  2.5734506E-4
7.9	  1.2867253E-4
8.0	  0.0
8.1	  0.0
8.2	  0.0
8.3	  0.0
8.4	  0.0
8.5	  0.0
8.6	  0.0
8.7	  0.0
8.8	  0.0
8.9	  0.0
9.0	  0.0


