
X-Axis: Magnitude
Y-Axis: 1 Week Cumulative Number
Number of Data Sets: 9


DATASET #1

     Name: Mean
   Points: 66
     Info: 

Data[x,y]:
2.5	  2207.399
2.6	  1753.3905
2.7	  1392.7625
2.8	  1106.2999
2.9	  878.7009
3.0	  697.9191
3.1	  554.3573
3.2	  440.3682
3.3	  349.75375
3.4	  277.76675
3.5	  220.57065
3.6	  175.15567
3.7	  139.09717
3.8	  110.496895
3.9	  87.734924
4.0	  69.64662
4.1	  55.2721
4.2	  43.867237
4.3	  34.801632
4.4	  27.608492
4.5	  21.89569
4.6	  17.335
4.7	  13.73956
4.8	  10.882676
4.9	  8.605013
5.0	  6.803166
5.1	  5.3707914
5.2	  4.2278767
5.3	  3.3212185
5.4	  2.6002512
5.5	  2.0267713
5.6	  1.5752639
5.7	  1.2122865
5.8	  0.92711055
5.9	  0.7059422
6.0	  0.5479648
6.1	  0.41069096
6.2	  0.2924372
6.3	  0.21702261
6.4	  0.16281407
6.5	  0.1219598
6.6	  0.09468593
6.7	  0.07329146
6.8	  0.056771357
6.9	  0.042198494
7.0	  0.031469848
7.1	  0.025389448
7.2	  0.018894473
7.3	  0.012939698
7.4	  0.010929648
7.5	  0.008065327
7.6	  0.004572864
7.7	  0.0016457286
7.8	  0.001017588
7.9	  5.276382E-4
8.0	  1.8844221E-4
8.1	  2.5125628E-5
8.2	  1.2562814E-5
8.3	  0.0
8.4	  0.0
8.5	  0.0
8.6	  0.0
8.7	  0.0
8.8	  0.0
8.9	  0.0
9.0	  0.0



DATASET #2

     Name: 2.5%,97.5%
   Points: 66
     Info: 

Data[x,y]:
2.5	  1751.0
2.6	  1386.0
2.7	  1095.0
2.8	  866.0
2.9	  683.0
3.0	  538.0
3.1	  424.0
3.2	  333.0
3.3	  261.0
3.4	  205.0
3.5	  160.0
3.6	  124.0
3.7	  97.0
3.8	  75.0
3.9	  58.0
4.0	  44.0
4.1	  34.0
4.2	  26.0
4.3	  19.0
4.4	  14.0
4.5	  10.0
4.6	  8.0
4.7	  5.0
4.8	  4.0
4.9	  2.0
5.0	  1.0
5.1	  1.0
5.2	  0.0
5.3	  0.0
5.4	  0.0
5.5	  0.0
5.6	  0.0
5.7	  0.0
5.8	  0.0
5.9	  0.0
6.0	  0.0
6.1	  0.0
6.2	  0.0
6.3	  0.0
6.4	  0.0
6.5	  0.0
6.6	  0.0
6.7	  0.0
6.8	  0.0
6.9	  0.0
7.0	  0.0
7.1	  0.0
7.2	  0.0
7.3	  0.0
7.4	  0.0
7.5	  0.0
7.6	  0.0
7.7	  0.0
7.8	  0.0
7.9	  0.0
8.0	  0.0
8.1	  0.0
8.2	  0.0
8.3	  0.0
8.4	  0.0
8.5	  0.0
8.6	  0.0
8.7	  0.0
8.8	  0.0
8.9	  0.0
9.0	  0.0



DATASET #3

     Name: null
   Points: 66
     Info: 

Data[x,y]:
2.5	  3978.0
2.6	  3158.0
2.7	  2513.0
2.8	  1996.0
2.9	  1588.0
3.0	  1263.0
3.1	  1003.0
3.2	  797.0
3.3	  633.0
3.4	  503.0
3.5	  400.0
3.6	  318.0
3.7	  254.0
3.8	  202.0
3.9	  161.0
4.0	  128.0
4.1	  102.0
4.2	  82.0
4.3	  66.0
4.4	  53.0
4.5	  43.0
4.6	  35.0
4.7	  28.0
4.8	  23.0
4.9	  19.0
5.0	  16.0
5.1	  13.0
5.2	  11.0
5.3	  9.0
5.4	  8.0
5.5	  6.0
5.6	  5.0
5.7	  4.0
5.8	  4.0
5.9	  3.0
6.0	  3.0
6.1	  2.0
6.2	  2.0
6.3	  2.0
6.4	  1.0
6.5	  1.0
6.6	  1.0
6.7	  1.0
6.8	  1.0
6.9	  1.0
7.0	  1.0
7.1	  0.0
7.2	  0.0
7.3	  0.0
7.4	  0.0
7.5	  0.0
7.6	  0.0
7.7	  0.0
7.8	  0.0
7.9	  0.0
8.0	  0.0
8.1	  0.0
8.2	  0.0
8.3	  0.0
8.4	  0.0
8.5	  0.0
8.6	  0.0
8.7	  0.0
8.8	  0.0
8.9	  0.0
9.0	  0.0



DATASET #4

     Name: Median
   Points: 66
     Info: 

Data[x,y]:
2.5	  2014.0
2.6	  1601.0
2.7	  1272.0
2.8	  1011.0
2.9	  804.0
3.0	  639.0
3.1	  508.0
3.2	  404.0
3.3	  322.0
3.4	  256.0
3.5	  203.0
3.6	  162.0
3.7	  128.0
3.8	  102.0
3.9	  81.0
4.0	  65.0
4.1	  51.0
4.2	  41.0
4.3	  32.0
4.4	  26.0
4.5	  20.0
4.6	  16.0
4.7	  13.0
4.8	  10.0
4.9	  8.0
5.0	  6.0
5.1	  5.0
5.2	  4.0
5.3	  3.0
5.4	  2.0
5.5	  2.0
5.6	  1.0
5.7	  1.0
5.8	  1.0
5.9	  0.0
6.0	  0.0
6.1	  0.0
6.2	  0.0
6.3	  0.0
6.4	  0.0
6.5	  0.0
6.6	  0.0
6.7	  0.0
6.8	  0.0
6.9	  0.0
7.0	  0.0
7.1	  0.0
7.2	  0.0
7.3	  0.0
7.4	  0.0
7.5	  0.0
7.6	  0.0
7.7	  0.0
7.8	  0.0
7.9	  0.0
8.0	  0.0
8.1	  0.0
8.2	  0.0
8.3	  0.0
8.4	  0.0
8.5	  0.0
8.6	  0.0
8.7	  0.0
8.8	  0.0
8.9	  0.0
9.0	  0.0



DATASET #5

     Name: Mode
   Points: 66
     Info: 

Data[x,y]:
2.5	  1907.0
2.6	  1513.0
2.7	  1212.0
2.8	  959.0
2.9	  746.0
3.0	  604.0
3.1	  471.0
3.2	  387.0
3.3	  306.0
3.4	  245.0
3.5	  193.0
3.6	  153.0
3.7	  121.0
3.8	  100.0
3.9	  76.0
4.0	  64.0
4.1	  48.0
4.2	  39.0
4.3	  29.0
4.4	  25.0
4.5	  19.0
4.6	  14.0
4.7	  11.0
4.8	  9.0
4.9	  7.0
5.0	  5.0
5.1	  4.0
5.2	  3.0
5.3	  2.0
5.4	  2.0
5.5	  1.0
5.6	  1.0
5.7	  0.0
5.8	  0.0
5.9	  0.0
6.0	  0.0
6.1	  0.0
6.2	  0.0
6.3	  0.0
6.4	  0.0
6.5	  0.0
6.6	  0.0
6.7	  0.0
6.8	  0.0
6.9	  0.0
7.0	  0.0
7.1	  0.0
7.2	  0.0
7.3	  0.0
7.4	  0.0
7.5	  0.0
7.6	  0.0
7.7	  0.0
7.8	  0.0
7.9	  0.0
8.0	  0.0
8.1	  0.0
8.2	  0.0
8.3	  0.0
8.4	  0.0
8.5	  0.0
8.6	  0.0
8.7	  0.0
8.8	  0.0
8.9	  0.0
9.0	  0.0



DATASET #6

     Name: 1 wk Prob
   Points: 66
     Info: 

Data[x,y]:
2.5	  1.0
2.6	  1.0
2.7	  1.0
2.8	  1.0
2.9	  1.0
3.0	  1.0
3.1	  1.0
3.2	  1.0
3.3	  1.0
3.4	  1.0
3.5	  1.0
3.6	  1.0
3.7	  1.0
3.8	  1.0
3.9	  1.0
4.0	  1.0
4.1	  1.0
4.2	  1.0
4.3	  1.0
4.4	  1.0
4.5	  1.0
4.6	  1.0
4.7	  0.9999874
4.8	  0.99981153
4.9	  0.9986683
5.0	  0.99538946
5.1	  0.9861935
5.2	  0.9672613
5.3	  0.93434674
5.4	  0.8841206
5.5	  0.816696
5.6	  0.73693466
5.7	  0.6457789
5.8	  0.55262566
5.9	  0.46231157
6.0	  0.38440955
6.1	  0.30944723
6.2	  0.23547739
6.3	  0.18183418
6.4	  0.14017588
6.5	  0.10747487
6.6	  0.086193465
6.7	  0.06744975
6.8	  0.05335427
6.9	  0.04036432
7.0	  0.030301508
7.1	  0.024635678
7.2	  0.018467337
7.3	  0.012688442
7.4	  0.010716081
7.5	  0.007889447
7.6	  0.004472362
7.7	  0.0016080402
7.8	  0.001017588
7.9	  5.276382E-4
8.0	  1.8844221E-4
8.1	  2.5125628E-5
8.2	  1.2562814E-5
8.3	  0.0
8.4	  0.0
8.5	  0.0
8.6	  0.0
8.7	  0.0
8.8	  0.0
8.9	  0.0
9.0	  0.0



DATASET #7

Name: 95% Conf
Num Points: 66
Info: 

X, Y Data:
2.5	1.0	[1.0	1.0]
2.6	1.0	[1.0	1.0]
2.7	1.0	[1.0	1.0]
2.8	1.0	[1.0	1.0]
2.9	1.0	[1.0	1.0]
3.0	1.0	[1.0	1.0]
3.1	1.0	[1.0	1.0]
3.2	1.0	[1.0	1.0]
3.3	1.0	[1.0	1.0]
3.4	1.0	[1.0	1.0]
3.5	1.0	[1.0	1.0]
3.6	1.0	[1.0	1.0]
3.7	1.0	[1.0	1.0]
3.8	1.0	[1.0	1.0]
3.9	1.0	[1.0	1.0]
4.0	1.0	[1.0	1.0]
4.1	1.0	[1.0	1.0]
4.2	1.0	[1.0	1.0]
4.3	1.0	[1.0	1.0]
4.4	1.0	[1.0	1.0]
4.5	1.0	[1.0	1.0]
4.6	1.0	[1.0	1.0]
4.7	0.9999874	[0.9999184	0.99999934]
4.8	0.99981153	[0.9996813	0.9998905]
4.9	0.9986683	[0.9983829	0.99890447]
5.0	0.99538946	[0.9948877	0.9958427]
5.1	0.9861935	[0.9853526	0.98698705]
5.2	0.9672613	[0.96599597	0.96848136]
5.3	0.93434674	[0.9325987	0.9360527]
5.4	0.8841206	[0.8818721	0.8863319]
5.5	0.816696	[0.8139865	0.81937486]
5.6	0.73693466	[0.7338582	0.7399882]
5.7	0.6457789	[0.64244306	0.64910066]
5.8	0.55262566	[0.5491627	0.5560835]
5.9	0.46231157	[0.45884356	0.4657832]
6.0	0.38440955	[0.38102952	0.38780075]
6.1	0.30944723	[0.30623886	0.31267405]
6.2	0.23547739	[0.23253633	0.23844402]
6.3	0.18183418	[0.17916377	0.18453535]
6.4	0.14017588	[0.13777521	0.14261137]
6.5	0.10747487	[0.10533595	0.1096518]
6.6	0.086193465	[0.08425748	0.08816952]
6.7	0.06744975	[0.065722026	0.06921937]
6.8	0.05335427	[0.05180825	0.054943573]
6.9	0.04036432	[0.039012916	0.041760296]
7.0	0.030301508	[0.029126996	0.031521592]
7.1	0.024635678	[0.023575379	0.025742127]
7.2	0.018467337	[0.017548878	0.019432586]
7.3	0.012688442	[0.011927977	0.013496322]
7.4	0.010716081	[0.010017963	0.011461836]
7.5	0.007889447	[0.007292099	0.008534778]
7.6	0.004472362	[0.0040261648	0.0049670334]
7.7	0.0016080402	[0.0013469671	0.0019182985]
7.8	0.001017588	[8.132721E-4	0.0012714224]
7.9	5.276382E-4	[3.8506146E-4	7.202998E-4]
8.0	1.8844221E-4	[1.09477056E-4	3.187292E-4]
8.1	2.5125628E-5	[4.351899E-6	1.0133657E-4]
8.2	1.2562814E-5	[6.5576154E-7	8.15937E-5]
8.3	0.0	[0.0	6.0165425E-5]
8.4	0.0	[0.0	0.0]
8.5	0.0	[0.0	0.0]
8.6	0.0	[0.0	0.0]
8.7	0.0	[0.0	0.0]
8.8	0.0	[0.0	0.0]
8.9	0.0	[0.0	0.0]
9.0	0.0	[0.0	0.0]



DATASET #8

     Name: Supra
   Points: 66
     Info: 

Data[x,y]:
2.5	  0.114811555
2.6	  0.114811555
2.7	  0.114811555
2.8	  0.114811555
2.9	  0.114811555
3.0	  0.114811555
3.1	  0.114811555
3.2	  0.114811555
3.3	  0.114811555
3.4	  0.114811555
3.5	  0.114811555
3.6	  0.114811555
3.7	  0.114811555
3.8	  0.114811555
3.9	  0.114811555
4.0	  0.114811555
4.1	  0.114811555
4.2	  0.114811555
4.3	  0.114811555
4.4	  0.114811555
4.5	  0.114811555
4.6	  0.114811555
4.7	  0.114811555
4.8	  0.114811555
4.9	  0.114811555
5.0	  0.114811555
5.1	  0.114811555
5.2	  0.114811555
5.3	  0.114811555
5.4	  0.114811555
5.5	  0.114811555
5.6	  0.114811555
5.7	  0.114811555
5.8	  0.114811555
5.9	  0.11476131
6.0	  0.11468593
6.1	  0.095150754
6.2	  0.0765201
6.3	  0.061532665
6.4	  0.05320352
6.5	  0.046658292
6.6	  0.042738695
6.7	  0.0370603
6.8	  0.03244975
6.9	  0.026683416
7.0	  0.021771356
7.1	  0.01959799
7.2	  0.015678393
7.3	  0.011306533
7.4	  0.010138191
7.5	  0.0076633166
7.6	  0.004396985
7.7	  0.0015829146
7.8	  0.0010050251
7.9	  5.276382E-4
8.0	  1.8844221E-4
8.1	  2.5125628E-5
8.2	  1.2562814E-5
8.3	  0.0
8.4	  0.0
8.5	  0.0
8.6	  0.0
8.7	  0.0
8.8	  0.0
8.9	  0.0
9.0	  0.0



DATASET #9

     Name: Primary
   Points: 66
     Info: 

Data[x,y]:
2.5	  1431.3279
2.6	  1136.9121
2.7	  903.01843
2.8	  717.32
2.9	  569.7102
3.0	  452.47183
3.1	  359.39532
3.2	  285.50568
3.3	  226.76048
3.4	  180.11058
3.5	  143.02464
3.6	  113.587585
3.7	  90.21315
3.8	  71.66877
3.9	  56.904285
4.0	  45.180866
4.1	  35.860577
4.2	  28.46721
4.3	  22.591017
4.4	  17.920189
4.5	  14.20858
4.6	  11.250063
4.7	  8.914849
4.8	  7.0663443
4.9	  5.587776
5.0	  4.4203267
5.1	  3.4902136
5.2	  2.747073
5.3	  2.155892
5.4	  1.6879271
5.5	  1.31549
5.6	  1.0218091
5.7	  0.78668344
5.8	  0.6015578
5.9	  0.45850503
6.0	  0.35448492
6.1	  0.26836684
6.2	  0.19285175
6.3	  0.14281407
6.4	  0.10611809
6.5	  0.07879397
6.6	  0.0615201
6.7	  0.047336683
6.8	  0.036683418
6.9	  0.027022613
7.0	  0.019271357
7.1	  0.015175879
7.2	  0.010866834
7.3	  0.007286432
7.4	  0.005942211
7.5	  0.004409548
7.6	  0.0025753768
7.7	  8.291457E-4
7.8	  5.0251256E-4
7.9	  2.3869346E-4
8.0	  1.0050251E-4
8.1	  0.0
8.2	  0.0
8.3	  0.0
8.4	  0.0
8.5	  0.0
8.6	  0.0
8.7	  0.0
8.8	  0.0
8.9	  0.0
9.0	  0.0


