
X-Axis: Magnitude
Y-Axis: 1 Month Cumulative Number
Number of Data Sets: 9


DATASET #1

     Name: Mean
   Points: 66
     Info: 

Data[x,y]:
2.5	  643.41626
2.6	  511.08484
2.7	  405.93994
2.8	  322.411
2.9	  256.0807
3.0	  203.3482
3.1	  161.50613
3.2	  128.3059
3.3	  101.909424
3.4	  80.942986
3.5	  64.281975
3.6	  51.058525
3.7	  40.534412
3.8	  32.178703
3.9	  25.561728
4.0	  20.286331
4.1	  16.101128
4.2	  12.784628
4.3	  10.138094
4.4	  8.04681
4.5	  6.380144
4.6	  5.0620265
4.7	  4.0102277
4.8	  3.1715107
4.9	  2.5074701
5.0	  1.9808993
5.1	  1.5614988
5.2	  1.2295684
5.3	  0.96492803
5.4	  0.7547242
5.5	  0.59064746
5.6	  0.45635492
5.7	  0.3520024
5.8	  0.26854917
5.9	  0.20339328
6.0	  0.15672661
6.1	  0.11708633
6.2	  0.08202638
6.3	  0.06028777
6.4	  0.045959234
6.5	  0.034532376
6.6	  0.027014388
6.7	  0.020971224
6.8	  0.016318945
6.9	  0.012434052
7.0	  0.009448442
7.1	  0.0076019187
7.2	  0.005707434
7.3	  0.003944844
7.4	  0.00323741
7.5	  0.0024940048
7.6	  0.0013908873
7.7	  3.7170263E-4
7.8	  2.2781774E-4
7.9	  1.558753E-4
8.0	  4.7961632E-5
8.1	  0.0
8.2	  0.0
8.3	  0.0
8.4	  0.0
8.5	  0.0
8.6	  0.0
8.7	  0.0
8.8	  0.0
8.9	  0.0
9.0	  0.0



DATASET #2

     Name: 2.5%,97.5%
   Points: 66
     Info: 

Data[x,y]:
2.5	  450.0
2.6	  354.0
2.7	  278.0
2.8	  218.0
2.9	  171.0
3.0	  133.0
3.1	  103.0
3.2	  80.0
3.3	  62.0
3.4	  48.0
3.5	  36.0
3.6	  28.0
3.7	  21.0
3.8	  15.0
3.9	  11.0
4.0	  8.0
4.1	  6.0
4.2	  4.0
4.3	  3.0
4.4	  2.0
4.5	  1.0
4.6	  1.0
4.7	  0.0
4.8	  0.0
4.9	  0.0
5.0	  0.0
5.1	  0.0
5.2	  0.0
5.3	  0.0
5.4	  0.0
5.5	  0.0
5.6	  0.0
5.7	  0.0
5.8	  0.0
5.9	  0.0
6.0	  0.0
6.1	  0.0
6.2	  0.0
6.3	  0.0
6.4	  0.0
6.5	  0.0
6.6	  0.0
6.7	  0.0
6.8	  0.0
6.9	  0.0
7.0	  0.0
7.1	  0.0
7.2	  0.0
7.3	  0.0
7.4	  0.0
7.5	  0.0
7.6	  0.0
7.7	  0.0
7.8	  0.0
7.9	  0.0
8.0	  0.0
8.1	  0.0
8.2	  0.0
8.3	  0.0
8.4	  0.0
8.5	  0.0
8.6	  0.0
8.7	  0.0
8.8	  0.0
8.9	  0.0
9.0	  0.0



DATASET #3

     Name: null
   Points: 66
     Info: 

Data[x,y]:
2.5	  1321.0
2.6	  1050.0
2.7	  833.0
2.8	  664.0
2.9	  526.0
3.0	  418.0
3.1	  333.0
3.2	  266.0
3.3	  212.0
3.4	  169.0
3.5	  135.0
3.6	  108.0
3.7	  87.0
3.8	  69.0
3.9	  55.0
4.0	  45.0
4.1	  36.0
4.2	  30.0
4.3	  24.0
4.4	  20.0
4.5	  16.0
4.6	  13.0
4.7	  11.0
4.8	  9.0
4.9	  8.0
5.0	  7.0
5.1	  6.0
5.2	  5.0
5.3	  4.0
5.4	  4.0
5.5	  3.0
5.6	  3.0
5.7	  2.0
5.8	  2.0
5.9	  2.0
6.0	  1.0
6.1	  1.0
6.2	  1.0
6.3	  1.0
6.4	  1.0
6.5	  1.0
6.6	  1.0
6.7	  0.0
6.8	  0.0
6.9	  0.0
7.0	  0.0
7.1	  0.0
7.2	  0.0
7.3	  0.0
7.4	  0.0
7.5	  0.0
7.6	  0.0
7.7	  0.0
7.8	  0.0
7.9	  0.0
8.0	  0.0
8.1	  0.0
8.2	  0.0
8.3	  0.0
8.4	  0.0
8.5	  0.0
8.6	  0.0
8.7	  0.0
8.8	  0.0
8.9	  0.0
9.0	  0.0



DATASET #4

     Name: Median
   Points: 66
     Info: 

Data[x,y]:
2.5	  550.0
2.6	  437.0
2.7	  348.0
2.8	  277.0
2.9	  220.0
3.0	  175.0
3.1	  139.0
3.2	  111.0
3.3	  88.0
3.4	  70.0
3.5	  56.0
3.6	  44.0
3.7	  35.0
3.8	  28.0
3.9	  22.0
4.0	  18.0
4.1	  14.0
4.2	  11.0
4.3	  9.0
4.4	  7.0
4.5	  5.0
4.6	  4.0
4.7	  3.0
4.8	  3.0
4.9	  2.0
5.0	  1.0
5.1	  1.0
5.2	  1.0
5.3	  1.0
5.4	  0.0
5.5	  0.0
5.6	  0.0
5.7	  0.0
5.8	  0.0
5.9	  0.0
6.0	  0.0
6.1	  0.0
6.2	  0.0
6.3	  0.0
6.4	  0.0
6.5	  0.0
6.6	  0.0
6.7	  0.0
6.8	  0.0
6.9	  0.0
7.0	  0.0
7.1	  0.0
7.2	  0.0
7.3	  0.0
7.4	  0.0
7.5	  0.0
7.6	  0.0
7.7	  0.0
7.8	  0.0
7.9	  0.0
8.0	  0.0
8.1	  0.0
8.2	  0.0
8.3	  0.0
8.4	  0.0
8.5	  0.0
8.6	  0.0
8.7	  0.0
8.8	  0.0
8.9	  0.0
9.0	  0.0



DATASET #5

     Name: Mode
   Points: 66
     Info: 

Data[x,y]:
2.5	  513.0
2.6	  413.0
2.7	  328.0
2.8	  262.0
2.9	  202.0
3.0	  164.0
3.1	  132.0
3.2	  106.0
3.3	  83.0
3.4	  67.0
3.5	  52.0
3.6	  40.0
3.7	  34.0
3.8	  27.0
3.9	  21.0
4.0	  16.0
4.1	  12.0
4.2	  10.0
4.3	  7.0
4.4	  6.0
4.5	  5.0
4.6	  3.0
4.7	  3.0
4.8	  2.0
4.9	  1.0
5.0	  1.0
5.1	  1.0
5.2	  0.0
5.3	  0.0
5.4	  0.0
5.5	  0.0
5.6	  0.0
5.7	  0.0
5.8	  0.0
5.9	  0.0
6.0	  0.0
6.1	  0.0
6.2	  0.0
6.3	  0.0
6.4	  0.0
6.5	  0.0
6.6	  0.0
6.7	  0.0
6.8	  0.0
6.9	  0.0
7.0	  0.0
7.1	  0.0
7.2	  0.0
7.3	  0.0
7.4	  0.0
7.5	  0.0
7.6	  0.0
7.7	  0.0
7.8	  0.0
7.9	  0.0
8.0	  0.0
8.1	  0.0
8.2	  0.0
8.3	  0.0
8.4	  0.0
8.5	  0.0
8.6	  0.0
8.7	  0.0
8.8	  0.0
8.9	  0.0
9.0	  0.0



DATASET #6

     Name: 1 mo Prob
   Points: 66
     Info: 

Data[x,y]:
2.5	  1.0
2.6	  1.0
2.7	  1.0
2.8	  1.0
2.9	  1.0
3.0	  1.0
3.1	  1.0
3.2	  1.0
3.3	  1.0
3.4	  1.0
3.5	  1.0
3.6	  1.0
3.7	  1.0
3.8	  1.0
3.9	  1.0
4.0	  1.0
4.1	  1.0
4.2	  0.9998801
4.3	  0.9993885
4.4	  0.9973022
4.5	  0.99107915
4.6	  0.97683454
4.7	  0.94923264
4.8	  0.90844125
4.9	  0.8521703
5.0	  0.7827698
5.1	  0.705036
5.2	  0.6223381
5.3	  0.5389568
5.4	  0.45706236
5.5	  0.3836451
5.6	  0.3155036
5.7	  0.25591126
5.8	  0.20537171
5.9	  0.16163069
6.0	  0.12847722
6.1	  0.098980814
6.2	  0.071666665
6.3	  0.05381295
6.4	  0.041330934
6.5	  0.03143885
6.6	  0.025143884
6.7	  0.01970024
6.8	  0.015479616
6.9	  0.011942446
7.0	  0.009196643
7.1	  0.007434053
7.2	  0.00559952
7.3	  0.0039208634
7.4	  0.0032134294
7.5	  0.002470024
7.6	  0.0013908873
7.7	  3.7170263E-4
7.8	  2.2781774E-4
7.9	  1.558753E-4
8.0	  4.7961632E-5
8.1	  0.0
8.2	  0.0
8.3	  0.0
8.4	  0.0
8.5	  0.0
8.6	  0.0
8.7	  0.0
8.8	  0.0
8.9	  0.0
9.0	  0.0



DATASET #7

Name: 95% Conf
Num Points: 66
Info: 

X, Y Data:
2.5	1.0	[1.0	1.0]
2.6	1.0	[1.0	1.0]
2.7	1.0	[1.0	1.0]
2.8	1.0	[1.0	1.0]
2.9	1.0	[1.0	1.0]
3.0	1.0	[1.0	1.0]
3.1	1.0	[1.0	1.0]
3.2	1.0	[1.0	1.0]
3.3	1.0	[1.0	1.0]
3.4	1.0	[1.0	1.0]
3.5	1.0	[1.0	1.0]
3.6	1.0	[1.0	1.0]
3.7	1.0	[1.0	1.0]
3.8	1.0	[1.0	1.0]
3.9	1.0	[1.0	1.0]
4.0	1.0	[1.0	1.0]
4.1	1.0	[1.0	1.0]
4.2	0.9998801	[0.99977154	0.9999391]
4.3	0.9993885	[0.9991893	0.99954003]
4.4	0.9973022	[0.9969201	0.9976376]
4.5	0.99107915	[0.99041176	0.9917008]
4.6	0.97683454	[0.97578526	0.9778396]
4.7	0.94923264	[0.9477159	0.95070785]
4.8	0.90844125	[0.906459	0.9103858]
4.9	0.8521703	[0.84973913	0.8545689]
5.0	0.7827698	[0.7799521	0.7855613]
5.1	0.705036	[0.7019256	0.70812744]
5.2	0.6223381	[0.61903626	0.6256287]
5.3	0.5389568	[0.535566	0.5423441]
5.4	0.45706236	[0.45367748	0.4604512]
5.5	0.3836451	[0.38034424	0.38695666]
5.6	0.3155036	[0.31235218	0.31867203]
5.7	0.25591126	[0.25295496	0.25889012]
5.8	0.20537171	[0.2026376	0.208133]
5.9	0.16163069	[0.15914199	0.16415066]
6.0	0.12847722	[0.12621732	0.13077143]
6.1	0.098980814	[0.09696649	0.1010322]
6.2	0.071666665	[0.06992981	0.073443115]
6.3	0.05381295	[0.052296028	0.055371135]
6.4	0.041330934	[0.03999506	0.042709254]
6.5	0.03143885	[0.030270053	0.032651026]
6.6	0.025143884	[0.02409711	0.026234651]
6.7	0.01970024	[0.018773105	0.020671902]
6.8	0.015479616	[0.014657971	0.016346214]
6.9	0.011942446	[0.011221545	0.012708672]
7.0	0.009196643	[0.008565224	0.009873693]
7.1	0.007434053	[0.006867555	0.008046392]
7.2	0.00559952	[0.005109626	0.006135498]
7.3	0.0039208634	[0.0035132938	0.004374777]
7.4	0.0032134294	[0.0028458885	0.0036274474]
7.5	0.002470024	[0.002149693	0.0028370016]
7.6	0.0013908873	[0.0011544268	0.0016743641]
7.7	3.7170263E-4	[2.5693292E-4	5.3457567E-4]
7.8	2.2781774E-4	[1.4118508E-4	3.6311895E-4]
7.9	1.558753E-4	[8.66911E-5	2.742499E-4]
8.0	4.7961632E-5	[1.536398E-5	1.3189713E-4]
8.1	0.0	[0.0	5.74242E-5]
8.2	0.0	[0.0	5.74242E-5]
8.3	0.0	[0.0	5.74242E-5]
8.4	0.0	[0.0	0.0]
8.5	0.0	[0.0	0.0]
8.6	0.0	[0.0	0.0]
8.7	0.0	[0.0	0.0]
8.8	0.0	[0.0	0.0]
8.9	0.0	[0.0	0.0]
9.0	0.0	[0.0	0.0]



DATASET #8

     Name: Supra
   Points: 66
     Info: 

Data[x,y]:
2.5	  0.03856115
2.6	  0.03856115
2.7	  0.03856115
2.8	  0.03856115
2.9	  0.03856115
3.0	  0.03856115
3.1	  0.03856115
3.2	  0.03856115
3.3	  0.03856115
3.4	  0.03856115
3.5	  0.03856115
3.6	  0.03856115
3.7	  0.03856115
3.8	  0.03856115
3.9	  0.03856115
4.0	  0.03856115
4.1	  0.03856115
4.2	  0.03856115
4.3	  0.03856115
4.4	  0.03856115
4.5	  0.03856115
4.6	  0.03856115
4.7	  0.03856115
4.8	  0.03856115
4.9	  0.03856115
5.0	  0.03856115
5.1	  0.03856115
5.2	  0.03856115
5.3	  0.03856115
5.4	  0.03856115
5.5	  0.03856115
5.6	  0.03856115
5.7	  0.03856115
5.8	  0.038549162
5.9	  0.03851319
6.0	  0.03851319
6.1	  0.03211031
6.2	  0.025467627
6.3	  0.020371703
6.4	  0.018033573
6.5	  0.015491607
6.6	  0.013992806
6.7	  0.0120503595
6.8	  0.010431655
6.9	  0.008729016
7.0	  0.0071702637
7.1	  0.0062709833
7.2	  0.0049160672
7.3	  0.0036091127
7.4	  0.0030695444
7.5	  0.002410072
7.6	  0.0013908873
7.7	  3.7170263E-4
7.8	  2.2781774E-4
7.9	  1.558753E-4
8.0	  4.7961632E-5
8.1	  0.0
8.2	  0.0
8.3	  0.0
8.4	  0.0
8.5	  0.0
8.6	  0.0
8.7	  0.0
8.8	  0.0
8.9	  0.0
9.0	  0.0



DATASET #9

     Name: Primary
   Points: 66
     Info: 

Data[x,y]:
2.5	  391.0033
2.6	  310.57684
2.7	  246.69171
2.8	  195.8975
2.9	  155.58905
3.0	  123.574486
3.1	  98.15109
3.2	  77.98507
3.3	  61.94054
3.4	  49.195637
3.5	  39.061054
3.6	  31.0218
3.7	  24.631895
3.8	  19.561487
3.9	  15.540096
4.0	  12.3294
4.1	  9.786379
4.2	  7.7714148
4.3	  6.163789
4.4	  4.8923383
4.5	  3.882458
4.6	  3.0817506
4.7	  2.4410431
4.8	  1.932506
4.9	  1.5287889
5.0	  1.2076379
5.1	  0.95332134
5.2	  0.7514149
5.3	  0.58942443
5.4	  0.45978418
5.5	  0.35871702
5.6	  0.27743405
5.7	  0.21458034
5.8	  0.16484413
5.9	  0.124520384
6.0	  0.095563546
6.1	  0.07165468
6.2	  0.051306956
6.3	  0.037721824
6.4	  0.028369304
6.5	  0.021354916
6.6	  0.01677458
6.7	  0.012865707
6.8	  0.010047962
6.9	  0.0076378896
7.0	  0.0057434053
7.1	  0.0045443643
7.2	  0.0032494005
7.3	  0.0022182255
7.4	  0.0018585132
7.5	  0.0014028777
7.6	  7.314149E-4
7.7	  1.558753E-4
7.8	  7.194244E-5
7.9	  4.7961632E-5
8.0	  0.0
8.1	  0.0
8.2	  0.0
8.3	  0.0
8.4	  0.0
8.5	  0.0
8.6	  0.0
8.7	  0.0
8.8	  0.0
8.9	  0.0
9.0	  0.0


