
X-Axis: Magnitude
Y-Axis: 1 Week Cumulative Number
Number of Data Sets: 9


DATASET #1

     Name: Mean
   Points: 66
     Info: 

Data[x,y]:
2.5	  253.96973
2.6	  201.73659
2.7	  160.23596
2.8	  127.25246
2.9	  101.10654
3.0	  80.285866
3.1	  63.764282
3.2	  50.653767
3.3	  40.221764
3.4	  31.961727
3.5	  25.384161
3.6	  20.158094
3.7	  15.997147
3.8	  12.699569
3.9	  10.085611
4.0	  8.000288
4.1	  6.3469305
4.2	  5.0407195
4.3	  3.998729
4.4	  3.1719065
4.5	  2.515012
4.6	  1.9985132
4.7	  1.5832974
4.8	  1.2539449
4.9	  0.99091125
5.0	  0.7821223
5.1	  0.61820143
5.2	  0.48804557
5.3	  0.38278177
5.4	  0.29941246
5.5	  0.2340048
5.6	  0.18064748
5.7	  0.13943645
5.8	  0.10617506
5.9	  0.08057554
6.0	  0.06235012
6.1	  0.04640288
6.2	  0.03293765
6.3	  0.02411271
6.4	  0.018441247
6.5	  0.014232614
6.6	  0.011115108
6.7	  0.008776979
6.8	  0.0069544367
6.9	  0.005383693
7.0	  0.0039928057
7.1	  0.0032134294
7.2	  0.0023980816
7.3	  0.0017026379
7.4	  0.0014028777
7.5	  0.0010431655
7.6	  5.5155874E-4
7.7	  1.1990408E-4
7.8	  3.597122E-5
7.9	  2.3980816E-5
8.0	  0.0
8.1	  0.0
8.2	  0.0
8.3	  0.0
8.4	  0.0
8.5	  0.0
8.6	  0.0
8.7	  0.0
8.8	  0.0
8.9	  0.0
9.0	  0.0



DATASET #2

     Name: 2.5%,97.5%
   Points: 66
     Info: 

Data[x,y]:
2.5	  175.0
2.6	  136.0
2.7	  106.0
2.8	  82.0
2.9	  63.0
3.0	  49.0
3.1	  37.0
3.2	  28.0
3.3	  21.0
3.4	  16.0
3.5	  12.0
3.6	  9.0
3.7	  6.0
3.8	  4.0
3.9	  3.0
4.0	  2.0
4.1	  1.0
4.2	  1.0
4.3	  0.0
4.4	  0.0
4.5	  0.0
4.6	  0.0
4.7	  0.0
4.8	  0.0
4.9	  0.0
5.0	  0.0
5.1	  0.0
5.2	  0.0
5.3	  0.0
5.4	  0.0
5.5	  0.0
5.6	  0.0
5.7	  0.0
5.8	  0.0
5.9	  0.0
6.0	  0.0
6.1	  0.0
6.2	  0.0
6.3	  0.0
6.4	  0.0
6.5	  0.0
6.6	  0.0
6.7	  0.0
6.8	  0.0
6.9	  0.0
7.0	  0.0
7.1	  0.0
7.2	  0.0
7.3	  0.0
7.4	  0.0
7.5	  0.0
7.6	  0.0
7.7	  0.0
7.8	  0.0
7.9	  0.0
8.0	  0.0
8.1	  0.0
8.2	  0.0
8.3	  0.0
8.4	  0.0
8.5	  0.0
8.6	  0.0
8.7	  0.0
8.8	  0.0
8.9	  0.0
9.0	  0.0



DATASET #3

     Name: null
   Points: 66
     Info: 

Data[x,y]:
2.5	  488.0
2.6	  389.0
2.7	  310.0
2.8	  247.0
2.9	  196.0
3.0	  156.0
3.1	  125.0
3.2	  100.0
3.3	  80.0
3.4	  65.0
3.5	  52.0
3.6	  42.0
3.7	  34.0
3.8	  28.0
3.9	  23.0
4.0	  19.0
4.1	  15.0
4.2	  13.0
4.3	  11.0
4.4	  9.0
4.5	  8.0
4.6	  7.0
4.7	  6.0
4.8	  5.0
4.9	  4.0
5.0	  4.0
5.1	  3.0
5.2	  3.0
5.3	  2.0
5.4	  2.0
5.5	  2.0
5.6	  2.0
5.7	  1.0
5.8	  1.0
5.9	  1.0
6.0	  1.0
6.1	  1.0
6.2	  1.0
6.3	  0.0
6.4	  0.0
6.5	  0.0
6.6	  0.0
6.7	  0.0
6.8	  0.0
6.9	  0.0
7.0	  0.0
7.1	  0.0
7.2	  0.0
7.3	  0.0
7.4	  0.0
7.5	  0.0
7.6	  0.0
7.7	  0.0
7.8	  0.0
7.9	  0.0
8.0	  0.0
8.1	  0.0
8.2	  0.0
8.3	  0.0
8.4	  0.0
8.5	  0.0
8.6	  0.0
8.7	  0.0
8.8	  0.0
8.9	  0.0
9.0	  0.0



DATASET #4

     Name: Median
   Points: 66
     Info: 

Data[x,y]:
2.5	  220.0
2.6	  175.0
2.7	  139.0
2.8	  111.0
2.9	  88.0
3.0	  70.0
3.1	  56.0
3.2	  44.0
3.3	  35.0
3.4	  28.0
3.5	  22.0
3.6	  18.0
3.7	  14.0
3.8	  11.0
3.9	  9.0
4.0	  7.0
4.1	  5.0
4.2	  4.0
4.3	  3.0
4.4	  3.0
4.5	  2.0
4.6	  2.0
4.7	  1.0
4.8	  1.0
4.9	  1.0
5.0	  0.0
5.1	  0.0
5.2	  0.0
5.3	  0.0
5.4	  0.0
5.5	  0.0
5.6	  0.0
5.7	  0.0
5.8	  0.0
5.9	  0.0
6.0	  0.0
6.1	  0.0
6.2	  0.0
6.3	  0.0
6.4	  0.0
6.5	  0.0
6.6	  0.0
6.7	  0.0
6.8	  0.0
6.9	  0.0
7.0	  0.0
7.1	  0.0
7.2	  0.0
7.3	  0.0
7.4	  0.0
7.5	  0.0
7.6	  0.0
7.7	  0.0
7.8	  0.0
7.9	  0.0
8.0	  0.0
8.1	  0.0
8.2	  0.0
8.3	  0.0
8.4	  0.0
8.5	  0.0
8.6	  0.0
8.7	  0.0
8.8	  0.0
8.9	  0.0
9.0	  0.0



DATASET #5

     Name: Mode
   Points: 66
     Info: 

Data[x,y]:
2.5	  209.0
2.6	  164.0
2.7	  135.0
2.8	  105.0
2.9	  83.0
3.0	  66.0
3.1	  51.0
3.2	  41.0
3.3	  32.0
3.4	  27.0
3.5	  21.0
3.6	  16.0
3.7	  12.0
3.8	  10.0
3.9	  8.0
4.0	  6.0
4.1	  5.0
4.2	  4.0
4.3	  3.0
4.4	  2.0
4.5	  1.0
4.6	  1.0
4.7	  1.0
4.8	  0.0
4.9	  0.0
5.0	  0.0
5.1	  0.0
5.2	  0.0
5.3	  0.0
5.4	  0.0
5.5	  0.0
5.6	  0.0
5.7	  0.0
5.8	  0.0
5.9	  0.0
6.0	  0.0
6.1	  0.0
6.2	  0.0
6.3	  0.0
6.4	  0.0
6.5	  0.0
6.6	  0.0
6.7	  0.0
6.8	  0.0
6.9	  0.0
7.0	  0.0
7.1	  0.0
7.2	  0.0
7.3	  0.0
7.4	  0.0
7.5	  0.0
7.6	  0.0
7.7	  0.0
7.8	  0.0
7.9	  0.0
8.0	  0.0
8.1	  0.0
8.2	  0.0
8.3	  0.0
8.4	  0.0
8.5	  0.0
8.6	  0.0
8.7	  0.0
8.8	  0.0
8.9	  0.0
9.0	  0.0



DATASET #6

     Name: 1 wk Prob
   Points: 66
     Info: 

Data[x,y]:
2.5	  1.0
2.6	  1.0
2.7	  1.0
2.8	  1.0
2.9	  1.0
3.0	  1.0
3.1	  1.0
3.2	  1.0
3.3	  1.0
3.4	  1.0
3.5	  1.0
3.6	  1.0
3.7	  0.999988
3.8	  0.99994004
3.9	  0.9994005
4.0	  0.9976499
4.1	  0.9918825
4.2	  0.97898084
4.3	  0.9539688
4.4	  0.91516787
4.5	  0.86155874
4.6	  0.7941007
4.7	  0.71757793
4.8	  0.634976
4.9	  0.55131894
5.0	  0.47206235
5.1	  0.39966428
5.2	  0.3347602
5.3	  0.2756235
5.4	  0.2241127
5.5	  0.1811271
5.6	  0.1446283
5.7	  0.11476019
5.8	  0.089832135
5.9	  0.06946043
6.0	  0.054496404
6.1	  0.041354917
6.2	  0.030179856
6.3	  0.022434052
6.4	  0.017074341
6.5	  0.0132853715
6.6	  0.010551559
6.7	  0.008381295
6.8	  0.0066906475
6.9	  0.005239808
7.0	  0.0039328537
7.1	  0.0031534773
7.2	  0.0023501199
7.3	  0.0016906474
7.4	  0.0013908873
7.5	  0.001031175
7.6	  5.5155874E-4
7.7	  1.1990408E-4
7.8	  3.597122E-5
7.9	  2.3980816E-5
8.0	  0.0
8.1	  0.0
8.2	  0.0
8.3	  0.0
8.4	  0.0
8.5	  0.0
8.6	  0.0
8.7	  0.0
8.8	  0.0
8.9	  0.0
9.0	  0.0



DATASET #7

Name: 95% Conf
Num Points: 66
Info: 

X, Y Data:
2.5	1.0	[1.0	1.0]
2.6	1.0	[1.0	1.0]
2.7	1.0	[1.0	1.0]
2.8	1.0	[1.0	1.0]
2.9	1.0	[1.0	1.0]
3.0	1.0	[1.0	1.0]
3.1	1.0	[1.0	1.0]
3.2	1.0	[1.0	1.0]
3.3	1.0	[1.0	1.0]
3.4	1.0	[1.0	1.0]
3.5	1.0	[1.0	1.0]
3.6	1.0	[1.0	1.0]
3.7	0.999988	[0.9999221	0.99999934]
3.8	0.99994004	[0.9998513	0.99997795]
3.9	0.9994005	[0.99920297	0.99955034]
4.0	0.9976499	[0.99729115	0.99796194]
4.1	0.9918825	[0.9912442	0.99247503]
4.2	0.97898084	[0.9779788	0.9799384]
4.3	0.9539688	[0.9525195	0.95537615]
4.4	0.91516787	[0.9132516	0.9170458]
4.5	0.86155874	[0.85919213	0.863892]
4.6	0.7941007	[0.79133683	0.79683745]
4.7	0.71757793	[0.7145066	0.72062916]
4.8	0.634976	[0.6316964	0.6382432]
4.9	0.55131894	[0.5479351	0.55469805]
5.0	0.47206235	[0.46866956	0.47545773]
5.1	0.39966428	[0.39633855	0.40299925]
5.2	0.3347602	[0.3315591	0.33797655]
5.3	0.2756235	[0.27259532	0.2786724]
5.4	0.2241127	[0.22128937	0.22696152]
5.5	0.1811271	[0.17852204	0.1837616]
5.6	0.1446283	[0.14225158	0.14703783]
5.7	0.11476019	[0.11260875	0.11694722]
5.8	0.089832135	[0.08790438	0.09179779]
5.9	0.06946043	[0.067748785	0.071211874]
6.0	0.054496404	[0.052970313	0.056063693]
6.1	0.041354917	[0.040018663	0.042733606]
6.2	0.030179856	[0.029034318	0.031368896]
6.3	0.022434052	[0.02144489	0.023467472]
6.4	0.017074341	[0.016211243	0.017982228]
6.5	0.0132853715	[0.0125246	0.014091325]
6.6	0.010551559	[0.009874482	0.011274113]
6.7	0.008381295	[0.007779034	0.009029283]
6.8	0.0066906475	[0.006153881	0.0072733494]
6.9	0.005239808	[0.0047663692	0.0057593817]
7.0	0.0039328537	[0.0035246385	0.004387411]
7.1	0.0031534773	[0.0027895244	0.0035639196]
7.2	0.0023501199	[0.0020380435	0.0027088744]
7.3	0.0016906474	[0.0014283351	0.001999848]
7.4	0.0013908873	[0.0011544268	0.0016743641]
7.5	0.001031175	[8.2975987E-4	0.0012798136]
7.6	5.5155874E-4	[4.0843015E-4	7.4241E-4]
7.7	1.1990408E-4	[6.093232E-5	2.2847446E-4]
7.8	3.597122E-5	[9.289955E-6	1.1462523E-4]
7.9	2.3980816E-5	[4.1536105E-6	9.671955E-5]
8.0	0.0	[0.0	5.74242E-5]
8.1	0.0	[0.0	5.74242E-5]
8.2	0.0	[0.0	5.74242E-5]
8.3	0.0	[0.0	5.74242E-5]
8.4	0.0	[0.0	0.0]
8.5	0.0	[0.0	0.0]
8.6	0.0	[0.0	0.0]
8.7	0.0	[0.0	0.0]
8.8	0.0	[0.0	0.0]
8.9	0.0	[0.0	0.0]
9.0	0.0	[0.0	0.0]



DATASET #8

     Name: Supra
   Points: 66
     Info: 

Data[x,y]:
2.5	  0.015479616
2.6	  0.015479616
2.7	  0.015479616
2.8	  0.015479616
2.9	  0.015479616
3.0	  0.015479616
3.1	  0.015479616
3.2	  0.015479616
3.3	  0.015479616
3.4	  0.015479616
3.5	  0.015479616
3.6	  0.015479616
3.7	  0.015479616
3.8	  0.015479616
3.9	  0.015479616
4.0	  0.015479616
4.1	  0.015479616
4.2	  0.015479616
4.3	  0.015479616
4.4	  0.015479616
4.5	  0.015479616
4.6	  0.015479616
4.7	  0.015479616
4.8	  0.015479616
4.9	  0.015479616
5.0	  0.015479616
5.1	  0.015479616
5.2	  0.015479616
5.3	  0.015479616
5.4	  0.015479616
5.5	  0.015479616
5.6	  0.015479616
5.7	  0.015479616
5.8	  0.015467626
5.9	  0.015443645
6.0	  0.015443645
6.1	  0.013021583
6.2	  0.010551559
6.3	  0.008465228
6.4	  0.00764988
6.5	  0.006678657
6.6	  0.005971223
6.7	  0.0052877697
6.8	  0.004616307
6.9	  0.0039808154
7.0	  0.0031414868
7.1	  0.002769784
7.2	  0.002122302
7.3	  0.0015467625
7.4	  0.0013309353
7.5	  0.0010071943
7.6	  5.5155874E-4
7.7	  1.1990408E-4
7.8	  3.597122E-5
7.9	  2.3980816E-5
8.0	  0.0
8.1	  0.0
8.2	  0.0
8.3	  0.0
8.4	  0.0
8.5	  0.0
8.6	  0.0
8.7	  0.0
8.8	  0.0
8.9	  0.0
9.0	  0.0



DATASET #9

     Name: Primary
   Points: 66
     Info: 

Data[x,y]:
2.5	  170.69308
2.6	  135.58783
2.7	  107.68561
2.8	  85.50988
2.9	  67.930275
3.0	  53.9467
3.1	  42.84493
3.2	  34.03782
3.3	  27.028538
3.4	  21.47596
3.5	  17.05163
3.6	  13.543178
3.7	  10.753357
3.8	  8.541583
3.9	  6.7831054
4.0	  5.3794603
4.1	  4.2694483
4.2	  3.391451
4.3	  2.6906354
4.4	  2.1358035
4.5	  1.6948321
4.6	  1.3483573
4.7	  1.0689569
4.8	  0.84705037
4.9	  0.6697482
5.0	  0.52848923
5.1	  0.4183573
5.2	  0.33057553
5.3	  0.258777
5.4	  0.20194244
5.5	  0.15726618
5.6	  0.12118705
5.7	  0.09347722
5.8	  0.071618706
5.9	  0.054304555
6.0	  0.041654676
6.1	  0.030959232
6.2	  0.02238609
6.3	  0.01643885
6.4	  0.012410072
6.5	  0.009580336
6.6	  0.007494005
6.7	  0.0058633094
6.8	  0.0045683454
6.9	  0.0035491607
7.0	  0.0025539568
7.1	  0.0020143886
7.2	  0.0014748202
7.3	  0.0010671463
7.4	  8.8729017E-4
7.5	  6.594724E-4
7.6	  3.3573143E-4
7.7	  4.7961632E-5
7.8	  0.0
7.9	  0.0
8.0	  0.0
8.1	  0.0
8.2	  0.0
8.3	  0.0
8.4	  0.0
8.5	  0.0
8.6	  0.0
8.7	  0.0
8.8	  0.0
8.9	  0.0
9.0	  0.0


