
X-Axis: Magnitude
Y-Axis: 1 Hour Cumulative Number
Number of Data Sets: 9


DATASET #1

     Name: Mean
   Points: 66
     Info: 

Data[x,y]:
2.5	  1237.9497
2.6	  983.0348
2.7	  781.5353
2.8	  620.7749
2.9	  492.93042
3.0	  391.45026
3.1	  310.51303
3.2	  246.55652
3.3	  196.17102
3.4	  155.4773
3.5	  123.22125
3.6	  98.04155
3.7	  77.95942
3.8	  61.786472
3.9	  49.18261
4.0	  39.215458
4.1	  31.27343
4.2	  24.881159
4.3	  19.756521
4.4	  15.642512
4.5	  12.413527
4.6	  9.819324
4.7	  7.783575
4.8	  6.1236715
4.9	  4.8376813
5.0	  3.836715
5.1	  3.0463767
5.2	  2.4299517
5.3	  1.8869566
5.4	  1.4724637
5.5	  1.1613526
5.6	  0.8995169
5.7	  0.7169082
5.8	  0.53236717
5.9	  0.40483093
6.0	  0.305314
6.1	  0.22222222
6.2	  0.15555556
6.3	  0.12560387
6.4	  0.096618354
6.5	  0.07826087
6.6	  0.069565214
6.7	  0.056038648
6.8	  0.046376813
6.9	  0.038647342
7.0	  0.028019324
7.1	  0.024154589
7.2	  0.020289855
7.3	  0.012560386
7.4	  0.008695652
7.5	  0.0057971017
7.6	  0.0028985508
7.7	  0.0019323671
7.8	  0.0
7.9	  0.0
8.0	  0.0
8.1	  0.0
8.2	  0.0
8.3	  0.0
8.4	  0.0
8.5	  0.0
8.6	  0.0
8.7	  0.0
8.8	  0.0
8.9	  0.0
9.0	  0.0



DATASET #2

     Name: 2.5%,97.5%
   Points: 66
     Info: 

Data[x,y]:
2.5	  1042.0
2.6	  819.0
2.7	  646.0
2.8	  509.0
2.9	  400.0
3.0	  314.0
3.1	  247.0
3.2	  193.0
3.3	  150.0
3.4	  119.0
3.5	  91.0
3.6	  71.0
3.7	  54.0
3.8	  42.0
3.9	  33.0
4.0	  24.0
4.1	  19.0
4.2	  13.0
4.3	  10.0
4.4	  7.0
4.5	  5.0
4.6	  4.0
4.7	  2.0
4.8	  1.0
4.9	  1.0
5.0	  0.0
5.1	  0.0
5.2	  0.0
5.3	  0.0
5.4	  0.0
5.5	  0.0
5.6	  0.0
5.7	  0.0
5.8	  0.0
5.9	  0.0
6.0	  0.0
6.1	  0.0
6.2	  0.0
6.3	  0.0
6.4	  0.0
6.5	  0.0
6.6	  0.0
6.7	  0.0
6.8	  0.0
6.9	  0.0
7.0	  0.0
7.1	  0.0
7.2	  0.0
7.3	  0.0
7.4	  0.0
7.5	  0.0
7.6	  0.0
7.7	  0.0
7.8	  0.0
7.9	  0.0
8.0	  0.0
8.1	  0.0
8.2	  0.0
8.3	  0.0
8.4	  0.0
8.5	  0.0
8.6	  0.0
8.7	  0.0
8.8	  0.0
8.9	  0.0
9.0	  0.0



DATASET #3

     Name: null
   Points: 66
     Info: 

Data[x,y]:
2.5	  2094.0
2.6	  1667.0
2.7	  1331.0
2.8	  1046.0
2.9	  829.0
3.0	  677.0
3.1	  531.0
3.2	  421.0
3.3	  322.0
3.4	  263.0
3.5	  212.0
3.6	  166.0
3.7	  133.0
3.8	  106.0
3.9	  86.0
4.0	  66.0
4.1	  57.0
4.2	  46.0
4.3	  38.0
4.4	  30.0
4.5	  25.0
4.6	  20.0
4.7	  17.0
4.8	  14.0
4.9	  12.0
5.0	  10.0
5.1	  8.0
5.2	  7.0
5.3	  6.0
5.4	  5.0
5.5	  4.0
5.6	  4.0
5.7	  3.0
5.8	  2.0
5.9	  2.0
6.0	  2.0
6.1	  1.0
6.2	  1.0
6.3	  1.0
6.4	  1.0
6.5	  1.0
6.6	  1.0
6.7	  1.0
6.8	  1.0
6.9	  1.0
7.0	  1.0
7.1	  0.0
7.2	  0.0
7.3	  0.0
7.4	  0.0
7.5	  0.0
7.6	  0.0
7.7	  0.0
7.8	  0.0
7.9	  0.0
8.0	  0.0
8.1	  0.0
8.2	  0.0
8.3	  0.0
8.4	  0.0
8.5	  0.0
8.6	  0.0
8.7	  0.0
8.8	  0.0
8.9	  0.0
9.0	  0.0



DATASET #4

     Name: Median
   Points: 66
     Info: 

Data[x,y]:
2.5	  1159.0
2.6	  922.0
2.7	  732.0
2.8	  584.0
2.9	  464.0
3.0	  369.0
3.1	  292.0
3.2	  232.0
3.3	  185.0
3.4	  147.0
3.5	  117.0
3.6	  93.0
3.7	  74.0
3.8	  59.0
3.9	  46.0
4.0	  37.0
4.1	  29.0
4.2	  23.0
4.3	  19.0
4.4	  15.0
4.5	  12.0
4.6	  9.0
4.7	  7.0
4.8	  6.0
4.9	  4.0
5.0	  3.0
5.1	  3.0
5.2	  2.0
5.3	  2.0
5.4	  1.0
5.5	  1.0
5.6	  1.0
5.7	  0.0
5.8	  0.0
5.9	  0.0
6.0	  0.0
6.1	  0.0
6.2	  0.0
6.3	  0.0
6.4	  0.0
6.5	  0.0
6.6	  0.0
6.7	  0.0
6.8	  0.0
6.9	  0.0
7.0	  0.0
7.1	  0.0
7.2	  0.0
7.3	  0.0
7.4	  0.0
7.5	  0.0
7.6	  0.0
7.7	  0.0
7.8	  0.0
7.9	  0.0
8.0	  0.0
8.1	  0.0
8.2	  0.0
8.3	  0.0
8.4	  0.0
8.5	  0.0
8.6	  0.0
8.7	  0.0
8.8	  0.0
8.9	  0.0
9.0	  0.0



DATASET #5

     Name: Mode
   Points: 66
     Info: 

Data[x,y]:
2.5	  1147.0
2.6	  924.0
2.7	  727.0
2.8	  571.0
2.9	  461.0
3.0	  372.0
3.1	  288.0
3.2	  223.0
3.3	  190.0
3.4	  152.0
3.5	  117.0
3.6	  88.0
3.7	  70.0
3.8	  64.0
3.9	  45.0
4.0	  35.0
4.1	  27.0
4.2	  21.0
4.3	  18.0
4.4	  13.0
4.5	  9.0
4.6	  10.0
4.7	  6.0
4.8	  5.0
4.9	  4.0
5.0	  3.0
5.1	  2.0
5.2	  2.0
5.3	  1.0
5.4	  1.0
5.5	  1.0
5.6	  0.0
5.7	  0.0
5.8	  0.0
5.9	  0.0
6.0	  0.0
6.1	  0.0
6.2	  0.0
6.3	  0.0
6.4	  0.0
6.5	  0.0
6.6	  0.0
6.7	  0.0
6.8	  0.0
6.9	  0.0
7.0	  0.0
7.1	  0.0
7.2	  0.0
7.3	  0.0
7.4	  0.0
7.5	  0.0
7.6	  0.0
7.7	  0.0
7.8	  0.0
7.9	  0.0
8.0	  0.0
8.1	  0.0
8.2	  0.0
8.3	  0.0
8.4	  0.0
8.5	  0.0
8.6	  0.0
8.7	  0.0
8.8	  0.0
8.9	  0.0
9.0	  0.0



DATASET #6

     Name: 1 hr Prob
   Points: 66
     Info: 

Data[x,y]:
2.5	  1.0
2.6	  1.0
2.7	  1.0
2.8	  1.0
2.9	  1.0
3.0	  1.0
3.1	  1.0
3.2	  1.0
3.3	  1.0
3.4	  1.0
3.5	  1.0
3.6	  1.0
3.7	  1.0
3.8	  1.0
3.9	  1.0
4.0	  1.0
4.1	  1.0
4.2	  1.0
4.3	  1.0
4.4	  1.0
4.5	  1.0
4.6	  1.0
4.7	  0.9990338
4.8	  0.9971014
4.9	  0.98357487
5.0	  0.9642512
5.1	  0.9227053
5.2	  0.87536234
5.3	  0.8115942
5.4	  0.742029
5.5	  0.65603864
5.6	  0.56135267
5.7	  0.4763285
5.8	  0.40193236
5.9	  0.32077295
6.0	  0.2589372
6.1	  0.19323671
6.2	  0.13816425
6.3	  0.11400966
6.4	  0.08695652
6.5	  0.0705314
6.6	  0.062801935
6.7	  0.050241545
6.8	  0.042512078
6.9	  0.03574879
7.0	  0.028019324
7.1	  0.024154589
7.2	  0.020289855
7.3	  0.012560386
7.4	  0.008695652
7.5	  0.0057971017
7.6	  0.0028985508
7.7	  0.0019323671
7.8	  0.0
7.9	  0.0
8.0	  0.0
8.1	  0.0
8.2	  0.0
8.3	  0.0
8.4	  0.0
8.5	  0.0
8.6	  0.0
8.7	  0.0
8.8	  0.0
8.9	  0.0
9.0	  0.0



DATASET #7

Name: 95% Conf
Num Points: 66
Info: 

X, Y Data:
2.5	1.0	[1.0	1.0]
2.6	1.0	[1.0	1.0]
2.7	1.0	[1.0	1.0]
2.8	1.0	[1.0	1.0]
2.9	1.0	[1.0	1.0]
3.0	1.0	[1.0	1.0]
3.1	1.0	[1.0	1.0]
3.2	1.0	[1.0	1.0]
3.3	1.0	[1.0	1.0]
3.4	1.0	[1.0	1.0]
3.5	1.0	[1.0	1.0]
3.6	1.0	[1.0	1.0]
3.7	1.0	[1.0	1.0]
3.8	1.0	[1.0	1.0]
3.9	1.0	[1.0	1.0]
4.0	1.0	[1.0	1.0]
4.1	1.0	[1.0	1.0]
4.2	1.0	[1.0	1.0]
4.3	1.0	[1.0	1.0]
4.4	1.0	[1.0	1.0]
4.5	1.0	[1.0	1.0]
4.6	1.0	[1.0	1.0]
4.7	0.9990338	[0.99374896	0.9999496]
4.8	0.9971014	[0.99080247	0.9992511]
4.9	0.98357487	[0.97326416	0.9900921]
5.0	0.9642512	[0.9505609	0.9743632]
5.1	0.9227053	[0.90429974	0.9378924]
5.2	0.87536234	[0.8533256	0.8945565]
5.3	0.8115942	[0.78613025	0.8347071]
5.4	0.742029	[0.7140156	0.76822]
5.5	0.65603864	[0.62607807	0.68482596]
5.6	0.56135267	[0.53046435	0.59178]
5.7	0.4763285	[0.44556466	0.5072702]
5.8	0.40193236	[0.3720025	0.43259925]
5.9	0.32077295	[0.292573	0.3503209]
6.0	0.2589372	[0.23271026	0.2869792]
6.1	0.19323671	[0.16987537	0.21891229]
6.2	0.13816425	[0.1180249	0.16104098]
6.3	0.11400966	[0.0956115	0.13533348]
6.4	0.08695652	[0.070842735	0.10621062]
6.5	0.0705314	[0.05603636	0.088300444]
6.6	0.062801935	[0.04914849	0.07979372]
6.7	0.050241545	[0.038095966	0.0658331]
6.8	0.042512078	[0.03140355	0.057135645]
6.9	0.03574879	[0.025636772	0.049439095]
7.0	0.028019324	[0.01918009	0.040514242]
7.1	0.024154589	[0.016021943	0.035984855]
7.2	0.020289855	[0.012925294	0.03139737]
7.3	0.012560386	[0.006998477	0.021974996]
7.4	0.008695652	[0.004249504	0.017070418]
7.5	0.0057971017	[0.002358673	0.013245162]
7.6	0.0028985508	[7.4887375E-4	0.009197512]
7.7	0.0019323671	[3.3476585E-4	0.007762145]
7.8	0.0	[0.0	0.0046101403]
7.9	0.0	[0.0	0.0046101403]
8.0	0.0	[0.0	0.0046101403]
8.1	0.0	[0.0	0.0046101403]
8.2	0.0	[0.0	0.0046101403]
8.3	0.0	[0.0	0.0046101403]
8.4	0.0	[0.0	0.0]
8.5	0.0	[0.0	0.0]
8.6	0.0	[0.0	0.0]
8.7	0.0	[0.0	0.0]
8.8	0.0	[0.0	0.0]
8.9	0.0	[0.0	0.0]
9.0	0.0	[0.0	0.0]



DATASET #8

     Name: Supra
   Points: 66
     Info: 

Data[x,y]:
2.5	  0.10821256
2.6	  0.10821256
2.7	  0.10821256
2.8	  0.10821256
2.9	  0.10821256
3.0	  0.10821256
3.1	  0.10821256
3.2	  0.10821256
3.3	  0.10821256
3.4	  0.10821256
3.5	  0.10821256
3.6	  0.10821256
3.7	  0.10821256
3.8	  0.10821256
3.9	  0.10821256
4.0	  0.10821256
4.1	  0.10821256
4.2	  0.10821256
4.3	  0.10821256
4.4	  0.10821256
4.5	  0.10821256
4.6	  0.10821256
4.7	  0.10821256
4.8	  0.10821256
4.9	  0.10821256
5.0	  0.10821256
5.1	  0.10821256
5.2	  0.10821256
5.3	  0.10821256
5.4	  0.10821256
5.5	  0.10821256
5.6	  0.10821256
5.7	  0.10821256
5.8	  0.10821256
5.9	  0.10821256
6.0	  0.10821256
6.1	  0.099516906
6.2	  0.08405797
6.3	  0.07536232
6.4	  0.06859903
6.5	  0.059903383
6.6	  0.05410628
6.7	  0.04541063
6.8	  0.039613526
6.9	  0.033816423
7.0	  0.02705314
7.1	  0.023188407
7.2	  0.019323671
7.3	  0.012560386
7.4	  0.008695652
7.5	  0.0057971017
7.6	  0.0028985508
7.7	  0.0019323671
7.8	  0.0
7.9	  0.0
8.0	  0.0
8.1	  0.0
8.2	  0.0
8.3	  0.0
8.4	  0.0
8.5	  0.0
8.6	  0.0
8.7	  0.0
8.8	  0.0
8.9	  0.0
9.0	  0.0



DATASET #9

     Name: Primary
   Points: 66
     Info: 

Data[x,y]:
2.5	  956.50244
2.6	  759.5063
2.7	  603.6135
2.8	  479.50723
2.9	  380.75266
3.0	  302.38165
3.1	  239.89565
3.2	  190.34589
3.3	  151.35362
3.4	  119.92464
3.5	  94.99227
3.6	  75.54203
3.7	  60.04058
3.8	  47.63478
3.9	  37.95459
4.0	  30.279226
4.1	  24.15652
4.2	  19.21546
4.3	  15.243478
4.4	  12.090821
4.5	  9.610628
4.6	  7.599034
4.7	  6.0347824
4.8	  4.7545896
4.9	  3.7603865
5.0	  2.999034
5.1	  2.368116
5.2	  1.8966184
5.3	  1.4724637
5.4	  1.1429951
5.5	  0.9111111
5.6	  0.7014493
5.7	  0.56328505
5.8	  0.42512077
5.9	  0.32077295
6.0	  0.23768117
6.1	  0.16811594
6.2	  0.11884058
6.3	  0.09468599
6.4	  0.07149758
6.5	  0.055072464
6.6	  0.04927536
6.7	  0.039613526
6.8	  0.032850243
6.9	  0.02705314
7.0	  0.019323671
7.1	  0.016425122
7.2	  0.015458937
7.3	  0.009661836
7.4	  0.006763285
7.5	  0.004830918
7.6	  0.0028985508
7.7	  0.0019323671
7.8	  0.0
7.9	  0.0
8.0	  0.0
8.1	  0.0
8.2	  0.0
8.3	  0.0
8.4	  0.0
8.5	  0.0
8.6	  0.0
8.7	  0.0
8.8	  0.0
8.9	  0.0
9.0	  0.0


