
X-Axis: Magnitude
Y-Axis: 1 Month Cumulative Number
Number of Data Sets: 9


DATASET #1

     Name: Mean
   Points: 66
     Info: 

Data[x,y]:
2.5	  5877.552
2.6	  4669.1187
2.7	  3710.8193
2.8	  2947.512
2.9	  2340.7632
3.0	  1859.0155
3.1	  1476.2676
3.2	  1172.1594
3.3	  931.96906
3.4	  739.8203
3.5	  587.40967
3.6	  466.84735
3.7	  370.76425
3.8	  294.59805
3.9	  234.22705
4.0	  185.93237
4.1	  147.81836
4.2	  117.39613
4.3	  93.14783
4.4	  73.8628
4.5	  58.527534
4.6	  46.400967
4.7	  36.68889
4.8	  28.95459
4.9	  22.908213
5.0	  18.03285
5.1	  14.257005
5.2	  11.2541065
5.3	  8.800966
5.4	  6.861836
5.5	  5.3497586
5.6	  4.1256037
5.7	  3.2
5.8	  2.4434783
5.9	  1.8512077
6.0	  1.3971014
6.1	  1.0077294
6.2	  0.6821256
6.3	  0.5178744
6.4	  0.40386474
6.5	  0.32173914
6.6	  0.26183575
6.7	  0.20869565
6.8	  0.16811594
6.9	  0.12463768
7.0	  0.09855072
7.1	  0.08115942
7.2	  0.05700483
7.3	  0.04057971
7.4	  0.030917874
7.5	  0.022222223
7.6	  0.011594203
7.7	  0.0038647342
7.8	  9.6618355E-4
7.9	  9.6618355E-4
8.0	  9.6618355E-4
8.1	  0.0
8.2	  0.0
8.3	  0.0
8.4	  0.0
8.5	  0.0
8.6	  0.0
8.7	  0.0
8.8	  0.0
8.9	  0.0
9.0	  0.0



DATASET #2

     Name: 2.5%,97.5%
   Points: 66
     Info: 

Data[x,y]:
2.5	  3760.0
2.6	  2964.0
2.7	  2356.0
2.8	  1863.0
2.9	  1478.0
3.0	  1168.0
3.1	  924.0
3.2	  730.0
3.3	  573.0
3.4	  451.0
3.5	  358.0
3.6	  284.0
3.7	  223.0
3.8	  175.0
3.9	  136.0
4.0	  106.0
4.1	  82.0
4.2	  64.0
4.3	  49.0
4.4	  37.0
4.5	  29.0
4.6	  22.0
4.7	  16.0
4.8	  11.0
4.9	  8.0
5.0	  6.0
5.1	  4.0
5.2	  3.0
5.3	  2.0
5.4	  1.0
5.5	  0.0
5.6	  0.0
5.7	  0.0
5.8	  0.0
5.9	  0.0
6.0	  0.0
6.1	  0.0
6.2	  0.0
6.3	  0.0
6.4	  0.0
6.5	  0.0
6.6	  0.0
6.7	  0.0
6.8	  0.0
6.9	  0.0
7.0	  0.0
7.1	  0.0
7.2	  0.0
7.3	  0.0
7.4	  0.0
7.5	  0.0
7.6	  0.0
7.7	  0.0
7.8	  0.0
7.9	  0.0
8.0	  0.0
8.1	  0.0
8.2	  0.0
8.3	  0.0
8.4	  0.0
8.5	  0.0
8.6	  0.0
8.7	  0.0
8.8	  0.0
8.9	  0.0
9.0	  0.0



DATASET #3

     Name: null
   Points: 66
     Info: 

Data[x,y]:
2.5	  16999.0
2.6	  13543.0
2.7	  10800.0
2.8	  8562.0
2.9	  6750.0
3.0	  5375.0
3.1	  4248.0
3.2	  3359.0
3.3	  2677.0
3.4	  2129.0
3.5	  1688.0
3.6	  1353.0
3.7	  1080.0
3.8	  852.0
3.9	  680.0
4.0	  539.0
4.1	  428.0
4.2	  342.0
4.3	  264.0
4.4	  211.0
4.5	  165.0
4.6	  130.0
4.7	  109.0
4.8	  85.0
4.9	  68.0
5.0	  52.0
5.1	  42.0
5.2	  32.0
5.3	  27.0
5.4	  21.0
5.5	  16.0
5.6	  13.0
5.7	  11.0
5.8	  9.0
5.9	  7.0
6.0	  5.0
6.1	  5.0
6.2	  4.0
6.3	  3.0
6.4	  3.0
6.5	  2.0
6.6	  2.0
6.7	  2.0
6.8	  1.0
6.9	  1.0
7.0	  1.0
7.1	  1.0
7.2	  1.0
7.3	  1.0
7.4	  1.0
7.5	  0.0
7.6	  0.0
7.7	  0.0
7.8	  0.0
7.9	  0.0
8.0	  0.0
8.1	  0.0
8.2	  0.0
8.3	  0.0
8.4	  0.0
8.5	  0.0
8.6	  0.0
8.7	  0.0
8.8	  0.0
8.9	  0.0
9.0	  0.0



DATASET #4

     Name: Median
   Points: 66
     Info: 

Data[x,y]:
2.5	  4852.0
2.6	  3849.0
2.7	  3066.0
2.8	  2430.0
2.9	  1936.0
3.0	  1535.0
3.1	  1214.0
3.2	  963.0
3.3	  768.0
3.4	  611.0
3.5	  487.0
3.6	  387.0
3.7	  309.0
3.8	  246.0
3.9	  196.0
4.0	  156.0
4.1	  124.0
4.2	  98.0
4.3	  79.0
4.4	  63.0
4.5	  49.0
4.6	  40.0
4.7	  31.0
4.8	  25.0
4.9	  20.0
5.0	  15.0
5.1	  12.0
5.2	  10.0
5.3	  7.0
5.4	  6.0
5.5	  4.0
5.6	  3.0
5.7	  3.0
5.8	  2.0
5.9	  1.0
6.0	  1.0
6.1	  1.0
6.2	  0.0
6.3	  0.0
6.4	  0.0
6.5	  0.0
6.6	  0.0
6.7	  0.0
6.8	  0.0
6.9	  0.0
7.0	  0.0
7.1	  0.0
7.2	  0.0
7.3	  0.0
7.4	  0.0
7.5	  0.0
7.6	  0.0
7.7	  0.0
7.8	  0.0
7.9	  0.0
8.0	  0.0
8.1	  0.0
8.2	  0.0
8.3	  0.0
8.4	  0.0
8.5	  0.0
8.6	  0.0
8.7	  0.0
8.8	  0.0
8.9	  0.0
9.0	  0.0



DATASET #5

     Name: Mode
   Points: 66
     Info: 

Data[x,y]:
2.5	  4862.0
2.6	  3280.0
2.7	  2975.0
2.8	  2142.0
2.9	  1816.0
3.0	  1421.0
3.1	  1118.0
3.2	  957.0
3.3	  682.0
3.4	  583.0
3.5	  443.0
3.6	  346.0
3.7	  271.0
3.8	  217.0
3.9	  169.0
4.0	  141.0
4.1	  115.0
4.2	  98.0
4.3	  74.0
4.4	  68.0
4.5	  47.0
4.6	  41.0
4.7	  24.0
4.8	  18.0
4.9	  20.0
5.0	  13.0
5.1	  10.0
5.2	  8.0
5.3	  5.0
5.4	  5.0
5.5	  4.0
5.6	  2.0
5.7	  2.0
5.8	  1.0
5.9	  1.0
6.0	  0.0
6.1	  0.0
6.2	  0.0
6.3	  0.0
6.4	  0.0
6.5	  0.0
6.6	  0.0
6.7	  0.0
6.8	  0.0
6.9	  0.0
7.0	  0.0
7.1	  0.0
7.2	  0.0
7.3	  0.0
7.4	  0.0
7.5	  0.0
7.6	  0.0
7.7	  0.0
7.8	  0.0
7.9	  0.0
8.0	  0.0
8.1	  0.0
8.2	  0.0
8.3	  0.0
8.4	  0.0
8.5	  0.0
8.6	  0.0
8.7	  0.0
8.8	  0.0
8.9	  0.0
9.0	  0.0



DATASET #6

     Name: 1 mo Prob
   Points: 66
     Info: 

Data[x,y]:
2.5	  1.0
2.6	  1.0
2.7	  1.0
2.8	  1.0
2.9	  1.0
3.0	  1.0
3.1	  1.0
3.2	  1.0
3.3	  1.0
3.4	  1.0
3.5	  1.0
3.6	  1.0
3.7	  1.0
3.8	  1.0
3.9	  1.0
4.0	  1.0
4.1	  1.0
4.2	  1.0
4.3	  1.0
4.4	  1.0
4.5	  1.0
4.6	  1.0
4.7	  1.0
4.8	  1.0
4.9	  1.0
5.0	  1.0
5.1	  1.0
5.2	  0.9990338
5.3	  0.9971014
5.4	  0.9922705
5.5	  0.973913
5.6	  0.9458937
5.7	  0.89178747
5.8	  0.82222223
5.9	  0.7468599
6.0	  0.65217394
6.1	  0.54009664
6.2	  0.42222223
6.3	  0.34492755
6.4	  0.26859903
6.5	  0.22801933
6.6	  0.19806764
6.7	  0.16425121
6.8	  0.13816425
6.9	  0.109178744
7.0	  0.09082126
7.1	  0.0763285
7.2	  0.05410628
7.3	  0.038647342
7.4	  0.029951692
7.5	  0.022222223
7.6	  0.011594203
7.7	  0.0038647342
7.8	  9.6618355E-4
7.9	  9.6618355E-4
8.0	  9.6618355E-4
8.1	  0.0
8.2	  0.0
8.3	  0.0
8.4	  0.0
8.5	  0.0
8.6	  0.0
8.7	  0.0
8.8	  0.0
8.9	  0.0
9.0	  0.0



DATASET #7

Name: 95% Conf
Num Points: 66
Info: 

X, Y Data:
2.5	1.0	[1.0	1.0]
2.6	1.0	[1.0	1.0]
2.7	1.0	[1.0	1.0]
2.8	1.0	[1.0	1.0]
2.9	1.0	[1.0	1.0]
3.0	1.0	[1.0	1.0]
3.1	1.0	[1.0	1.0]
3.2	1.0	[1.0	1.0]
3.3	1.0	[1.0	1.0]
3.4	1.0	[1.0	1.0]
3.5	1.0	[1.0	1.0]
3.6	1.0	[1.0	1.0]
3.7	1.0	[1.0	1.0]
3.8	1.0	[1.0	1.0]
3.9	1.0	[1.0	1.0]
4.0	1.0	[1.0	1.0]
4.1	1.0	[1.0	1.0]
4.2	1.0	[1.0	1.0]
4.3	1.0	[1.0	1.0]
4.4	1.0	[1.0	1.0]
4.5	1.0	[1.0	1.0]
4.6	1.0	[1.0	1.0]
4.7	1.0	[1.0	1.0]
4.8	1.0	[1.0	1.0]
4.9	1.0	[1.0	1.0]
5.0	1.0	[1.0	1.0]
5.1	1.0	[1.0	1.0]
5.2	0.9990338	[0.99374896	0.9999496]
5.3	0.9971014	[0.99080247	0.9992511]
5.4	0.9922705	[0.9841872	0.9964016]
5.5	0.973913	[0.96174395	0.98240584]
5.6	0.9458937	[0.9298508	0.9585242]
5.7	0.89178747	[0.8708743	0.90972936]
5.8	0.82222223	[0.79724467	0.8447674]
5.9	0.7468599	[0.7189922	0.7728687]
6.0	0.65217394	[0.62215203	0.6810516]
6.1	0.54009664	[0.5091568	0.57073516]
6.2	0.42222223	[0.39199644	0.45303243]
6.3	0.34492755	[0.31611744	0.37490365]
6.4	0.26859903	[0.24202189	0.29691815]
6.5	0.22801933	[0.20302944	0.25505868]
6.6	0.19806764	[0.17446356	0.22394909]
6.7	0.16425121	[0.14247318	0.18856537]
6.8	0.13816425	[0.1180249	0.16104098]
6.9	0.109178744	[0.091159634	0.13016148]
7.0	0.09082126	[0.074354984	0.110396825]
7.1	0.0763285	[0.061237972	0.09464544]
7.2	0.05410628	[0.041475754	0.07014916]
7.3	0.038647342	[0.028096676	0.052748792]
7.4	0.029951692	[0.020778354	0.042760678]
7.5	0.022222223	[0.014465	0.03369922]
7.6	0.011594203	[0.006293264	0.020764755]
7.7	0.0038647342	[0.0012387283	0.010581611]
7.8	9.6618355E-4	[5.0435483E-5	0.006251031]
7.9	9.6618355E-4	[5.0435483E-5	0.006251031]
8.0	9.6618355E-4	[5.0435483E-5	0.006251031]
8.1	0.0	[0.0	0.0046101403]
8.2	0.0	[0.0	0.0046101403]
8.3	0.0	[0.0	0.0046101403]
8.4	0.0	[0.0	0.0]
8.5	0.0	[0.0	0.0]
8.6	0.0	[0.0	0.0]
8.7	0.0	[0.0	0.0]
8.8	0.0	[0.0	0.0]
8.9	0.0	[0.0	0.0]
9.0	0.0	[0.0	0.0]



DATASET #8

     Name: Supra
   Points: 66
     Info: 

Data[x,y]:
2.5	  0.3342995
2.6	  0.3342995
2.7	  0.3342995
2.8	  0.3342995
2.9	  0.3342995
3.0	  0.3342995
3.1	  0.3342995
3.2	  0.3342995
3.3	  0.3342995
3.4	  0.3342995
3.5	  0.3342995
3.6	  0.3342995
3.7	  0.3342995
3.8	  0.3342995
3.9	  0.3342995
4.0	  0.3342995
4.1	  0.3342995
4.2	  0.3342995
4.3	  0.3342995
4.4	  0.3342995
4.5	  0.3342995
4.6	  0.3342995
4.7	  0.3342995
4.8	  0.3342995
4.9	  0.3342995
5.0	  0.3342995
5.1	  0.3342995
5.2	  0.3342995
5.3	  0.3342995
5.4	  0.3342995
5.5	  0.3342995
5.6	  0.3342995
5.7	  0.3342995
5.8	  0.3342995
5.9	  0.3342995
6.0	  0.3342995
6.1	  0.28985506
6.2	  0.23381643
6.3	  0.1942029
6.4	  0.17584541
6.5	  0.16038647
6.6	  0.1468599
6.7	  0.123671494
6.8	  0.11304348
6.9	  0.09082126
7.0	  0.0763285
7.1	  0.06859903
7.2	  0.05120773
7.3	  0.03768116
7.4	  0.029951692
7.5	  0.022222223
7.6	  0.011594203
7.7	  0.0038647342
7.8	  9.6618355E-4
7.9	  9.6618355E-4
8.0	  9.6618355E-4
8.1	  0.0
8.2	  0.0
8.3	  0.0
8.4	  0.0
8.5	  0.0
8.6	  0.0
8.7	  0.0
8.8	  0.0
8.9	  0.0
9.0	  0.0



DATASET #9

     Name: Primary
   Points: 66
     Info: 

Data[x,y]:
2.5	  2369.6028
2.6	  1881.7352
2.7	  1494.7981
2.8	  1187.2435
2.9	  942.67633
3.0	  748.4145
3.1	  594.1594
3.2	  471.33624
3.3	  374.91885
3.4	  297.6029
3.5	  236.11497
3.6	  187.51497
3.7	  149.0058
3.8	  118.37102
3.9	  94.28599
4.0	  74.90531
4.1	  59.65604
4.2	  47.31884
4.3	  37.537197
4.4	  29.776812
4.5	  23.589373
4.6	  18.753624
4.7	  14.814493
4.8	  11.644444
4.9	  9.256039
5.0	  7.2782607
5.1	  5.768116
5.2	  4.576812
5.3	  3.5700483
5.4	  2.7971015
5.5	  2.2193236
5.6	  1.6937199
5.7	  1.3246377
5.8	  1.0086956
5.9	  0.76811594
6.0	  0.5603865
6.1	  0.39710146
6.2	  0.2763285
6.3	  0.20869565
6.4	  0.16038647
6.5	  0.12560387
6.6	  0.10724638
6.7	  0.09275363
6.8	  0.077294685
6.9	  0.06376812
7.0	  0.047342993
7.1	  0.04057971
7.2	  0.029951692
7.3	  0.020289855
7.4	  0.016425122
7.5	  0.012560386
7.6	  0.0077294684
7.7	  0.0028985508
7.8	  9.6618355E-4
7.9	  9.6618355E-4
8.0	  9.6618355E-4
8.1	  0.0
8.2	  0.0
8.3	  0.0
8.4	  0.0
8.5	  0.0
8.6	  0.0
8.7	  0.0
8.8	  0.0
8.9	  0.0
9.0	  0.0


