
X-Axis: Magnitude
Y-Axis: 1 Year Cumulative Number
Number of Data Sets: 9


DATASET #1

     Name: Mean
   Points: 66
     Info: 

Data[x,y]:
2.5	  7743.893
2.6	  6150.7437
2.7	  4886.125
2.8	  3881.0088
2.9	  3082.5645
3.0	  2448.7183
3.1	  1945.0924
3.2	  1544.3855
3.3	  1227.0427
3.4	  974.1113
3.5	  773.21515
3.6	  614.23724
3.7	  487.78915
3.8	  387.42456
3.9	  307.72778
4.0	  244.31067
4.1	  194.05652
4.2	  154.01492
4.3	  122.080605
4.4	  96.869194
4.5	  76.87952
4.6	  60.899025
4.7	  48.216293
4.8	  38.152897
4.9	  30.207113
5.0	  23.81067
5.1	  18.777681
5.2	  14.7478485
5.3	  11.547332
5.4	  9.028112
5.5	  7.031268
5.6	  5.4655766
5.7	  4.203672
5.8	  3.1979346
5.9	  2.4059093
6.0	  1.8304647
6.1	  1.329891
6.2	  0.8852553
6.3	  0.6666667
6.4	  0.5189329
6.5	  0.3995984
6.6	  0.31612164
6.7	  0.2601836
6.8	  0.20940906
6.9	  0.15662651
7.0	  0.118473895
7.1	  0.09925416
7.2	  0.07286288
7.3	  0.051635113
7.4	  0.04475043
7.5	  0.032702237
7.6	  0.016924841
7.7	  0.006310958
7.8	  0.004302926
7.9	  0.002008032
8.0	  5.7372346E-4
8.1	  0.0
8.2	  0.0
8.3	  0.0
8.4	  0.0
8.5	  0.0
8.6	  0.0
8.7	  0.0
8.8	  0.0
8.9	  0.0
9.0	  0.0



DATASET #2

     Name: 2.5%,97.5%
   Points: 66
     Info: 

Data[x,y]:
2.5	  4563.0
2.6	  3617.0
2.7	  2876.0
2.8	  2275.0
2.9	  1802.0
3.0	  1433.0
3.1	  1134.0
3.2	  897.0
3.3	  708.0
3.4	  561.0
3.5	  441.0
3.6	  346.0
3.7	  272.0
3.8	  213.0
3.9	  166.0
4.0	  130.0
4.1	  102.0
4.2	  79.0
4.3	  61.0
4.4	  47.0
4.5	  36.0
4.6	  27.0
4.7	  20.0
4.8	  15.0
4.9	  11.0
5.0	  8.0
5.1	  6.0
5.2	  4.0
5.3	  3.0
5.4	  2.0
5.5	  1.0
5.6	  0.0
5.7	  0.0
5.8	  0.0
5.9	  0.0
6.0	  0.0
6.1	  0.0
6.2	  0.0
6.3	  0.0
6.4	  0.0
6.5	  0.0
6.6	  0.0
6.7	  0.0
6.8	  0.0
6.9	  0.0
7.0	  0.0
7.1	  0.0
7.2	  0.0
7.3	  0.0
7.4	  0.0
7.5	  0.0
7.6	  0.0
7.7	  0.0
7.8	  0.0
7.9	  0.0
8.0	  0.0
8.1	  0.0
8.2	  0.0
8.3	  0.0
8.4	  0.0
8.5	  0.0
8.6	  0.0
8.7	  0.0
8.8	  0.0
8.9	  0.0
9.0	  0.0



DATASET #3

     Name: null
   Points: 66
     Info: 

Data[x,y]:
2.5	  22943.0
2.6	  18241.0
2.7	  14504.0
2.8	  11467.0
2.9	  9134.0
3.0	  7274.0
3.1	  5777.0
3.2	  4581.0
3.3	  3627.0
3.4	  2878.0
3.5	  2298.0
3.6	  1825.0
3.7	  1447.0
3.8	  1151.0
3.9	  918.0
4.0	  723.0
4.1	  572.0
4.2	  456.0
4.3	  360.0
4.4	  284.0
4.5	  229.0
4.6	  183.0
4.7	  141.0
4.8	  114.0
4.9	  92.0
5.0	  72.0
5.1	  57.0
5.2	  46.0
5.3	  36.0
5.4	  29.0
5.5	  22.0
5.6	  18.0
5.7	  14.0
5.8	  12.0
5.9	  9.0
6.0	  7.0
6.1	  6.0
6.2	  4.0
6.3	  3.0
6.4	  3.0
6.5	  3.0
6.6	  2.0
6.7	  2.0
6.8	  2.0
6.9	  1.0
7.0	  1.0
7.1	  1.0
7.2	  1.0
7.3	  1.0
7.4	  1.0
7.5	  1.0
7.6	  0.0
7.7	  0.0
7.8	  0.0
7.9	  0.0
8.0	  0.0
8.1	  0.0
8.2	  0.0
8.3	  0.0
8.4	  0.0
8.5	  0.0
8.6	  0.0
8.7	  0.0
8.8	  0.0
8.9	  0.0
9.0	  0.0



DATASET #4

     Name: Median
   Points: 66
     Info: 

Data[x,y]:
2.5	  6121.0
2.6	  4866.0
2.7	  3861.0
2.8	  3064.0
2.9	  2439.0
3.0	  1937.0
3.1	  1539.0
3.2	  1221.0
3.3	  972.0
3.4	  772.0
3.5	  612.0
3.6	  487.0
3.7	  388.0
3.8	  308.0
3.9	  246.0
4.0	  195.0
4.1	  155.0
4.2	  124.0
4.3	  98.0
4.4	  78.0
4.5	  62.0
4.6	  49.0
4.7	  39.0
4.8	  31.0
4.9	  25.0
5.0	  19.0
5.1	  15.0
5.2	  12.0
5.3	  9.0
5.4	  7.0
5.5	  6.0
5.6	  4.0
5.7	  3.0
5.8	  2.0
5.9	  2.0
6.0	  1.0
6.1	  1.0
6.2	  0.0
6.3	  0.0
6.4	  0.0
6.5	  0.0
6.6	  0.0
6.7	  0.0
6.8	  0.0
6.9	  0.0
7.0	  0.0
7.1	  0.0
7.2	  0.0
7.3	  0.0
7.4	  0.0
7.5	  0.0
7.6	  0.0
7.7	  0.0
7.8	  0.0
7.9	  0.0
8.0	  0.0
8.1	  0.0
8.2	  0.0
8.3	  0.0
8.4	  0.0
8.5	  0.0
8.6	  0.0
8.7	  0.0
8.8	  0.0
8.9	  0.0
9.0	  0.0



DATASET #5

     Name: Mode
   Points: 66
     Info: 

Data[x,y]:
2.5	  5298.0
2.6	  4583.0
2.7	  3290.0
2.8	  2809.0
2.9	  2356.0
3.0	  1816.0
3.1	  1394.0
3.2	  1112.0
3.3	  864.0
3.4	  699.0
3.5	  567.0
3.6	  433.0
3.7	  350.0
3.8	  270.0
3.9	  207.0
4.0	  166.0
4.1	  142.0
4.2	  103.0
4.3	  89.0
4.4	  70.0
4.5	  53.0
4.6	  43.0
4.7	  33.0
4.8	  26.0
4.9	  22.0
5.0	  16.0
5.1	  12.0
5.2	  9.0
5.3	  7.0
5.4	  5.0
5.5	  4.0
5.6	  3.0
5.7	  2.0
5.8	  1.0
5.9	  1.0
6.0	  1.0
6.1	  0.0
6.2	  0.0
6.3	  0.0
6.4	  0.0
6.5	  0.0
6.6	  0.0
6.7	  0.0
6.8	  0.0
6.9	  0.0
7.0	  0.0
7.1	  0.0
7.2	  0.0
7.3	  0.0
7.4	  0.0
7.5	  0.0
7.6	  0.0
7.7	  0.0
7.8	  0.0
7.9	  0.0
8.0	  0.0
8.1	  0.0
8.2	  0.0
8.3	  0.0
8.4	  0.0
8.5	  0.0
8.6	  0.0
8.7	  0.0
8.8	  0.0
8.9	  0.0
9.0	  0.0



DATASET #6

     Name: 1 yr Prob
   Points: 66
     Info: 

Data[x,y]:
2.5	  1.0
2.6	  1.0
2.7	  1.0
2.8	  1.0
2.9	  1.0
3.0	  1.0
3.1	  1.0
3.2	  1.0
3.3	  1.0
3.4	  1.0
3.5	  1.0
3.6	  1.0
3.7	  1.0
3.8	  1.0
3.9	  1.0
4.0	  1.0
4.1	  1.0
4.2	  1.0
4.3	  1.0
4.4	  1.0
4.5	  1.0
4.6	  1.0
4.7	  1.0
4.8	  1.0
4.9	  1.0
5.0	  1.0
5.1	  1.0
5.2	  1.0
5.3	  0.9991394
5.4	  0.99655765
5.5	  0.98766494
5.6	  0.9670109
5.7	  0.93430865
5.8	  0.88095236
5.9	  0.81296617
6.0	  0.7248996
6.1	  0.6259323
6.2	  0.49053356
6.3	  0.402467
6.4	  0.32444063
6.5	  0.26563397
6.6	  0.23149742
6.7	  0.1979346
6.8	  0.16752726
6.9	  0.13453816
7.0	  0.10699943
7.1	  0.092369474
7.2	  0.068846814
7.3	  0.04847963
7.4	  0.042455535
7.5	  0.03126793
7.6	  0.016637981
7.7	  0.006310958
7.8	  0.004302926
7.9	  0.002008032
8.0	  5.7372346E-4
8.1	  0.0
8.2	  0.0
8.3	  0.0
8.4	  0.0
8.5	  0.0
8.6	  0.0
8.7	  0.0
8.8	  0.0
8.9	  0.0
9.0	  0.0



DATASET #7

Name: 95% Conf
Num Points: 66
Info: 

X, Y Data:
2.5	1.0	[1.0	1.0]
2.6	1.0	[1.0	1.0]
2.7	1.0	[1.0	1.0]
2.8	1.0	[1.0	1.0]
2.9	1.0	[1.0	1.0]
3.0	1.0	[1.0	1.0]
3.1	1.0	[1.0	1.0]
3.2	1.0	[1.0	1.0]
3.3	1.0	[1.0	1.0]
3.4	1.0	[1.0	1.0]
3.5	1.0	[1.0	1.0]
3.6	1.0	[1.0	1.0]
3.7	1.0	[1.0	1.0]
3.8	1.0	[1.0	1.0]
3.9	1.0	[1.0	1.0]
4.0	1.0	[1.0	1.0]
4.1	1.0	[1.0	1.0]
4.2	1.0	[1.0	1.0]
4.3	1.0	[1.0	1.0]
4.4	1.0	[1.0	1.0]
4.5	1.0	[1.0	1.0]
4.6	1.0	[1.0	1.0]
4.7	1.0	[1.0	1.0]
4.8	1.0	[1.0	1.0]
4.9	1.0	[1.0	1.0]
5.0	1.0	[1.0	1.0]
5.1	1.0	[1.0	1.0]
5.2	1.0	[1.0	1.0]
5.3	0.9991394	[0.997261	0.99977773]
5.4	0.99655765	[0.99381065	0.99813384]
5.5	0.98766494	[0.9832629	0.9909518]
5.6	0.9670109	[0.960393	0.97257584]
5.7	0.93430865	[0.92544544	0.94219905]
5.8	0.88095236	[0.8696314	0.89142346]
5.9	0.81296617	[0.7995325	0.82570314]
6.0	0.7248996	[0.70968807	0.7396112]
6.1	0.6259323	[0.6095942	0.6419906]
6.2	0.49053356	[0.47381467	0.5072735]
6.3	0.402467	[0.38616127	0.4189894]
6.4	0.32444063	[0.3089583	0.34031305]
6.5	0.26563397	[0.2510951	0.28069386]
6.6	0.23149742	[0.21765539	0.24593663]
6.7	0.1979346	[0.18490364	0.21163778]
6.8	0.16752726	[0.15535851	0.18043642]
6.9	0.13453816	[0.123473726	0.14641735]
7.0	0.10699943	[0.09702988	0.11784627]
7.1	0.092369474	[0.08306449	0.10258527]
7.2	0.068846814	[0.060772333	0.077886686]
7.3	0.04847963	[0.04170012	0.056273147]
7.4	0.042455535	[0.036118165	0.04982175]
7.5	0.03126793	[0.025856024	0.03773729]
7.6	0.016637981	[0.012767576	0.021608198]
7.7	0.006310958	[0.0040573045	0.009709557]
7.8	0.004302926	[0.002501312	0.0072656977]
7.9	0.002008032	[8.8017137E-4	0.004331534]
8.0	5.7372346E-4	[9.9378E-5	0.0023112444]
8.1	0.0	[0.0	0.0013723669]
8.2	0.0	[0.0	0.0013723669]
8.3	0.0	[0.0	0.0013723669]
8.4	0.0	[0.0	0.0]
8.5	0.0	[0.0	0.0]
8.6	0.0	[0.0	0.0]
8.7	0.0	[0.0	0.0]
8.8	0.0	[0.0	0.0]
8.9	0.0	[0.0	0.0]
9.0	0.0	[0.0	0.0]



DATASET #8

     Name: Supra
   Points: 66
     Info: 

Data[x,y]:
2.5	  0.400459
2.6	  0.400459
2.7	  0.400459
2.8	  0.400459
2.9	  0.400459
3.0	  0.400459
3.1	  0.400459
3.2	  0.400459
3.3	  0.400459
3.4	  0.400459
3.5	  0.400459
3.6	  0.400459
3.7	  0.400459
3.8	  0.400459
3.9	  0.400459
4.0	  0.400459
4.1	  0.400459
4.2	  0.400459
4.3	  0.400459
4.4	  0.400459
4.5	  0.400459
4.6	  0.400459
4.7	  0.400459
4.8	  0.400459
4.9	  0.400459
5.0	  0.400459
5.1	  0.400459
5.2	  0.400459
5.3	  0.400459
5.4	  0.400459
5.5	  0.400459
5.6	  0.400459
5.7	  0.400459
5.8	  0.400459
5.9	  0.4001721
6.0	  0.4001721
6.1	  0.3516925
6.2	  0.2885829
6.3	  0.24756168
6.4	  0.22002295
6.5	  0.1933448
6.6	  0.17957544
6.7	  0.15834768
6.8	  0.13970166
6.9	  0.11531842
7.0	  0.09409065
7.1	  0.08347677
7.2	  0.06511761
7.3	  0.046184737
7.4	  0.041594952
7.5	  0.030981068
7.6	  0.016351119
7.7	  0.006310958
7.8	  0.004302926
7.9	  0.002008032
8.0	  5.7372346E-4
8.1	  0.0
8.2	  0.0
8.3	  0.0
8.4	  0.0
8.5	  0.0
8.6	  0.0
8.7	  0.0
8.8	  0.0
8.9	  0.0
9.0	  0.0



DATASET #9

     Name: Primary
   Points: 66
     Info: 

Data[x,y]:
2.5	  2657.0522
2.6	  2110.1055
2.7	  1675.8052
2.8	  1330.8241
2.9	  1057.3887
3.0	  839.91394
3.1	  667.0835
3.2	  529.3944
3.3	  420.76648
3.4	  334.06656
3.5	  265.05765
3.6	  210.66609
3.7	  167.29948
3.8	  132.80493
3.9	  105.53987
4.0	  83.87694
4.1	  66.65318
4.2	  52.926563
4.3	  41.972748
4.4	  33.34911
4.5	  26.479345
4.6	  20.999426
4.7	  16.627367
4.8	  13.152324
4.9	  10.420826
5.0	  8.223465
5.1	  6.4931154
5.2	  5.1047044
5.3	  3.9859438
5.4	  3.10786
5.5	  2.4388986
5.6	  1.8975904
5.7	  1.4678714
5.8	  1.1101549
5.9	  0.84165233
6.0	  0.6290878
6.1	  0.4632817
6.2	  0.30866322
6.3	  0.23694779
6.4	  0.17900172
6.5	  0.13683304
6.6	  0.11675273
6.7	  0.099827886
6.8	  0.08290304
6.9	  0.06626506
7.0	  0.050487664
7.1	  0.043602984
7.2	  0.032415375
7.3	  0.02151463
7.4	  0.018932875
7.5	  0.014056225
7.6	  0.0068846815
7.7	  0.0025817556
7.8	  0.0017211704
7.9	  8.605852E-4
8.0	  2.8686173E-4
8.1	  0.0
8.2	  0.0
8.3	  0.0
8.4	  0.0
8.5	  0.0
8.6	  0.0
8.7	  0.0
8.8	  0.0
8.9	  0.0
9.0	  0.0


