
X-Axis: Magnitude
Y-Axis: 10 Year Cumulative Number
Number of Data Sets: 9


DATASET #1

     Name: Mean
   Points: 66
     Info: 

Data[x,y]:
2.5	  5016.865
2.6	  3984.6147
2.7	  3165.2522
2.8	  2514.2947
2.9	  1997.2769
3.0	  1586.4048
3.1	  1260.0481
3.2	  1000.9119
3.3	  794.9045
3.4	  631.07947
3.5	  501.07846
3.6	  397.7307
3.7	  315.85947
3.8	  250.74118
3.9	  199.01231
4.0	  158.04791
4.1	  125.47191
4.2	  99.40172
4.3	  78.98414
4.4	  62.57348
4.5	  49.537373
4.6	  39.19808
4.7	  30.915977
4.8	  24.422136
4.9	  19.242786
5.0	  15.121816
5.1	  11.826556
5.2	  9.24363
5.3	  7.176143
5.4	  5.568922
5.5	  4.30437
5.6	  3.2684326
5.7	  2.4440696
5.8	  1.7943311
5.9	  1.298296
6.0	  0.9185085
6.1	  0.6652607
6.2	  0.4639784
6.3	  0.36510882
6.4	  0.23317024
6.5	  0.20043866
6.6	  0.14239919
6.7	  0.11000506
6.8	  0.08992745
6.9	  0.05264046
7.0	  0.04420449
7.1	  0.03492492
7.2	  0.027332546
7.3	  0.022608403
7.4	  0.019065294
7.5	  0.014003712
7.6	  0.012485237
7.7	  0.004049266
7.8	  0.0016871942
7.9	  6.7487767E-4
8.0	  3.3743883E-4
8.1	  3.3743883E-4
8.2	  0.0
8.3	  0.0
8.4	  0.0
8.5	  0.0
8.6	  0.0
8.7	  0.0
8.8	  0.0
8.9	  0.0
9.0	  0.0



DATASET #2

     Name: 2.5%,97.5%
   Points: 66
     Info: 

Data[x,y]:
2.5	  3648.0
2.6	  2895.0
2.7	  2292.0
2.8	  1819.0
2.9	  1439.0
3.0	  1138.0
3.1	  901.0
3.2	  711.0
3.3	  563.0
3.4	  442.0
3.5	  346.0
3.6	  273.0
3.7	  214.0
3.8	  167.0
3.9	  129.0
4.0	  101.0
4.1	  78.0
4.2	  60.0
4.3	  46.0
4.4	  34.0
4.5	  26.0
4.6	  20.0
4.7	  15.0
4.8	  10.0
4.9	  8.0
5.0	  5.0
5.1	  4.0
5.2	  2.0
5.3	  1.0
5.4	  1.0
5.5	  0.0
5.6	  0.0
5.7	  0.0
5.8	  0.0
5.9	  0.0
6.0	  0.0
6.1	  0.0
6.2	  0.0
6.3	  0.0
6.4	  0.0
6.5	  0.0
6.6	  0.0
6.7	  0.0
6.8	  0.0
6.9	  0.0
7.0	  0.0
7.1	  0.0
7.2	  0.0
7.3	  0.0
7.4	  0.0
7.5	  0.0
7.6	  0.0
7.7	  0.0
7.8	  0.0
7.9	  0.0
8.0	  0.0
8.1	  0.0
8.2	  0.0
8.3	  0.0
8.4	  0.0
8.5	  0.0
8.6	  0.0
8.7	  0.0
8.8	  0.0
8.9	  0.0
9.0	  0.0



DATASET #3

     Name: null
   Points: 66
     Info: 

Data[x,y]:
2.5	  10051.0
2.6	  8019.0
2.7	  6406.0
2.8	  5095.0
2.9	  4049.0
3.0	  3196.0
3.1	  2526.0
3.2	  2035.0
3.3	  1618.0
3.4	  1283.0
3.5	  1027.0
3.6	  816.0
3.7	  648.0
3.8	  520.0
3.9	  412.0
4.0	  326.0
4.1	  262.0
4.2	  207.0
4.3	  166.0
4.4	  131.0
4.5	  104.0
4.6	  84.0
4.7	  68.0
4.8	  55.0
4.9	  44.0
5.0	  36.0
5.1	  28.0
5.2	  23.0
5.3	  18.0
5.4	  15.0
5.5	  12.0
5.6	  10.0
5.7	  8.0
5.8	  6.0
5.9	  5.0
6.0	  4.0
6.1	  3.0
6.2	  3.0
6.3	  2.0
6.4	  2.0
6.5	  2.0
6.6	  1.0
6.7	  1.0
6.8	  1.0
6.9	  1.0
7.0	  1.0
7.1	  1.0
7.2	  0.0
7.3	  0.0
7.4	  0.0
7.5	  0.0
7.6	  0.0
7.7	  0.0
7.8	  0.0
7.9	  0.0
8.0	  0.0
8.1	  0.0
8.2	  0.0
8.3	  0.0
8.4	  0.0
8.5	  0.0
8.6	  0.0
8.7	  0.0
8.8	  0.0
8.9	  0.0
9.0	  0.0



DATASET #4

     Name: Median
   Points: 66
     Info: 

Data[x,y]:
2.5	  4426.0
2.6	  3522.0
2.7	  2797.0
2.8	  2222.0
2.9	  1764.0
3.0	  1403.0
3.1	  1114.0
3.2	  885.0
3.3	  703.0
3.4	  559.0
3.5	  444.0
3.6	  354.0
3.7	  281.0
3.8	  223.0
3.9	  177.0
4.0	  141.0
4.1	  112.0
4.2	  89.0
4.3	  71.0
4.4	  56.0
4.5	  44.0
4.6	  35.0
4.7	  28.0
4.8	  22.0
4.9	  17.0
5.0	  13.0
5.1	  10.0
5.2	  8.0
5.3	  6.0
5.4	  5.0
5.5	  4.0
5.6	  3.0
5.7	  2.0
5.8	  1.0
5.9	  1.0
6.0	  1.0
6.1	  0.0
6.2	  0.0
6.3	  0.0
6.4	  0.0
6.5	  0.0
6.6	  0.0
6.7	  0.0
6.8	  0.0
6.9	  0.0
7.0	  0.0
7.1	  0.0
7.2	  0.0
7.3	  0.0
7.4	  0.0
7.5	  0.0
7.6	  0.0
7.7	  0.0
7.8	  0.0
7.9	  0.0
8.0	  0.0
8.1	  0.0
8.2	  0.0
8.3	  0.0
8.4	  0.0
8.5	  0.0
8.6	  0.0
8.7	  0.0
8.8	  0.0
8.9	  0.0
9.0	  0.0



DATASET #5

     Name: Mode
   Points: 66
     Info: 

Data[x,y]:
2.5	  4212.0
2.6	  3296.0
2.7	  2602.0
2.8	  2301.0
2.9	  1684.0
3.0	  1320.0
3.1	  1050.0
3.2	  863.0
3.3	  645.0
3.4	  541.0
3.5	  434.0
3.6	  329.0
3.7	  266.0
3.8	  216.0
3.9	  162.0
4.0	  128.0
4.1	  104.0
4.2	  78.0
4.3	  62.0
4.4	  55.0
4.5	  42.0
4.6	  30.0
4.7	  25.0
4.8	  21.0
4.9	  14.0
5.0	  13.0
5.1	  10.0
5.2	  8.0
5.3	  5.0
5.4	  5.0
5.5	  3.0
5.6	  2.0
5.7	  1.0
5.8	  1.0
5.9	  0.0
6.0	  0.0
6.1	  0.0
6.2	  0.0
6.3	  0.0
6.4	  0.0
6.5	  0.0
6.6	  0.0
6.7	  0.0
6.8	  0.0
6.9	  0.0
7.0	  0.0
7.1	  0.0
7.2	  0.0
7.3	  0.0
7.4	  0.0
7.5	  0.0
7.6	  0.0
7.7	  0.0
7.8	  0.0
7.9	  0.0
8.0	  0.0
8.1	  0.0
8.2	  0.0
8.3	  0.0
8.4	  0.0
8.5	  0.0
8.6	  0.0
8.7	  0.0
8.8	  0.0
8.9	  0.0
9.0	  0.0



DATASET #6

     Name: 10 yr Prob
   Points: 66
     Info: 

Data[x,y]:
2.5	  1.0
2.6	  1.0
2.7	  1.0
2.8	  1.0
2.9	  1.0
3.0	  1.0
3.1	  1.0
3.2	  1.0
3.3	  1.0
3.4	  1.0
3.5	  1.0
3.6	  1.0
3.7	  1.0
3.8	  1.0
3.9	  1.0
4.0	  1.0
4.1	  1.0
4.2	  1.0
4.3	  1.0
4.4	  1.0
4.5	  1.0
4.6	  1.0
4.7	  1.0
4.8	  1.0
4.9	  1.0
5.0	  1.0
5.1	  0.99983126
5.2	  0.9996626
5.3	  0.99527586
5.4	  0.9816096
5.5	  0.95680785
5.6	  0.9110849
5.7	  0.84494686
5.8	  0.7551881
5.9	  0.6438333
6.0	  0.5280918
6.1	  0.4197739
6.2	  0.31651762
6.3	  0.2606715
6.4	  0.17175637
6.5	  0.14796694
6.6	  0.113716885
6.7	  0.08807154
6.8	  0.07271807
6.9	  0.042854734
7.0	  0.036274675
7.1	  0.029357178
7.2	  0.023451999
7.3	  0.019234015
7.4	  0.016703222
7.5	  0.011979079
7.6	  0.010629323
7.7	  0.0037118273
7.8	  0.0016871942
7.9	  6.7487767E-4
8.0	  3.3743883E-4
8.1	  3.3743883E-4
8.2	  0.0
8.3	  0.0
8.4	  0.0
8.5	  0.0
8.6	  0.0
8.7	  0.0
8.8	  0.0
8.9	  0.0
9.0	  0.0



DATASET #7

Name: 95% Conf
Num Points: 66
Info: 

X, Y Data:
2.5	1.0	[1.0	1.0]
2.6	1.0	[1.0	1.0]
2.7	1.0	[1.0	1.0]
2.8	1.0	[1.0	1.0]
2.9	1.0	[1.0	1.0]
3.0	1.0	[1.0	1.0]
3.1	1.0	[1.0	1.0]
3.2	1.0	[1.0	1.0]
3.3	1.0	[1.0	1.0]
3.4	1.0	[1.0	1.0]
3.5	1.0	[1.0	1.0]
3.6	1.0	[1.0	1.0]
3.7	1.0	[1.0	1.0]
3.8	1.0	[1.0	1.0]
3.9	1.0	[1.0	1.0]
4.0	1.0	[1.0	1.0]
4.1	1.0	[1.0	1.0]
4.2	1.0	[1.0	1.0]
4.3	1.0	[1.0	1.0]
4.4	1.0	[1.0	1.0]
4.5	1.0	[1.0	1.0]
4.6	1.0	[1.0	1.0]
4.7	1.0	[1.0	1.0]
4.8	1.0	[1.0	1.0]
4.9	1.0	[1.0	1.0]
5.0	1.0	[1.0	1.0]
5.1	0.99983126	[0.9989049	0.9999912]
5.2	0.9996626	[0.99863994	0.9999415]
5.3	0.99527586	[0.9930812	0.99679846]
5.4	0.9816096	[0.977772	0.98480797]
5.5	0.95680785	[0.95124054	0.9617737]
5.6	0.9110849	[0.9034825	0.91814846]
5.7	0.84494686	[0.8354224	0.85402036]
5.8	0.7551881	[0.74399287	0.7660502]
5.9	0.6438333	[0.6314674	0.6560116]
6.0	0.5280918	[0.51528394	0.540863]
6.1	0.4197739	[0.40718138	0.43247107]
6.2	0.31651762	[0.30471492	0.32855973]
6.3	0.2606715	[0.24956948	0.2720859]
6.4	0.17175637	[0.16228503	0.18165667]
6.5	0.14796694	[0.13907322	0.15732093]
6.6	0.113716885	[0.105801806	0.12213761]
6.7	0.08807154	[0.08103956	0.09564338]
6.8	0.07271807	[0.06629943	0.079697296]
6.9	0.042854734	[0.03790838	0.048402973]
7.0	0.036274675	[0.031728014	0.041432697]
7.1	0.029357178	[0.02527669	0.0340593]
7.2	0.023451999	[0.01981922	0.0277156]
7.3	0.019234015	[0.015959213	0.023146594]
7.4	0.016703222	[0.013663369	0.020385278]
7.5	0.011979079	[0.009433668	0.01517583]
7.6	0.010629323	[0.008243068	0.013669871]
7.7	0.0037118273	[0.0023855013	0.005715369]
7.8	0.0016871942	[8.575979E-4	0.0032121313]
7.9	6.7487767E-4	[2.1620978E-4	0.0018546097]
8.0	3.3743883E-4	[5.8448262E-5	0.0013600541]
8.1	3.3743883E-4	[5.8448262E-5	0.0013600541]
8.2	0.0	[0.0	8.0753583E-4]
8.3	0.0	[0.0	8.0753583E-4]
8.4	0.0	[0.0	8.0753583E-4]
8.5	0.0	[0.0	8.0753583E-4]
8.6	0.0	[0.0	0.0]
8.7	0.0	[0.0	0.0]
8.8	0.0	[0.0	0.0]
8.9	0.0	[0.0	0.0]
9.0	0.0	[0.0	0.0]



DATASET #8

     Name: Supra
   Points: 66
     Info: 

Data[x,y]:
2.5	  0.11776616
2.6	  0.11776616
2.7	  0.11776616
2.8	  0.11776616
2.9	  0.11776616
3.0	  0.11776616
3.1	  0.11776616
3.2	  0.11776616
3.3	  0.11776616
3.4	  0.11776616
3.5	  0.11776616
3.6	  0.11776616
3.7	  0.11776616
3.8	  0.11776616
3.9	  0.11776616
4.0	  0.11776616
4.1	  0.11776616
4.2	  0.11776616
4.3	  0.11776616
4.4	  0.11776616
4.5	  0.11776616
4.6	  0.11776616
4.7	  0.11776616
4.8	  0.11776616
4.9	  0.11776616
5.0	  0.11776616
5.1	  0.11776616
5.2	  0.11776616
5.3	  0.11776616
5.4	  0.11776616
5.5	  0.11776616
5.6	  0.11776616
5.7	  0.11776616
5.8	  0.11776616
5.9	  0.11776616
6.0	  0.11776616
6.1	  0.11742871
6.2	  0.11742871
6.3	  0.11742871
6.4	  0.07001856
6.5	  0.07001856
6.6	  0.06107643
6.7	  0.050784547
6.8	  0.04909735
6.9	  0.027163826
7.0	  0.02598279
7.1	  0.02328328
7.2	  0.02024633
7.3	  0.016365783
7.4	  0.015184748
7.5	  0.01164164
7.6	  0.010629323
7.7	  0.0037118273
7.8	  0.0016871942
7.9	  6.7487767E-4
8.0	  3.3743883E-4
8.1	  3.3743883E-4
8.2	  0.0
8.3	  0.0
8.4	  0.0
8.5	  0.0
8.6	  0.0
8.7	  0.0
8.8	  0.0
8.9	  0.0
9.0	  0.0



DATASET #9

     Name: Primary
   Points: 66
     Info: 

Data[x,y]:
2.5	  2394.686
2.6	  1901.5583
2.7	  1510.5116
2.8	  1200.312
2.9	  953.4793
3.0	  757.3658
3.1	  601.53516
3.2	  477.73782
3.3	  379.52707
3.4	  301.40594
3.5	  239.25443
3.6	  189.88072
3.7	  150.8031
3.8	  119.714355
3.9	  94.984985
4.0	  75.3457
4.1	  59.86688
4.2	  47.40577
4.3	  37.65244
4.4	  29.809685
4.5	  23.584444
4.6	  18.659018
4.7	  14.690906
4.8	  11.61397
4.9	  9.118947
5.0	  7.164333
5.1	  5.5898433
5.2	  4.3791127
5.3	  3.389573
5.4	  2.6266239
5.5	  2.020415
5.6	  1.5348406
5.7	  1.1494853
5.8	  0.8375232
5.9	  0.60013497
6.0	  0.41471234
6.1	  0.2927282
6.2	  0.19554581
6.3	  0.15016028
6.4	  0.09954446
6.5	  0.08300995
6.6	  0.06107643
6.7	  0.047747597
6.8	  0.04015522
6.9	  0.024295596
7.0	  0.020415049
7.1	  0.016365783
7.2	  0.013328834
7.3	  0.010798043
7.4	  0.010123165
7.5	  0.007592374
7.6	  0.006748777
7.7	  0.0013497553
7.8	  1.6871942E-4
7.9	  1.6871942E-4
8.0	  0.0
8.1	  0.0
8.2	  0.0
8.3	  0.0
8.4	  0.0
8.5	  0.0
8.6	  0.0
8.7	  0.0
8.8	  0.0
8.9	  0.0
9.0	  0.0


