
X-Axis: Magnitude
Y-Axis: 1 Day Cumulative Number
Number of Data Sets: 9


DATASET #1

     Name: Mean
   Points: 41
     Info: 

Data[x,y]:
5.0	  4.2221723
5.1	  3.309843
5.2	  2.5839183
5.3	  2.0090382
5.4	  1.5521877
5.5	  1.1905129
5.6	  0.9038087
5.7	  0.6753188
5.8	  0.49453312
5.9	  0.35188624
6.0	  0.248106
6.1	  0.17504707
6.2	  0.11544832
6.3	  0.08866382
6.4	  0.05533199
6.5	  0.046161212
6.6	  0.034897488
6.7	  0.027159743
6.8	  0.02270213
6.9	  0.013816015
7.0	  0.011386648
7.1	  0.009245181
7.2	  0.007718336
7.3	  0.0059035886
7.4	  0.0049751885
7.5	  0.003855933
7.6	  0.003564797
7.7	  0.0012227707
7.8	  2.5231775E-4
7.9	  7.116655E-5
8.0	  1.6174215E-5
8.1	  6.4696865E-6
8.2	  0.0
8.3	  0.0
8.4	  0.0
8.5	  0.0
8.6	  0.0
8.7	  0.0
8.8	  0.0
8.9	  0.0
9.0	  0.0



DATASET #2

     Name: 2.5%,97.5%
   Points: 41
     Info: 

Data[x,y]:
5.0	  1.0
5.1	  0.0
5.2	  0.0
5.3	  0.0
5.4	  0.0
5.5	  0.0
5.6	  0.0
5.7	  0.0
5.8	  0.0
5.9	  0.0
6.0	  0.0
6.1	  0.0
6.2	  0.0
6.3	  0.0
6.4	  0.0
6.5	  0.0
6.6	  0.0
6.7	  0.0
6.8	  0.0
6.9	  0.0
7.0	  0.0
7.1	  0.0
7.2	  0.0
7.3	  0.0
7.4	  0.0
7.5	  0.0
7.6	  0.0
7.7	  0.0
7.8	  0.0
7.9	  0.0
8.0	  0.0
8.1	  0.0
8.2	  0.0
8.3	  0.0
8.4	  0.0
8.5	  0.0
8.6	  0.0
8.7	  0.0
8.8	  0.0
8.9	  0.0
9.0	  0.0



DATASET #3

     Name: null
   Points: 41
     Info: 

Data[x,y]:
5.0	  10.0
5.1	  8.0
5.2	  7.0
5.3	  6.0
5.4	  5.0
5.5	  4.0
5.6	  3.0
5.7	  3.0
5.8	  2.0
5.9	  2.0
6.0	  2.0
6.1	  1.0
6.2	  1.0
6.3	  1.0
6.4	  1.0
6.5	  1.0
6.6	  1.0
6.7	  1.0
6.8	  0.0
6.9	  0.0
7.0	  0.0
7.1	  0.0
7.2	  0.0
7.3	  0.0
7.4	  0.0
7.5	  0.0
7.6	  0.0
7.7	  0.0
7.8	  0.0
7.9	  0.0
8.0	  0.0
8.1	  0.0
8.2	  0.0
8.3	  0.0
8.4	  0.0
8.5	  0.0
8.6	  0.0
8.7	  0.0
8.8	  0.0
8.9	  0.0
9.0	  0.0



DATASET #4

     Name: Median
   Points: 41
     Info: 

Data[x,y]:
5.0	  4.0
5.1	  3.0
5.2	  2.0
5.3	  2.0
5.4	  1.0
5.5	  1.0
5.6	  1.0
5.7	  0.0
5.8	  0.0
5.9	  0.0
6.0	  0.0
6.1	  0.0
6.2	  0.0
6.3	  0.0
6.4	  0.0
6.5	  0.0
6.6	  0.0
6.7	  0.0
6.8	  0.0
6.9	  0.0
7.0	  0.0
7.1	  0.0
7.2	  0.0
7.3	  0.0
7.4	  0.0
7.5	  0.0
7.6	  0.0
7.7	  0.0
7.8	  0.0
7.9	  0.0
8.0	  0.0
8.1	  0.0
8.2	  0.0
8.3	  0.0
8.4	  0.0
8.5	  0.0
8.6	  0.0
8.7	  0.0
8.8	  0.0
8.9	  0.0
9.0	  0.0



DATASET #5

     Name: Mode
   Points: 41
     Info: 

Data[x,y]:
5.0	  3.0
5.1	  3.0
5.2	  2.0
5.3	  1.0
5.4	  1.0
5.5	  1.0
5.6	  0.0
5.7	  0.0
5.8	  0.0
5.9	  0.0
6.0	  0.0
6.1	  0.0
6.2	  0.0
6.3	  0.0
6.4	  0.0
6.5	  0.0
6.6	  0.0
6.7	  0.0
6.8	  0.0
6.9	  0.0
7.0	  0.0
7.1	  0.0
7.2	  0.0
7.3	  0.0
7.4	  0.0
7.5	  0.0
7.6	  0.0
7.7	  0.0
7.8	  0.0
7.9	  0.0
8.0	  0.0
8.1	  0.0
8.2	  0.0
8.3	  0.0
8.4	  0.0
8.5	  0.0
8.6	  0.0
8.7	  0.0
8.8	  0.0
8.9	  0.0
9.0	  0.0



DATASET #6

     Name: 1 d Prob
   Points: 41
     Info: 

Data[x,y]:
5.0	  0.9764956
5.1	  0.9479902
5.2	  0.90243715
5.3	  0.8377888
5.4	  0.7570795
5.5	  0.66381246
5.6	  0.5651821
5.7	  0.4663932
5.8	  0.37012753
5.9	  0.28142166
6.0	  0.20879295
6.1	  0.15250991
6.2	  0.10322708
6.3	  0.08006237
6.4	  0.050191827
6.5	  0.041787703
6.6	  0.03290159
6.7	  0.02568789
6.8	  0.021544056
6.9	  0.013136698
7.0	  0.010814081
7.1	  0.008805243
7.2	  0.007359268
7.3	  0.0055736345
7.4	  0.004696992
7.5	  0.0035939107
7.6	  0.0033221839
7.7	  0.0011774829
7.8	  2.5231775E-4
7.9	  7.116655E-5
8.0	  1.6174215E-5
8.1	  6.4696865E-6
8.2	  0.0
8.3	  0.0
8.4	  0.0
8.5	  0.0
8.6	  0.0
8.7	  0.0
8.8	  0.0
8.9	  0.0
9.0	  0.0



DATASET #7

Name: 95% Conf
Num Points: 41
Info: 

X, Y Data:
5.0	0.9764956	[0.975954	0.9770254]
5.1	0.9479902	[0.94720024	0.94876903]
5.2	0.90243715	[0.9013845	0.90347975]
5.3	0.8377888	[0.8364834	0.83908576]
5.4	0.7570795	[0.7555629	0.7585896]
5.5	0.66381246	[0.66214347	0.66547734]
5.6	0.5651821	[0.5634321	0.5669304]
5.7	0.4663932	[0.4646334	0.46815383]
5.8	0.37012753	[0.36842543	0.37183285]
5.9	0.28142166	[0.27983752	0.28301123]
6.0	0.20879295	[0.20736216	0.21023099]
6.1	0.15250991	[0.15124527	0.15378322]
6.2	0.10322708	[0.10215784	0.1043062]
6.3	0.08006237	[0.07910927	0.08102592]
6.4	0.050191827	[0.0494261	0.05096875]
6.5	0.041787703	[0.041086372	0.04250045]
6.6	0.03290159	[0.032276947	0.03353787]
6.7	0.02568789	[0.025134461	0.02625314]
6.8	0.021544056	[0.02103655	0.022063488]
6.9	0.013136698	[0.012739734	0.013545812]
7.0	0.010814081	[0.010453921	0.011186453]
7.1	0.008805243	[0.008480374	0.00914238]
7.2	0.007359268	[0.0070624473	0.0076683983]
7.3	0.0055736345	[0.0053156842	0.0058439495]
7.4	0.004696992	[0.0044604647	0.0049459124]
7.5	0.0035939107	[0.0033874682	0.0038127855]
7.6	0.0033221839	[0.0031238466	0.0035329638]
7.7	0.0011774829	[0.0010610953	0.0013064338]
7.8	2.5231775E-4	[2.0075732E-4	3.1665538E-4]
7.9	7.116655E-5	[4.5714874E-5	1.0970482E-4]
8.0	1.6174215E-5	[5.954618E-6	4.0119827E-5]
8.1	6.4696865E-6	[1.1205834E-6	2.6094544E-5]
8.2	0.0	[0.0	1.5492767E-5]
8.3	0.0	[0.0	1.5492767E-5]
8.4	0.0	[0.0	1.5492767E-5]
8.5	0.0	[0.0	1.5492767E-5]
8.6	0.0	[0.0	0.0]
8.7	0.0	[0.0	0.0]
8.8	0.0	[0.0	0.0]
8.9	0.0	[0.0	0.0]
9.0	0.0	[0.0	0.0]



DATASET #8

     Name: Supra
   Points: 41
     Info: 

Data[x,y]:
5.0	  0.033364173
5.1	  0.033364173
5.2	  0.033364173
5.3	  0.033364173
5.4	  0.033364173
5.5	  0.033364173
5.6	  0.033364173
5.7	  0.033364173
5.8	  0.033364173
5.9	  0.033364173
6.0	  0.033364173
6.1	  0.033318885
6.2	  0.033318885
6.3	  0.033318885
6.4	  0.020680353
6.5	  0.020670647
6.6	  0.017730175
6.7	  0.015203763
6.8	  0.01454062
6.9	  0.0086435005
7.0	  0.007915661
7.1	  0.0070875413
7.2	  0.006388815
7.3	  0.0051207566
7.4	  0.004496432
7.5	  0.0035259791
7.6	  0.0032930702
7.7	  0.001154839
7.8	  2.393784E-4
7.9	  7.116655E-5
8.0	  1.6174215E-5
8.1	  6.4696865E-6
8.2	  0.0
8.3	  0.0
8.4	  0.0
8.5	  0.0
8.6	  0.0
8.7	  0.0
8.8	  0.0
8.9	  0.0
9.0	  0.0



DATASET #9

     Name: Primary
   Points: 41
     Info: 

Data[x,y]:
5.0	  3.2122736
5.1	  2.5174747
5.2	  1.9650248
5.3	  1.5279361
5.4	  1.1808245
5.5	  0.9051415
5.6	  0.68667954
5.7	  0.5124347
5.8	  0.3744072
5.9	  0.2655709
6.0	  0.18604553
6.1	  0.1299857
6.2	  0.08381155
6.3	  0.063221775
6.4	  0.039309815
6.5	  0.032312848
6.6	  0.02528677
6.7	  0.019616088
6.8	  0.016319783
6.9	  0.010034484
7.0	  0.008245615
7.1	  0.0067381784
7.2	  0.0056771496
7.3	  0.0042796973
7.4	  0.0036618426
7.5	  0.0027754954
7.6	  0.0025684654
7.7	  7.8283204E-4
7.8	  7.440139E-5
7.9	  9.7045295E-6
8.0	  3.2348432E-6
8.1	  0.0
8.2	  0.0
8.3	  0.0
8.4	  0.0
8.5	  0.0
8.6	  0.0
8.7	  0.0
8.8	  0.0
8.9	  0.0
9.0	  0.0


