
X-Axis: Magnitude
Y-Axis: 1 Month Cumulative Number
Number of Data Sets: 9


DATASET #1

     Name: Mean
   Points: 41
     Info: 

Data[x,y]:
5.0	  8.194178
5.1	  6.42661
5.2	  5.023754
5.3	  3.909405
5.4	  3.024523
5.5	  2.323536
5.6	  1.765591
5.7	  1.322249
5.8	  0.969695
5.9	  0.692266
6.0	  0.491997
6.1	  0.35167
6.2	  0.238176
6.3	  0.185309
6.4	  0.11635
6.5	  0.096969
6.6	  0.071608
6.7	  0.05577
6.8	  0.046498
6.9	  0.027867
7.0	  0.022727
7.1	  0.018224
7.2	  0.014939
7.3	  0.011229
7.4	  0.009268
7.5	  0.007101
7.6	  0.006482
7.7	  0.002365
7.8	  5.86E-4
7.9	  1.89E-4
8.0	  5.8E-5
8.1	  1.7E-5
8.2	  0.0
8.3	  0.0
8.4	  0.0
8.5	  0.0
8.6	  0.0
8.7	  0.0
8.8	  0.0
8.9	  0.0
9.0	  0.0



DATASET #2

     Name: 2.5%,97.5%
   Points: 41
     Info: 

Data[x,y]:
5.0	  2.0
5.1	  1.0
5.2	  1.0
5.3	  0.0
5.4	  0.0
5.5	  0.0
5.6	  0.0
5.7	  0.0
5.8	  0.0
5.9	  0.0
6.0	  0.0
6.1	  0.0
6.2	  0.0
6.3	  0.0
6.4	  0.0
6.5	  0.0
6.6	  0.0
6.7	  0.0
6.8	  0.0
6.9	  0.0
7.0	  0.0
7.1	  0.0
7.2	  0.0
7.3	  0.0
7.4	  0.0
7.5	  0.0
7.6	  0.0
7.7	  0.0
7.8	  0.0
7.9	  0.0
8.0	  0.0
8.1	  0.0
8.2	  0.0
8.3	  0.0
8.4	  0.0
8.5	  0.0
8.6	  0.0
8.7	  0.0
8.8	  0.0
8.9	  0.0
9.0	  0.0



DATASET #3

     Name: null
   Points: 41
     Info: 

Data[x,y]:
5.0	  18.0
5.1	  14.0
5.2	  12.0
5.3	  10.0
5.4	  8.0
5.5	  7.0
5.6	  6.0
5.7	  5.0
5.8	  4.0
5.9	  3.0
6.0	  3.0
6.1	  2.0
6.2	  2.0
6.3	  1.0
6.4	  1.0
6.5	  1.0
6.6	  1.0
6.7	  1.0
6.8	  1.0
6.9	  1.0
7.0	  0.0
7.1	  0.0
7.2	  0.0
7.3	  0.0
7.4	  0.0
7.5	  0.0
7.6	  0.0
7.7	  0.0
7.8	  0.0
7.9	  0.0
8.0	  0.0
8.1	  0.0
8.2	  0.0
8.3	  0.0
8.4	  0.0
8.5	  0.0
8.6	  0.0
8.7	  0.0
8.8	  0.0
8.9	  0.0
9.0	  0.0



DATASET #4

     Name: Median
   Points: 41
     Info: 

Data[x,y]:
5.0	  8.0
5.1	  6.0
5.2	  5.0
5.3	  3.0
5.4	  3.0
5.5	  2.0
5.6	  1.0
5.7	  1.0
5.8	  1.0
5.9	  0.0
6.0	  0.0
6.1	  0.0
6.2	  0.0
6.3	  0.0
6.4	  0.0
6.5	  0.0
6.6	  0.0
6.7	  0.0
6.8	  0.0
6.9	  0.0
7.0	  0.0
7.1	  0.0
7.2	  0.0
7.3	  0.0
7.4	  0.0
7.5	  0.0
7.6	  0.0
7.7	  0.0
7.8	  0.0
7.9	  0.0
8.0	  0.0
8.1	  0.0
8.2	  0.0
8.3	  0.0
8.4	  0.0
8.5	  0.0
8.6	  0.0
8.7	  0.0
8.8	  0.0
8.9	  0.0
9.0	  0.0



DATASET #5

     Name: Mode
   Points: 41
     Info: 

Data[x,y]:
5.0	  7.0
5.1	  5.0
5.2	  4.0
5.3	  3.0
5.4	  2.0
5.5	  1.0
5.6	  1.0
5.7	  1.0
5.8	  0.0
5.9	  0.0
6.0	  0.0
6.1	  0.0
6.2	  0.0
6.3	  0.0
6.4	  0.0
6.5	  0.0
6.6	  0.0
6.7	  0.0
6.8	  0.0
6.9	  0.0
7.0	  0.0
7.1	  0.0
7.2	  0.0
7.3	  0.0
7.4	  0.0
7.5	  0.0
7.6	  0.0
7.7	  0.0
7.8	  0.0
7.9	  0.0
8.0	  0.0
8.1	  0.0
8.2	  0.0
8.3	  0.0
8.4	  0.0
8.5	  0.0
8.6	  0.0
8.7	  0.0
8.8	  0.0
8.9	  0.0
9.0	  0.0



DATASET #6

     Name: 1 mo Prob
   Points: 41
     Info: 

Data[x,y]:
5.0	  0.998586
5.1	  0.994482
5.2	  0.983438
5.3	  0.960448
5.4	  0.920416
5.5	  0.859796
5.6	  0.779765
5.7	  0.682665
5.8	  0.573532
5.9	  0.459703
6.0	  0.357186
6.1	  0.271959
6.2	  0.19286
6.3	  0.153225
6.4	  0.097627
6.5	  0.081445
6.6	  0.06408
6.7	  0.050164
6.8	  0.042038
6.9	  0.025589
7.0	  0.020859
7.1	  0.016855
7.2	  0.013878
7.3	  0.010328
7.4	  0.008538
7.5	  0.006451
7.6	  0.005857
7.7	  0.002221
7.8	  5.84E-4
7.9	  1.89E-4
8.0	  5.8E-5
8.1	  1.7E-5
8.2	  0.0
8.3	  0.0
8.4	  0.0
8.5	  0.0
8.6	  0.0
8.7	  0.0
8.8	  0.0
8.9	  0.0
9.0	  0.0



DATASET #7

Name: 95% Conf
Num Points: 41
Info: 

X, Y Data:
5.0	0.998586	[0.9985099	0.99865824]
5.1	0.994482	[0.9943344	0.9946258]
5.2	0.983438	[0.98318547	0.9836868]
5.3	0.960448	[0.9600637	0.9608287]
5.4	0.920416	[0.91988343	0.92094535]
5.5	0.859796	[0.85911363	0.8604756]
5.6	0.779765	[0.77895117	0.78057665]
5.7	0.682665	[0.68175155	0.68357706]
5.8	0.573532	[0.57256186	0.5745016]
5.9	0.459703	[0.45872584	0.46068045]
6.0	0.357186	[0.3562469	0.35812622]
6.1	0.271959	[0.27108723	0.2728325]
6.2	0.19286	[0.19208738	0.19363499]
6.3	0.153225	[0.15251984	0.15393284]
6.4	0.097627	[0.0970463	0.0982108]
6.5	0.081445	[0.08091001	0.0819832]
6.6	0.06408	[0.06360118	0.06456217]
6.7	0.050164	[0.049737394	0.05059407]
6.8	0.042038	[0.041645933	0.04243359]
6.9	0.025589	[0.025280826	0.025900826]
7.0	0.020859	[0.02058023	0.021141458]
7.1	0.016855	[0.016604047	0.017109673]
7.2	0.013878	[0.013650075	0.014109668]
7.3	0.010328	[0.01013122	0.010528551]
7.4	0.008538	[0.008359052	0.008720734]
7.5	0.006451	[0.006295476	0.0066103283]
7.6	0.005857	[0.005708832	0.0060089775]
7.7	0.002221	[0.0021301357	0.0023157096]
7.8	5.84E-4	[5.3804833E-4	6.338293E-4]
7.9	1.89E-4	[1.6344436E-4	2.1846686E-4]
8.0	5.8E-5	[4.443501E-5	7.5533746E-5]
8.1	1.7E-5	[1.0230839E-5	2.7841874E-5]
8.2	0.0	[0.0	4.7893827E-6]
8.3	0.0	[0.0	4.7893827E-6]
8.4	0.0	[0.0	4.7893827E-6]
8.5	0.0	[0.0	4.7893827E-6]
8.6	0.0	[0.0	0.0]
8.7	0.0	[0.0	0.0]
8.8	0.0	[0.0	0.0]
8.9	0.0	[0.0	0.0]
9.0	0.0	[0.0	0.0]



DATASET #8

     Name: Supra
   Points: 41
     Info: 

Data[x,y]:
5.0	  0.065701
5.1	  0.065701
5.2	  0.065701
5.3	  0.065701
5.4	  0.065701
5.5	  0.065701
5.6	  0.065701
5.7	  0.065701
5.8	  0.065701
5.9	  0.065701
6.0	  0.065701
6.1	  0.065605
6.2	  0.065605
6.3	  0.065605
6.4	  0.039617
6.5	  0.039584
6.6	  0.034108
6.7	  0.029338
6.8	  0.028029
6.9	  0.01636
7.0	  0.015098
7.1	  0.013404
7.2	  0.012006
7.3	  0.009444
7.4	  0.008192
7.5	  0.006327
7.6	  0.005814
7.7	  0.002195
7.8	  5.7E-4
7.9	  1.89E-4
8.0	  5.8E-5
8.1	  1.7E-5
8.2	  0.0
8.3	  0.0
8.4	  0.0
8.5	  0.0
8.6	  0.0
8.7	  0.0
8.8	  0.0
8.9	  0.0
9.0	  0.0



DATASET #9

     Name: Primary
   Points: 41
     Info: 

Data[x,y]:
5.0	  5.103648
5.1	  4.002877
5.2	  3.128047
5.3	  2.432884
5.4	  1.881335
5.5	  1.444273
5.6	  1.09647
5.7	  0.819694
5.8	  0.600108
5.9	  0.42744
6.0	  0.301017
6.1	  0.211495
6.2	  0.138422
6.3	  0.104752
6.4	  0.065401
6.5	  0.053378
6.6	  0.041226
6.7	  0.031791
6.8	  0.026393
6.9	  0.016131
7.0	  0.013103
7.1	  0.010611
7.2	  0.008791
7.3	  0.006514
7.4	  0.00552
7.5	  0.004174
7.6	  0.00378
7.7	  0.001165
7.8	  1.05E-4
7.9	  2.6E-5
8.0	  9.0E-6
8.1	  2.0E-6
8.2	  0.0
8.3	  0.0
8.4	  0.0
8.5	  0.0
8.6	  0.0
8.7	  0.0
8.8	  0.0
8.9	  0.0
9.0	  0.0


