
X-Axis: Magnitude
Y-Axis: 1 Year Cumulative Number
Number of Data Sets: 9


DATASET #1

     Name: Mean
   Points: 66
     Info: 

Data[x,y]:
2.5	  3841.6902
2.6	  3051.0322
2.7	  2423.451
2.8	  1924.9308
2.9	  1528.9072
3.0	  1214.3148
3.1	  964.3436
3.2	  766.0161
3.3	  608.473
3.4	  483.14645
3.5	  383.7425
3.6	  304.6834
3.7	  241.90866
3.8	  192.13786
3.9	  152.51825
4.0	  121.09918
4.1	  96.155975
4.2	  76.19163
4.3	  60.4617
4.4	  47.914215
4.5	  37.93166
4.6	  30.034718
4.7	  23.721329
4.8	  18.724277
4.9	  14.761861
5.0	  11.592989
5.1	  9.064465
5.2	  7.09893
5.3	  5.507036
5.4	  4.2668743
5.5	  3.284065
5.6	  2.4959972
5.7	  1.8680375
5.8	  1.3685851
5.9	  0.9793545
6.0	  0.69579506
6.1	  0.50004214
6.2	  0.3439791
6.3	  0.27041376
6.4	  0.17047274
6.5	  0.14283307
6.6	  0.10221623
6.7	  0.07878992
6.8	  0.06572849
6.9	  0.038088817
7.0	  0.030420493
7.1	  0.024437515
7.2	  0.019802814
7.3	  0.015842251
7.4	  0.0133985
7.5	  0.009943541
7.6	  0.0086795315
7.7	  0.0035392265
7.8	  0.0010954748
7.9	  5.056038E-4
8.0	  1.6853459E-4
8.1	  1.6853459E-4
8.2	  0.0
8.3	  0.0
8.4	  0.0
8.5	  0.0
8.6	  0.0
8.7	  0.0
8.8	  0.0
8.9	  0.0
9.0	  0.0



DATASET #2

     Name: 2.5%,97.5%
   Points: 66
     Info: 

Data[x,y]:
2.5	  2943.0
2.6	  2333.0
2.7	  1848.0
2.8	  1464.0
2.9	  1157.0
3.0	  914.0
3.1	  722.0
3.2	  569.0
3.3	  448.0
3.4	  352.0
3.5	  277.0
3.6	  217.0
3.7	  170.0
3.8	  132.0
3.9	  102.0
4.0	  79.0
4.1	  61.0
4.2	  47.0
4.3	  36.0
4.4	  27.0
4.5	  20.0
4.6	  15.0
4.7	  11.0
4.8	  8.0
4.9	  6.0
5.0	  4.0
5.1	  2.0
5.2	  1.0
5.3	  1.0
5.4	  0.0
5.5	  0.0
5.6	  0.0
5.7	  0.0
5.8	  0.0
5.9	  0.0
6.0	  0.0
6.1	  0.0
6.2	  0.0
6.3	  0.0
6.4	  0.0
6.5	  0.0
6.6	  0.0
6.7	  0.0
6.8	  0.0
6.9	  0.0
7.0	  0.0
7.1	  0.0
7.2	  0.0
7.3	  0.0
7.4	  0.0
7.5	  0.0
7.6	  0.0
7.7	  0.0
7.8	  0.0
7.9	  0.0
8.0	  0.0
8.1	  0.0
8.2	  0.0
8.3	  0.0
8.4	  0.0
8.5	  0.0
8.6	  0.0
8.7	  0.0
8.8	  0.0
8.9	  0.0
9.0	  0.0



DATASET #3

     Name: null
   Points: 66
     Info: 

Data[x,y]:
2.5	  6759.0
2.6	  5370.0
2.7	  4271.0
2.8	  3387.0
2.9	  2684.0
3.0	  2130.0
3.1	  1689.0
3.2	  1345.0
3.3	  1070.0
3.4	  853.0
3.5	  682.0
3.6	  540.0
3.7	  427.0
3.8	  340.0
3.9	  273.0
4.0	  217.0
4.1	  172.0
4.2	  138.0
4.3	  110.0
4.4	  90.0
4.5	  72.0
4.6	  58.0
4.7	  47.0
4.8	  38.0
4.9	  31.0
5.0	  25.0
5.1	  21.0
5.2	  17.0
5.3	  14.0
5.4	  11.0
5.5	  9.0
5.6	  8.0
5.7	  6.0
5.8	  5.0
5.9	  4.0
6.0	  3.0
6.1	  3.0
6.2	  2.0
6.3	  2.0
6.4	  1.0
6.5	  1.0
6.6	  1.0
6.7	  1.0
6.8	  1.0
6.9	  1.0
7.0	  1.0
7.1	  0.0
7.2	  0.0
7.3	  0.0
7.4	  0.0
7.5	  0.0
7.6	  0.0
7.7	  0.0
7.8	  0.0
7.9	  0.0
8.0	  0.0
8.1	  0.0
8.2	  0.0
8.3	  0.0
8.4	  0.0
8.5	  0.0
8.6	  0.0
8.7	  0.0
8.8	  0.0
8.9	  0.0
9.0	  0.0



DATASET #4

     Name: Median
   Points: 66
     Info: 

Data[x,y]:
2.5	  3482.0
2.6	  2766.0
2.7	  2196.0
2.8	  1746.0
2.9	  1387.0
3.0	  1102.0
3.1	  875.0
3.2	  696.0
3.3	  553.0
3.4	  440.0
3.5	  350.0
3.6	  278.0
3.7	  221.0
3.8	  176.0
3.9	  140.0
4.0	  111.0
4.1	  88.0
4.2	  70.0
4.3	  56.0
4.4	  44.0
4.5	  35.0
4.6	  28.0
4.7	  22.0
4.8	  17.0
4.9	  13.0
5.0	  10.0
5.1	  8.0
5.2	  6.0
5.3	  5.0
5.4	  4.0
5.5	  3.0
5.6	  2.0
5.7	  1.0
5.8	  1.0
5.9	  1.0
6.0	  0.0
6.1	  0.0
6.2	  0.0
6.3	  0.0
6.4	  0.0
6.5	  0.0
6.6	  0.0
6.7	  0.0
6.8	  0.0
6.9	  0.0
7.0	  0.0
7.1	  0.0
7.2	  0.0
7.3	  0.0
7.4	  0.0
7.5	  0.0
7.6	  0.0
7.7	  0.0
7.8	  0.0
7.9	  0.0
8.0	  0.0
8.1	  0.0
8.2	  0.0
8.3	  0.0
8.4	  0.0
8.5	  0.0
8.6	  0.0
8.7	  0.0
8.8	  0.0
8.9	  0.0
9.0	  0.0



DATASET #5

     Name: Mode
   Points: 66
     Info: 

Data[x,y]:
2.5	  3213.0
2.6	  2666.0
2.7	  2171.0
2.8	  1603.0
2.9	  1322.0
3.0	  1053.0
3.1	  840.0
3.2	  649.0
3.3	  521.0
3.4	  416.0
3.5	  341.0
3.6	  264.0
3.7	  202.0
3.8	  167.0
3.9	  135.0
4.0	  103.0
4.1	  86.0
4.2	  66.0
4.3	  49.0
4.4	  45.0
4.5	  33.0
4.6	  25.0
4.7	  21.0
4.8	  16.0
4.9	  12.0
5.0	  9.0
5.1	  7.0
5.2	  5.0
5.3	  4.0
5.4	  3.0
5.5	  2.0
5.6	  2.0
5.7	  1.0
5.8	  0.0
5.9	  0.0
6.0	  0.0
6.1	  0.0
6.2	  0.0
6.3	  0.0
6.4	  0.0
6.5	  0.0
6.6	  0.0
6.7	  0.0
6.8	  0.0
6.9	  0.0
7.0	  0.0
7.1	  0.0
7.2	  0.0
7.3	  0.0
7.4	  0.0
7.5	  0.0
7.6	  0.0
7.7	  0.0
7.8	  0.0
7.9	  0.0
8.0	  0.0
8.1	  0.0
8.2	  0.0
8.3	  0.0
8.4	  0.0
8.5	  0.0
8.6	  0.0
8.7	  0.0
8.8	  0.0
8.9	  0.0
9.0	  0.0



DATASET #6

     Name: 1 yr Prob
   Points: 66
     Info: 

Data[x,y]:
2.5	  1.0
2.6	  1.0
2.7	  1.0
2.8	  1.0
2.9	  1.0
3.0	  1.0
3.1	  1.0
3.2	  1.0
3.3	  1.0
3.4	  1.0
3.5	  1.0
3.6	  1.0
3.7	  1.0
3.8	  1.0
3.9	  1.0
4.0	  1.0
4.1	  1.0
4.2	  1.0
4.3	  1.0
4.4	  1.0
4.5	  1.0
4.6	  1.0
4.7	  1.0
4.8	  1.0
4.9	  1.0
5.0	  0.9999157
5.1	  0.9992416
5.2	  0.99679786
5.3	  0.9868543
5.4	  0.963428
5.5	  0.92432797
5.6	  0.8636555
5.7	  0.7797253
5.8	  0.677172
5.9	  0.5601247
6.0	  0.44560546
6.1	  0.34777114
6.2	  0.25423443
6.3	  0.20830876
6.4	  0.13457488
6.5	  0.11418219
6.6	  0.08687958
6.7	  0.06732957
6.8	  0.056290552
6.9	  0.03336985
7.0	  0.026628466
7.1	  0.021403894
7.2	  0.017696133
7.3	  0.014072638
7.4	  0.012134491
7.5	  0.008932333
7.6	  0.007668324
7.7	  0.0032864246
7.8	  0.0010954748
7.9	  5.056038E-4
8.0	  1.6853459E-4
8.1	  1.6853459E-4
8.2	  0.0
8.3	  0.0
8.4	  0.0
8.5	  0.0
8.6	  0.0
8.7	  0.0
8.8	  0.0
8.9	  0.0
9.0	  0.0



DATASET #7

Name: 95% Conf
Num Points: 66
Info: 

X, Y Data:
2.5	1.0	[1.0	1.0]
2.6	1.0	[1.0	1.0]
2.7	1.0	[1.0	1.0]
2.8	1.0	[1.0	1.0]
2.9	1.0	[1.0	1.0]
3.0	1.0	[1.0	1.0]
3.1	1.0	[1.0	1.0]
3.2	1.0	[1.0	1.0]
3.3	1.0	[1.0	1.0]
3.4	1.0	[1.0	1.0]
3.5	1.0	[1.0	1.0]
3.6	1.0	[1.0	1.0]
3.7	1.0	[1.0	1.0]
3.8	1.0	[1.0	1.0]
3.9	1.0	[1.0	1.0]
4.0	1.0	[1.0	1.0]
4.1	1.0	[1.0	1.0]
4.2	1.0	[1.0	1.0]
4.3	1.0	[1.0	1.0]
4.4	1.0	[1.0	1.0]
4.5	1.0	[1.0	1.0]
4.6	1.0	[1.0	1.0]
4.7	1.0	[1.0	1.0]
4.8	1.0	[1.0	1.0]
4.9	1.0	[1.0	1.0]
5.0	0.9999157	[0.9994528	0.9999956]
5.1	0.9992416	[0.9985041	0.99962986]
5.2	0.99679786	[0.9955594	0.9977016]
5.3	0.9868543	[0.9845964	0.98879063]
5.4	0.963428	[0.95985395	0.96669835]
5.5	0.92432797	[0.91938764	0.9289912]
5.6	0.8636555	[0.85732067	0.86975336]
5.7	0.7797253	[0.7721362	0.78713226]
5.8	0.677172	[0.668661	0.68556774]
5.9	0.5601247	[0.55113363	0.5690767]
6.0	0.44560546	[0.43663973	0.45460656]
6.1	0.34777114	[0.33921072	0.35643056]
6.2	0.25423443	[0.24643877	0.26219]
6.3	0.20830876	[0.20105551	0.21575187]
6.4	0.13457488	[0.12851147	0.1408764]
6.5	0.11418219	[0.108543284	0.12007264]
6.6	0.08687958	[0.08190365	0.09212512]
6.7	0.06732957	[0.06291862	0.072023176]
6.8	0.056290552	[0.05224478	0.06062643]
6.9	0.03336985	[0.030246286	0.036799364]
7.0	0.026628466	[0.023841519	0.029726243]
7.1	0.021403894	[0.018911019	0.024211533]
7.2	0.017696133	[0.015435935	0.020274024]
7.3	0.014072638	[0.012066091	0.016399927]
7.4	0.012134491	[0.010277716	0.014313758]
7.5	0.008932333	[0.0073530483	0.010837329]
7.6	0.007668324	[0.006212467	0.009451344]
7.7	0.0032864246	[0.0023695093	0.004537824]
7.8	0.0010954748	[6.093408E-4	0.0019265779]
7.9	5.056038E-4	[2.0554473E-4	0.0011602391]
8.0	1.6853459E-4	[2.9191584E-5	6.795259E-4]
8.1	1.6853459E-4	[2.9191584E-5	6.795259E-4]
8.2	0.0	[0.0	4.0345785E-4]
8.3	0.0	[0.0	4.0345785E-4]
8.4	0.0	[0.0	4.0345785E-4]
8.5	0.0	[0.0	4.0345785E-4]
8.6	0.0	[0.0	0.0]
8.7	0.0	[0.0	0.0]
8.8	0.0	[0.0	0.0]
8.9	0.0	[0.0	0.0]
9.0	0.0	[0.0	0.0]



DATASET #8

     Name: Supra
   Points: 66
     Info: 

Data[x,y]:
2.5	  0.09185135
2.6	  0.09185135
2.7	  0.09185135
2.8	  0.09185135
2.9	  0.09185135
3.0	  0.09185135
3.1	  0.09185135
3.2	  0.09185135
3.3	  0.09185135
3.4	  0.09185135
3.5	  0.09185135
3.6	  0.09185135
3.7	  0.09185135
3.8	  0.09185135
3.9	  0.09185135
4.0	  0.09185135
4.1	  0.09185135
4.2	  0.09185135
4.3	  0.09185135
4.4	  0.09185135
4.5	  0.09185135
4.6	  0.09185135
4.7	  0.09185135
4.8	  0.09185135
4.9	  0.09185135
5.0	  0.09185135
5.1	  0.09185135
5.2	  0.09185135
5.3	  0.09185135
5.4	  0.09185135
5.5	  0.09185135
5.6	  0.09185135
5.7	  0.09185135
5.8	  0.09185135
5.9	  0.09185135
6.0	  0.09185135
6.1	  0.09168282
6.2	  0.09168282
6.3	  0.09168282
6.4	  0.05401534
6.5	  0.05401534
6.6	  0.046262745
6.7	  0.039100025
6.8	  0.037836015
6.9	  0.020729754
7.0	  0.01929721
7.1	  0.017190529
7.2	  0.01558945
7.3	  0.012640094
7.4	  0.011291818
7.5	  0.0085952645
7.6	  0.007584057
7.7	  0.0032021573
7.8	  0.0010112076
7.9	  5.056038E-4
8.0	  1.6853459E-4
8.1	  1.6853459E-4
8.2	  0.0
8.3	  0.0
8.4	  0.0
8.5	  0.0
8.6	  0.0
8.7	  0.0
8.8	  0.0
8.9	  0.0
9.0	  0.0



DATASET #9

     Name: Primary
   Points: 66
     Info: 

Data[x,y]:
2.5	  2085.8232
2.6	  1656.3384
2.7	  1315.5903
2.8	  1045.1244
2.9	  830.0889
3.0	  659.36597
3.1	  523.644
3.2	  415.87274
3.3	  330.39874
3.4	  262.36548
3.5	  208.37498
3.6	  165.40903
3.7	  131.29417
3.8	  104.252884
3.9	  82.75023
4.0	  65.68535
4.1	  52.188843
4.2	  41.36159
4.3	  32.82152
4.4	  26.007584
4.5	  20.571585
4.6	  16.275301
4.7	  12.836606
4.8	  10.134659
4.9	  7.982051
5.0	  6.2643466
5.1	  4.8991323
5.2	  3.835089
5.3	  2.968737
5.4	  2.2968736
5.5	  1.7606809
5.6	  1.3368164
5.7	  0.9966293
5.8	  0.72865933
5.9	  0.5185809
6.0	  0.36167523
6.1	  0.2553299
6.2	  0.170557
6.3	  0.13061431
6.4	  0.083677426
6.5	  0.06758237
6.6	  0.049970508
6.7	  0.038257353
6.8	  0.03244291
6.9	  0.01929721
7.0	  0.015252381
7.1	  0.011965956
7.2	  0.009690739
7.3	  0.008089661
7.4	  0.007584057
7.5	  0.0052245725
7.6	  0.0044661667
7.7	  0.0012640094
7.8	  1.6853459E-4
7.9	  8.4267296E-5
8.0	  0.0
8.1	  0.0
8.2	  0.0
8.3	  0.0
8.4	  0.0
8.5	  0.0
8.6	  0.0
8.7	  0.0
8.8	  0.0
8.9	  0.0
9.0	  0.0


