
X-Axis: Magnitude
Y-Axis: 10 Year Cumulative Number
Number of Data Sets: 9


DATASET #1

     Name: Mean
   Points: 66
     Info: 

Data[x,y]:
2.5	  5587.33
2.6	  4437.9253
2.7	  3525.0508
2.8	  2799.9512
2.9	  2223.9207
3.0	  1766.3835
3.1	  1402.9126
3.2	  1114.3268
3.3	  885.05505
3.4	  702.8833
3.5	  558.2153
3.6	  443.28363
3.7	  352.0532
3.8	  279.54712
3.9	  221.96799
4.0	  176.21428
4.1	  139.8772
4.2	  111.00853
4.3	  88.0713
4.4	  69.86704
4.5	  55.38689
4.6	  43.89823
4.7	  34.77426
4.8	  27.51067
4.9	  21.76
5.0	  17.17017
5.1	  13.54257
5.2	  10.66895
5.3	  8.37756
5.4	  6.55882
5.5	  5.11309
5.6	  3.96229
5.7	  3.0556
5.8	  2.33329
5.9	  1.76261
6.0	  1.36673
6.1	  0.99759
6.2	  0.66032
6.3	  0.49772
6.4	  0.37969
6.5	  0.29158
6.6	  0.23538
6.7	  0.19167
6.8	  0.15285
6.9	  0.11744
7.0	  0.09295
7.1	  0.07802
7.2	  0.0597
7.3	  0.04145
7.4	  0.03604
7.5	  0.02799
7.6	  0.0153
7.7	  0.00501
7.8	  0.00312
7.9	  0.00167
8.0	  5.6E-4
8.1	  7.0E-5
8.2	  0.0
8.3	  0.0
8.4	  0.0
8.5	  0.0
8.6	  0.0
8.7	  0.0
8.8	  0.0
8.9	  0.0
9.0	  0.0



DATASET #2

     Name: 2.5%,97.5%
   Points: 66
     Info: 

Data[x,y]:
2.5	  3666.0
2.6	  2907.0
2.7	  2305.0
2.8	  1826.0
2.9	  1446.0
3.0	  1144.0
3.1	  905.0
3.2	  715.0
3.3	  564.0
3.4	  445.0
3.5	  350.0
3.6	  275.0
3.7	  216.0
3.8	  168.0
3.9	  131.0
4.0	  102.0
4.1	  79.0
4.2	  61.0
4.3	  47.0
4.4	  36.0
4.5	  27.0
4.6	  20.0
4.7	  15.0
4.8	  11.0
4.9	  8.0
5.0	  6.0
5.1	  4.0
5.2	  3.0
5.3	  2.0
5.4	  1.0
5.5	  0.0
5.6	  0.0
5.7	  0.0
5.8	  0.0
5.9	  0.0
6.0	  0.0
6.1	  0.0
6.2	  0.0
6.3	  0.0
6.4	  0.0
6.5	  0.0
6.6	  0.0
6.7	  0.0
6.8	  0.0
6.9	  0.0
7.0	  0.0
7.1	  0.0
7.2	  0.0
7.3	  0.0
7.4	  0.0
7.5	  0.0
7.6	  0.0
7.7	  0.0
7.8	  0.0
7.9	  0.0
8.0	  0.0
8.1	  0.0
8.2	  0.0
8.3	  0.0
8.4	  0.0
8.5	  0.0
8.6	  0.0
8.7	  0.0
8.8	  0.0
8.9	  0.0
9.0	  0.0



DATASET #3

     Name: null
   Points: 66
     Info: 

Data[x,y]:
2.5	  16094.0
2.6	  12789.0
2.7	  10173.0
2.8	  8073.0
2.9	  6409.0
3.0	  5093.0
3.1	  4046.0
3.2	  3209.0
3.3	  2549.0
3.4	  2023.0
3.5	  1606.0
3.6	  1277.0
3.7	  1014.0
3.8	  804.0
3.9	  639.0
4.0	  508.0
4.1	  403.0
4.2	  319.0
4.3	  254.0
4.4	  202.0
4.5	  160.0
4.6	  127.0
4.7	  101.0
4.8	  80.0
4.9	  63.0
5.0	  50.0
5.1	  40.0
5.2	  32.0
5.3	  25.0
5.4	  20.0
5.5	  16.0
5.6	  13.0
5.7	  10.0
5.8	  8.0
5.9	  7.0
6.0	  6.0
6.1	  4.0
6.2	  3.0
6.3	  3.0
6.4	  2.0
6.5	  2.0
6.6	  2.0
6.7	  2.0
6.8	  1.0
6.9	  1.0
7.0	  1.0
7.1	  1.0
7.2	  1.0
7.3	  1.0
7.4	  1.0
7.5	  1.0
7.6	  0.0
7.7	  0.0
7.8	  0.0
7.9	  0.0
8.0	  0.0
8.1	  0.0
8.2	  0.0
8.3	  0.0
8.4	  0.0
8.5	  0.0
8.6	  0.0
8.7	  0.0
8.8	  0.0
8.9	  0.0
9.0	  0.0



DATASET #4

     Name: Median
   Points: 66
     Info: 

Data[x,y]:
2.5	  4630.0
2.6	  3677.0
2.7	  2922.0
2.8	  2322.0
2.9	  1845.0
3.0	  1466.0
3.1	  1165.0
3.2	  925.0
3.3	  736.0
3.4	  585.0
3.5	  465.0
3.6	  370.0
3.7	  294.0
3.8	  234.0
3.9	  186.0
4.0	  148.0
4.1	  117.0
4.2	  93.0
4.3	  74.0
4.4	  59.0
4.5	  47.0
4.6	  37.0
4.7	  29.0
4.8	  23.0
4.9	  18.0
5.0	  15.0
5.1	  11.0
5.2	  9.0
5.3	  7.0
5.4	  5.0
5.5	  4.0
5.6	  3.0
5.7	  2.0
5.8	  2.0
5.9	  1.0
6.0	  1.0
6.1	  1.0
6.2	  0.0
6.3	  0.0
6.4	  0.0
6.5	  0.0
6.6	  0.0
6.7	  0.0
6.8	  0.0
6.9	  0.0
7.0	  0.0
7.1	  0.0
7.2	  0.0
7.3	  0.0
7.4	  0.0
7.5	  0.0
7.6	  0.0
7.7	  0.0
7.8	  0.0
7.9	  0.0
8.0	  0.0
8.1	  0.0
8.2	  0.0
8.3	  0.0
8.4	  0.0
8.5	  0.0
8.6	  0.0
8.7	  0.0
8.8	  0.0
8.9	  0.0
9.0	  0.0



DATASET #5

     Name: Mode
   Points: 66
     Info: 

Data[x,y]:
2.5	  4279.0
2.6	  3296.0
2.7	  2726.0
2.8	  2203.0
2.9	  1699.0
3.0	  1334.0
3.1	  1053.0
3.2	  841.0
3.3	  670.0
3.4	  539.0
3.5	  427.0
3.6	  330.0
3.7	  275.0
3.8	  216.0
3.9	  167.0
4.0	  135.0
4.1	  103.0
4.2	  82.0
4.3	  66.0
4.4	  52.0
4.5	  43.0
4.6	  33.0
4.7	  25.0
4.8	  21.0
4.9	  16.0
5.0	  13.0
5.1	  9.0
5.2	  7.0
5.3	  6.0
5.4	  4.0
5.5	  3.0
5.6	  2.0
5.7	  2.0
5.8	  1.0
5.9	  1.0
6.0	  0.0
6.1	  0.0
6.2	  0.0
6.3	  0.0
6.4	  0.0
6.5	  0.0
6.6	  0.0
6.7	  0.0
6.8	  0.0
6.9	  0.0
7.0	  0.0
7.1	  0.0
7.2	  0.0
7.3	  0.0
7.4	  0.0
7.5	  0.0
7.6	  0.0
7.7	  0.0
7.8	  0.0
7.9	  0.0
8.0	  0.0
8.1	  0.0
8.2	  0.0
8.3	  0.0
8.4	  0.0
8.5	  0.0
8.6	  0.0
8.7	  0.0
8.8	  0.0
8.9	  0.0
9.0	  0.0



DATASET #6

     Name: 10 yr Prob
   Points: 66
     Info: 

Data[x,y]:
2.5	  1.0
2.6	  1.0
2.7	  1.0
2.8	  1.0
2.9	  1.0
3.0	  1.0
3.1	  1.0
3.2	  1.0
3.3	  1.0
3.4	  1.0
3.5	  1.0
3.6	  1.0
3.7	  1.0
3.8	  1.0
3.9	  1.0
4.0	  1.0
4.1	  1.0
4.2	  1.0
4.3	  1.0
4.4	  1.0
4.5	  1.0
4.6	  1.0
4.7	  1.0
4.8	  1.0
4.9	  1.0
5.0	  0.99997
5.1	  0.99982
5.2	  0.99912
5.3	  0.99615
5.4	  0.98741
5.5	  0.96914
5.6	  0.93596
5.7	  0.88609
5.8	  0.81942
5.9	  0.73508
6.0	  0.64963
6.1	  0.54593
6.2	  0.41767
6.3	  0.34138
6.4	  0.27074
6.5	  0.21718
6.6	  0.18735
6.7	  0.15685
6.8	  0.13144
6.9	  0.10611
7.0	  0.08635
7.1	  0.07396
7.2	  0.05744
7.3	  0.0401
7.4	  0.0351
7.5	  0.02739
7.6	  0.01506
7.7	  0.00494
7.8	  0.00312
7.9	  0.00167
8.0	  5.6E-4
8.1	  7.0E-5
8.2	  0.0
8.3	  0.0
8.4	  0.0
8.5	  0.0
8.6	  0.0
8.7	  0.0
8.8	  0.0
8.9	  0.0
9.0	  0.0



DATASET #7

Name: 95% Conf
Num Points: 66
Info: 

X, Y Data:
2.5	1.0	[1.0	1.0]
2.6	1.0	[1.0	1.0]
2.7	1.0	[1.0	1.0]
2.8	1.0	[1.0	1.0]
2.9	1.0	[1.0	1.0]
3.0	1.0	[1.0	1.0]
3.1	1.0	[1.0	1.0]
3.2	1.0	[1.0	1.0]
3.3	1.0	[1.0	1.0]
3.4	1.0	[1.0	1.0]
3.5	1.0	[1.0	1.0]
3.6	1.0	[1.0	1.0]
3.7	1.0	[1.0	1.0]
3.8	1.0	[1.0	1.0]
3.9	1.0	[1.0	1.0]
4.0	1.0	[1.0	1.0]
4.1	1.0	[1.0	1.0]
4.2	1.0	[1.0	1.0]
4.3	1.0	[1.0	1.0]
4.4	1.0	[1.0	1.0]
4.5	1.0	[1.0	1.0]
4.6	1.0	[1.0	1.0]
4.7	1.0	[1.0	1.0]
4.8	1.0	[1.0	1.0]
4.9	1.0	[1.0	1.0]
5.0	0.99997	[0.9999044	0.99999225]
5.1	0.99982	[0.99970937	0.99989]
5.2	0.99912	[0.99891055	0.9992901]
5.3	0.99615	[0.99574137	0.99652]
5.4	0.98741	[0.9866948	0.9880874]
5.5	0.96914	[0.9680449	0.9701989]
5.6	0.93596	[0.9344207	0.93746567]
5.7	0.88609	[0.884101	0.8880493]
5.8	0.81942	[0.8170185	0.8217969]
5.9	0.73508	[0.73233086	0.7378111]
6.0	0.64963	[0.6466623	0.6525862]
6.1	0.54593	[0.5428374	0.5490191]
6.2	0.41767	[0.4146115	0.42073485]
6.3	0.34138	[0.3384422	0.34433]
6.4	0.27074	[0.2679898	0.27350783]
6.5	0.21718	[0.21463029	0.21975148]
6.6	0.18735	[0.18493861	0.18978545]
6.7	0.15685	[0.15460423	0.15912218]
6.8	0.13144	[0.12935498	0.1335534]
6.9	0.10611	[0.10421128	0.108039066]
7.0	0.08635	[0.084619984	0.088111885]
7.1	0.07396	[0.072349295	0.07560354]
7.2	0.05744	[0.056009814	0.058904305]
7.3	0.0401	[0.038896613	0.041338865]
7.4	0.0351	[0.033972174	0.0362637]
7.5	0.02739	[0.026391473	0.028425017]
7.6	0.01506	[0.014318665	0.01583884]
7.7	0.00494	[0.0045192745	0.005399198]
7.8	0.00312	[0.0027881789	0.0034905472]
7.9	0.00167	[0.0014307264	0.0019483141]
8.0	5.6E-4	[4.2695712E-4	7.3271175E-4]
8.1	7.0E-5	[3.0673422E-5	1.5121036E-4]
8.2	0.0	[0.0	4.7892154E-5]
8.3	0.0	[0.0	4.7892154E-5]
8.4	0.0	[0.0	0.0]
8.5	0.0	[0.0	0.0]
8.6	0.0	[0.0	0.0]
8.7	0.0	[0.0	0.0]
8.8	0.0	[0.0	0.0]
8.9	0.0	[0.0	0.0]
9.0	0.0	[0.0	0.0]



DATASET #8

     Name: Supra
   Points: 66
     Info: 

Data[x,y]:
2.5	  0.33926
2.6	  0.33926
2.7	  0.33926
2.8	  0.33926
2.9	  0.33926
3.0	  0.33926
3.1	  0.33926
3.2	  0.33926
3.3	  0.33926
3.4	  0.33926
3.5	  0.33926
3.6	  0.33926
3.7	  0.33926
3.8	  0.33926
3.9	  0.33926
4.0	  0.33926
4.1	  0.33926
4.2	  0.33926
4.3	  0.33926
4.4	  0.33926
4.5	  0.33926
4.6	  0.33926
4.7	  0.33926
4.8	  0.33926
4.9	  0.33926
5.0	  0.33926
5.1	  0.33926
5.2	  0.33926
5.3	  0.33926
5.4	  0.33926
5.5	  0.33926
5.6	  0.33926
5.7	  0.33926
5.8	  0.33925
5.9	  0.3391
6.0	  0.33899
6.1	  0.29417
6.2	  0.23155
6.3	  0.19937
6.4	  0.17107
6.5	  0.14868
6.6	  0.13747
6.7	  0.12121
6.8	  0.10677
6.9	  0.08958
7.0	  0.07616
7.1	  0.06781
7.2	  0.05394
7.3	  0.03839
7.4	  0.03442
7.5	  0.02715
7.6	  0.01499
7.7	  0.00492
7.8	  0.0031
7.9	  0.00167
8.0	  5.6E-4
8.1	  7.0E-5
8.2	  0.0
8.3	  0.0
8.4	  0.0
8.5	  0.0
8.6	  0.0
8.7	  0.0
8.8	  0.0
8.9	  0.0
9.0	  0.0



DATASET #9

     Name: Primary
   Points: 66
     Info: 

Data[x,y]:
2.5	  2393.9692
2.6	  1901.4923
2.7	  1510.415
2.8	  1199.7614
2.9	  952.9718
3.0	  756.91034
3.1	  601.18384
3.2	  477.50256
3.3	  379.25925
3.4	  301.21277
3.5	  239.22723
3.6	  189.98236
3.7	  150.88994
3.8	  119.80315
3.9	  95.1186
4.0	  75.50586
4.1	  59.92278
4.2	  47.56426
4.3	  37.73448
4.4	  29.93582
4.5	  23.725
4.6	  18.80214
4.7	  14.89224
4.8	  11.78614
4.9	  9.32235
5.0	  7.35896
5.1	  5.80522
5.2	  4.57603
5.3	  3.59292
5.4	  2.81274
5.5	  2.19203
5.6	  1.70305
5.7	  1.31618
5.8	  1.00626
5.9	  0.76124
6.0	  0.58539
6.1	  0.43656
6.2	  0.29037
6.3	  0.2221
6.4	  0.1658
6.5	  0.12756
6.6	  0.10857
6.7	  0.08913
6.8	  0.07329
6.9	  0.05786
7.0	  0.04635
7.1	  0.039
7.2	  0.02933
7.3	  0.02013
7.4	  0.01765
7.5	  0.01359
7.6	  0.00755
7.7	  0.00226
7.8	  0.00144
7.9	  7.0E-4
8.0	  2.1E-4
8.1	  4.0E-5
8.2	  0.0
8.3	  0.0
8.4	  0.0
8.5	  0.0
8.6	  0.0
8.7	  0.0
8.8	  0.0
8.9	  0.0
9.0	  0.0


