
X-Axis: Magnitude
Y-Axis: 1 Month Cumulative Number
Number of Data Sets: 9


DATASET #1

     Name: Mean
   Points: 66
     Info: 

Data[x,y]:
2.5	  2912.5789
2.6	  2313.3674
2.7	  1837.5626
2.8	  1459.5835
2.9	  1159.3259
3.0	  920.85834
3.1	  731.35364
3.2	  580.8862
3.3	  461.35736
3.4	  366.40387
3.5	  290.98465
3.6	  231.09573
3.7	  183.54161
3.8	  145.72964
3.9	  115.70999
4.0	  91.85818
4.1	  72.90818
4.2	  57.86599
4.3	  45.91417
4.4	  36.42073
4.5	  28.87137
4.6	  22.88091
4.7	  18.11723
4.8	  14.3353
4.9	  11.33878
5.0	  8.94839
5.1	  7.05876
5.2	  5.56589
5.3	  4.3697
5.4	  3.42131
5.5	  2.6699
5.6	  2.06889
5.7	  1.59716
5.8	  1.2191
5.9	  0.92347
6.0	  0.71371
6.1	  0.52435
6.2	  0.34548
6.3	  0.26243
6.4	  0.19884
6.5	  0.15318
6.6	  0.12604
6.7	  0.10328
6.8	  0.08435
6.9	  0.06549
7.0	  0.05256
7.1	  0.04503
7.2	  0.03436
7.3	  0.02353
7.4	  0.02063
7.5	  0.01593
7.6	  0.00873
7.7	  0.00275
7.8	  0.00172
7.9	  9.4E-4
8.0	  3.7E-4
8.1	  4.0E-5
8.2	  0.0
8.3	  0.0
8.4	  0.0
8.5	  0.0
8.6	  0.0
8.7	  0.0
8.8	  0.0
8.9	  0.0
9.0	  0.0



DATASET #2

     Name: 2.5%,97.5%
   Points: 66
     Info: 

Data[x,y]:
2.5	  2189.0
2.6	  1733.0
2.7	  1371.0
2.8	  1085.0
2.9	  858.0
3.0	  677.0
3.1	  534.0
3.2	  420.0
3.3	  330.0
3.4	  259.0
3.5	  203.0
3.6	  158.0
3.7	  123.0
3.8	  96.0
3.9	  74.0
4.0	  57.0
4.1	  44.0
4.2	  33.0
4.3	  25.0
4.4	  19.0
4.5	  14.0
4.6	  10.0
4.7	  7.0
4.8	  5.0
4.9	  4.0
5.0	  2.0
5.1	  1.0
5.2	  1.0
5.3	  0.0
5.4	  0.0
5.5	  0.0
5.6	  0.0
5.7	  0.0
5.8	  0.0
5.9	  0.0
6.0	  0.0
6.1	  0.0
6.2	  0.0
6.3	  0.0
6.4	  0.0
6.5	  0.0
6.6	  0.0
6.7	  0.0
6.8	  0.0
6.9	  0.0
7.0	  0.0
7.1	  0.0
7.2	  0.0
7.3	  0.0
7.4	  0.0
7.5	  0.0
7.6	  0.0
7.7	  0.0
7.8	  0.0
7.9	  0.0
8.0	  0.0
8.1	  0.0
8.2	  0.0
8.3	  0.0
8.4	  0.0
8.5	  0.0
8.6	  0.0
8.7	  0.0
8.8	  0.0
8.9	  0.0
9.0	  0.0



DATASET #3

     Name: null
   Points: 66
     Info: 

Data[x,y]:
2.5	  6531.0
2.6	  5187.0
2.7	  4122.0
2.8	  3275.0
2.9	  2601.0
3.0	  2071.0
3.1	  1645.0
3.2	  1307.0
3.3	  1038.0
3.4	  824.0
3.5	  656.0
3.6	  524.0
3.7	  416.0
3.8	  331.0
3.9	  264.0
4.0	  211.0
4.1	  168.0
4.2	  134.0
4.3	  107.0
4.4	  86.0
4.5	  69.0
4.6	  55.0
4.7	  44.0
4.8	  35.0
4.9	  28.0
5.0	  23.0
5.1	  19.0
5.2	  15.0
5.3	  12.0
5.4	  10.0
5.5	  8.0
5.6	  7.0
5.7	  6.0
5.8	  5.0
5.9	  4.0
6.0	  3.0
6.1	  3.0
6.2	  2.0
6.3	  2.0
6.4	  2.0
6.5	  1.0
6.6	  1.0
6.7	  1.0
6.8	  1.0
6.9	  1.0
7.0	  1.0
7.1	  1.0
7.2	  1.0
7.3	  0.0
7.4	  0.0
7.5	  0.0
7.6	  0.0
7.7	  0.0
7.8	  0.0
7.9	  0.0
8.0	  0.0
8.1	  0.0
8.2	  0.0
8.3	  0.0
8.4	  0.0
8.5	  0.0
8.6	  0.0
8.7	  0.0
8.8	  0.0
8.9	  0.0
9.0	  0.0



DATASET #4

     Name: Median
   Points: 66
     Info: 

Data[x,y]:
2.5	  2565.0
2.6	  2038.0
2.7	  1620.0
2.8	  1287.0
2.9	  1023.0
3.0	  813.0
3.1	  646.0
3.2	  514.0
3.3	  409.0
3.4	  325.0
3.5	  258.0
3.6	  206.0
3.7	  164.0
3.8	  130.0
3.9	  103.0
4.0	  82.0
4.1	  65.0
4.2	  52.0
4.3	  41.0
4.4	  33.0
4.5	  26.0
4.6	  21.0
4.7	  16.0
4.8	  13.0
4.9	  10.0
5.0	  8.0
5.1	  6.0
5.2	  5.0
5.3	  4.0
5.4	  3.0
5.5	  2.0
5.6	  2.0
5.7	  1.0
5.8	  1.0
5.9	  1.0
6.0	  0.0
6.1	  0.0
6.2	  0.0
6.3	  0.0
6.4	  0.0
6.5	  0.0
6.6	  0.0
6.7	  0.0
6.8	  0.0
6.9	  0.0
7.0	  0.0
7.1	  0.0
7.2	  0.0
7.3	  0.0
7.4	  0.0
7.5	  0.0
7.6	  0.0
7.7	  0.0
7.8	  0.0
7.9	  0.0
8.0	  0.0
8.1	  0.0
8.2	  0.0
8.3	  0.0
8.4	  0.0
8.5	  0.0
8.6	  0.0
8.7	  0.0
8.8	  0.0
8.9	  0.0
9.0	  0.0



DATASET #5

     Name: Mode
   Points: 66
     Info: 

Data[x,y]:
2.5	  2384.0
2.6	  1922.0
2.7	  1562.0
2.8	  1233.0
2.9	  978.0
3.0	  779.0
3.1	  615.0
3.2	  496.0
3.3	  387.0
3.4	  312.0
3.5	  244.0
3.6	  196.0
3.7	  159.0
3.8	  123.0
3.9	  97.0
4.0	  77.0
4.1	  62.0
4.2	  46.0
4.3	  40.0
4.4	  29.0
4.5	  24.0
4.6	  18.0
4.7	  15.0
4.8	  12.0
4.9	  9.0
5.0	  7.0
5.1	  5.0
5.2	  4.0
5.3	  3.0
5.4	  2.0
5.5	  2.0
5.6	  1.0
5.7	  1.0
5.8	  0.0
5.9	  0.0
6.0	  0.0
6.1	  0.0
6.2	  0.0
6.3	  0.0
6.4	  0.0
6.5	  0.0
6.6	  0.0
6.7	  0.0
6.8	  0.0
6.9	  0.0
7.0	  0.0
7.1	  0.0
7.2	  0.0
7.3	  0.0
7.4	  0.0
7.5	  0.0
7.6	  0.0
7.7	  0.0
7.8	  0.0
7.9	  0.0
8.0	  0.0
8.1	  0.0
8.2	  0.0
8.3	  0.0
8.4	  0.0
8.5	  0.0
8.6	  0.0
8.7	  0.0
8.8	  0.0
8.9	  0.0
9.0	  0.0



DATASET #6

     Name: 1 mo Prob
   Points: 66
     Info: 

Data[x,y]:
2.5	  1.0
2.6	  1.0
2.7	  1.0
2.8	  1.0
2.9	  1.0
3.0	  1.0
3.1	  1.0
3.2	  1.0
3.3	  1.0
3.4	  1.0
3.5	  1.0
3.6	  1.0
3.7	  1.0
3.8	  1.0
3.9	  1.0
4.0	  1.0
4.1	  1.0
4.2	  1.0
4.3	  1.0
4.4	  1.0
4.5	  1.0
4.6	  1.0
4.7	  1.0
4.8	  0.99998
4.9	  0.99974
5.0	  0.99859
5.1	  0.99521
5.2	  0.98596
5.3	  0.96583
5.4	  0.93118
5.5	  0.87984
5.6	  0.812
5.7	  0.73036
5.8	  0.63787
5.9	  0.54256
6.0	  0.45738
6.1	  0.36749
6.2	  0.26506
6.3	  0.21118
6.4	  0.16356
6.5	  0.12917
6.6	  0.11106
6.7	  0.09231
6.8	  0.07742
6.9	  0.06195
7.0	  0.05048
7.1	  0.04362
7.2	  0.03353
7.3	  0.02302
7.4	  0.02024
7.5	  0.01566
7.6	  0.00863
7.7	  0.00272
7.8	  0.00172
7.9	  9.4E-4
8.0	  3.7E-4
8.1	  4.0E-5
8.2	  0.0
8.3	  0.0
8.4	  0.0
8.5	  0.0
8.6	  0.0
8.7	  0.0
8.8	  0.0
8.9	  0.0
9.0	  0.0



DATASET #7

Name: 95% Conf
Num Points: 66
Info: 

X, Y Data:
2.5	1.0	[1.0	1.0]
2.6	1.0	[1.0	1.0]
2.7	1.0	[1.0	1.0]
2.8	1.0	[1.0	1.0]
2.9	1.0	[1.0	1.0]
3.0	1.0	[1.0	1.0]
3.1	1.0	[1.0	1.0]
3.2	1.0	[1.0	1.0]
3.3	1.0	[1.0	1.0]
3.4	1.0	[1.0	1.0]
3.5	1.0	[1.0	1.0]
3.6	1.0	[1.0	1.0]
3.7	1.0	[1.0	1.0]
3.8	1.0	[1.0	1.0]
3.9	1.0	[1.0	1.0]
4.0	1.0	[1.0	1.0]
4.1	1.0	[1.0	1.0]
4.2	1.0	[1.0	1.0]
4.3	1.0	[1.0	1.0]
4.4	1.0	[1.0	1.0]
4.5	1.0	[1.0	1.0]
4.6	1.0	[1.0	1.0]
4.7	1.0	[1.0	1.0]
4.8	0.99998	[0.99991935	0.99999654]
4.9	0.99974	[0.9996131	0.9998266]
5.0	0.99859	[0.9983321	0.9988088]
5.1	0.99521	[0.9947574	0.9956241]
5.2	0.98596	[0.9852067	0.9866757]
5.3	0.96583	[0.9646809	0.96694314]
5.4	0.93118	[0.9295893	0.93273747]
5.5	0.87984	[0.87780505	0.88184565]
5.6	0.812	[0.8095614	0.8144146]
5.7	0.73036	[0.7275956	0.7331066]
5.8	0.63787	[0.63488084	0.6408485]
5.9	0.54256	[0.53946567	0.5456511]
6.0	0.45738	[0.45428896	0.46047434]
6.1	0.36749	[0.36450192	0.37048826]
6.2	0.26506	[0.26232848	0.2678096]
6.3	0.21118	[0.20865643	0.2137258]
6.4	0.16356	[0.16127545	0.16587046]
6.5	0.12917	[0.12710051	0.13126804]
6.6	0.11106	[0.109122485	0.11302747]
6.7	0.09231	[0.09052656	0.094124846]
6.8	0.07742	[0.07577476	0.07909781]
6.9	0.06195	[0.060467683	0.06346609]
7.0	0.05048	[0.049135286	0.05185938]
7.1	0.04362	[0.04236656	0.04490864]
7.2	0.03353	[0.03242713	0.034668874]
7.3	0.02302	[0.022103755	0.023973089]
7.4	0.02024	[0.019380545	0.021136526]
7.5	0.01566	[0.014903989	0.016453465]
7.6	0.00863	[0.008070445	0.009227636]
7.7	0.00272	[0.0024110284	0.003067768]
7.8	0.00172	[0.0014769755	0.0020020502]
7.9	9.4E-4	[7.63773E-4	0.0011555735]
8.0	3.7E-4	[2.6425757E-4	5.157182E-4]
8.1	4.0E-5	[1.2813544E-5	1.10003224E-4]
8.2	0.0	[0.0	4.7892154E-5]
8.3	0.0	[0.0	4.7892154E-5]
8.4	0.0	[0.0	0.0]
8.5	0.0	[0.0	0.0]
8.6	0.0	[0.0	0.0]
8.7	0.0	[0.0	0.0]
8.8	0.0	[0.0	0.0]
8.9	0.0	[0.0	0.0]
9.0	0.0	[0.0	0.0]



DATASET #8

     Name: Supra
   Points: 66
     Info: 

Data[x,y]:
2.5	  0.20617
2.6	  0.20617
2.7	  0.20617
2.8	  0.20617
2.9	  0.20617
3.0	  0.20617
3.1	  0.20617
3.2	  0.20617
3.3	  0.20617
3.4	  0.20617
3.5	  0.20617
3.6	  0.20617
3.7	  0.20617
3.8	  0.20617
3.9	  0.20617
4.0	  0.20617
4.1	  0.20617
4.2	  0.20617
4.3	  0.20617
4.4	  0.20617
4.5	  0.20617
4.6	  0.20617
4.7	  0.20617
4.8	  0.20617
4.9	  0.20617
5.0	  0.20617
5.1	  0.20617
5.2	  0.20617
5.3	  0.20617
5.4	  0.20617
5.5	  0.20617
5.6	  0.20617
5.7	  0.20617
5.8	  0.20616
5.9	  0.20607
6.0	  0.206
6.1	  0.17903
6.2	  0.13746
6.3	  0.1183
6.4	  0.10096
6.5	  0.08757
6.6	  0.08133
6.7	  0.07169
6.8	  0.06319
6.9	  0.05271
7.0	  0.04487
7.1	  0.04016
7.2	  0.03159
7.3	  0.02206
7.4	  0.01984
7.5	  0.01557
7.6	  0.00858
7.7	  0.00271
7.8	  0.00171
7.9	  9.4E-4
8.0	  3.7E-4
8.1	  4.0E-5
8.2	  0.0
8.3	  0.0
8.4	  0.0
8.5	  0.0
8.6	  0.0
8.7	  0.0
8.8	  0.0
8.9	  0.0
9.0	  0.0



DATASET #9

     Name: Primary
   Points: 66
     Info: 

Data[x,y]:
2.5	  1690.4275
2.6	  1342.6462
2.7	  1066.4944
2.8	  847.1539
2.9	  672.9029
3.0	  534.4847
3.1	  424.49966
3.2	  337.1819
3.3	  267.77914
3.4	  212.67664
3.5	  168.90788
3.6	  134.13661
3.7	  106.53259
3.8	  84.57657
3.9	  67.14583
4.0	  53.29968
4.1	  42.29531
4.2	  33.57198
4.3	  26.63728
4.4	  21.12886
4.5	  16.74146
4.6	  13.26784
4.7	  10.5057
4.8	  8.31429
4.9	  6.57705
5.0	  5.19255
5.1	  4.0964
5.2	  3.22992
5.3	  2.53425
5.4	  1.98261
5.5	  1.54674
5.6	  1.20147
5.7	  0.92882
5.8	  0.71089
5.9	  0.53861
6.0	  0.41415
6.1	  0.30752
6.2	  0.20297
6.3	  0.1557
6.4	  0.11632
6.5	  0.08979
6.6	  0.07662
6.7	  0.06307
6.8	  0.05252
6.9	  0.04143
7.0	  0.03348
7.1	  0.02854
7.2	  0.02149
7.3	  0.01478
7.4	  0.01302
7.5	  0.0101
7.6	  0.00565
7.7	  0.00169
7.8	  0.00109
7.9	  5.2E-4
8.0	  1.5E-4
8.1	  3.0E-5
8.2	  0.0
8.3	  0.0
8.4	  0.0
8.5	  0.0
8.6	  0.0
8.7	  0.0
8.8	  0.0
8.9	  0.0
9.0	  0.0


