
X-Axis: Magnitude
Y-Axis: 1 Year Cumulative Number
Number of Data Sets: 9


DATASET #1

     Name: Mean
   Points: 66
     Info: 

Data[x,y]:
2.5	  4212.9067
2.6	  3346.4087
2.7	  2657.9185
2.8	  2111.2
2.9	  1676.8141
3.0	  1331.821
3.1	  1057.628
3.2	  840.0969
3.3	  667.2857
3.4	  530.1522
3.5	  420.83322
3.6	  334.18552
3.7	  265.33133
3.8	  210.59557
3.9	  167.24197
4.0	  132.77834
4.1	  105.46876
4.2	  83.67012
4.3	  66.45002
4.4	  52.773354
4.5	  41.862045
4.6	  33.210403
4.7	  26.280361
4.8	  20.831915
4.9	  16.471243
5.0	  12.992794
5.1	  10.246299
5.2	  8.066553
5.3	  6.3283114
5.4	  4.948382
5.5	  3.8613913
5.6	  2.9812655
5.7	  2.2861261
5.8	  1.7375867
5.9	  1.3159963
6.0	  1.0081227
6.1	  0.7350976
6.2	  0.48761955
6.3	  0.37219965
6.4	  0.28114766
6.5	  0.21459453
6.6	  0.17227827
6.7	  0.14122887
6.8	  0.11188261
6.9	  0.0869907
7.0	  0.070614435
7.1	  0.0597406
7.2	  0.046770602
7.3	  0.03471767
7.4	  0.03026333
7.5	  0.023319796
7.6	  0.013756059
7.7	  0.004454343
7.8	  0.003013232
7.9	  0.0017031311
8.0	  2.6202018E-4
8.1	  1.3101009E-4
8.2	  0.0
8.3	  0.0
8.4	  0.0
8.5	  0.0
8.6	  0.0
8.7	  0.0
8.8	  0.0
8.9	  0.0
9.0	  0.0



DATASET #2

     Name: 2.5%,97.5%
   Points: 66
     Info: 

Data[x,y]:
2.5	  2951.0
2.6	  2339.0
2.7	  1849.0
2.8	  1465.0
2.9	  1160.0
3.0	  917.0
3.1	  722.0
3.2	  570.0
3.3	  448.0
3.4	  353.0
3.5	  277.0
3.6	  217.0
3.7	  170.0
3.8	  134.0
3.9	  104.0
4.0	  80.0
4.1	  62.0
4.2	  48.0
4.3	  36.0
4.4	  28.0
4.5	  21.0
4.6	  15.0
4.7	  11.0
4.8	  8.0
4.9	  6.0
5.0	  4.0
5.1	  3.0
5.2	  2.0
5.3	  1.0
5.4	  0.0
5.5	  0.0
5.6	  0.0
5.7	  0.0
5.8	  0.0
5.9	  0.0
6.0	  0.0
6.1	  0.0
6.2	  0.0
6.3	  0.0
6.4	  0.0
6.5	  0.0
6.6	  0.0
6.7	  0.0
6.8	  0.0
6.9	  0.0
7.0	  0.0
7.1	  0.0
7.2	  0.0
7.3	  0.0
7.4	  0.0
7.5	  0.0
7.6	  0.0
7.7	  0.0
7.8	  0.0
7.9	  0.0
8.0	  0.0
8.1	  0.0
8.2	  0.0
8.3	  0.0
8.4	  0.0
8.5	  0.0
8.6	  0.0
8.7	  0.0
8.8	  0.0
8.9	  0.0
9.0	  0.0



DATASET #3

     Name: null
   Points: 66
     Info: 

Data[x,y]:
2.5	  11658.0
2.6	  9242.0
2.7	  7337.0
2.8	  5803.0
2.9	  4626.0
3.0	  3661.0
3.1	  2923.0
3.2	  2312.0
3.3	  1838.0
3.4	  1453.0
3.5	  1144.0
3.6	  914.0
3.7	  727.0
3.8	  577.0
3.9	  460.0
4.0	  368.0
4.1	  292.0
4.2	  229.0
4.3	  181.0
4.4	  144.0
4.5	  114.0
4.6	  91.0
4.7	  71.0
4.8	  57.0
4.9	  45.0
5.0	  36.0
5.1	  28.0
5.2	  23.0
5.3	  19.0
5.4	  15.0
5.5	  12.0
5.6	  10.0
5.7	  8.0
5.8	  6.0
5.9	  5.0
6.0	  4.0
6.1	  3.0
6.2	  3.0
6.3	  2.0
6.4	  2.0
6.5	  2.0
6.6	  1.0
6.7	  1.0
6.8	  1.0
6.9	  1.0
7.0	  1.0
7.1	  1.0
7.2	  1.0
7.3	  1.0
7.4	  1.0
7.5	  0.0
7.6	  0.0
7.7	  0.0
7.8	  0.0
7.9	  0.0
8.0	  0.0
8.1	  0.0
8.2	  0.0
8.3	  0.0
8.4	  0.0
8.5	  0.0
8.6	  0.0
8.7	  0.0
8.8	  0.0
8.9	  0.0
9.0	  0.0



DATASET #4

     Name: Median
   Points: 66
     Info: 

Data[x,y]:
2.5	  3602.0
2.6	  2866.0
2.7	  2274.0
2.8	  1808.0
2.9	  1437.0
3.0	  1142.0
3.1	  907.0
3.2	  721.0
3.3	  573.0
3.4	  457.0
3.5	  363.0
3.6	  288.0
3.7	  229.0
3.8	  181.0
3.9	  145.0
4.0	  115.0
4.1	  92.0
4.2	  73.0
4.3	  58.0
4.4	  46.0
4.5	  37.0
4.6	  29.0
4.7	  23.0
4.8	  18.0
4.9	  14.0
5.0	  11.0
5.1	  9.0
5.2	  7.0
5.3	  5.0
5.4	  4.0
5.5	  3.0
5.6	  2.0
5.7	  2.0
5.8	  1.0
5.9	  1.0
6.0	  1.0
6.1	  0.0
6.2	  0.0
6.3	  0.0
6.4	  0.0
6.5	  0.0
6.6	  0.0
6.7	  0.0
6.8	  0.0
6.9	  0.0
7.0	  0.0
7.1	  0.0
7.2	  0.0
7.3	  0.0
7.4	  0.0
7.5	  0.0
7.6	  0.0
7.7	  0.0
7.8	  0.0
7.9	  0.0
8.0	  0.0
8.1	  0.0
8.2	  0.0
8.3	  0.0
8.4	  0.0
8.5	  0.0
8.6	  0.0
8.7	  0.0
8.8	  0.0
8.9	  0.0
9.0	  0.0



DATASET #5

     Name: Mode
   Points: 66
     Info: 

Data[x,y]:
2.5	  3406.0
2.6	  2808.0
2.7	  2044.0
2.8	  1592.0
2.9	  1311.0
3.0	  1051.0
3.1	  815.0
3.2	  665.0
3.3	  527.0
3.4	  416.0
3.5	  333.0
3.6	  283.0
3.7	  209.0
3.8	  176.0
3.9	  136.0
4.0	  106.0
4.1	  86.0
4.2	  74.0
4.3	  52.0
4.4	  41.0
4.5	  33.0
4.6	  26.0
4.7	  22.0
4.8	  16.0
4.9	  13.0
5.0	  9.0
5.1	  8.0
5.2	  6.0
5.3	  4.0
5.4	  3.0
5.5	  2.0
5.6	  2.0
5.7	  1.0
5.8	  1.0
5.9	  0.0
6.0	  0.0
6.1	  0.0
6.2	  0.0
6.3	  0.0
6.4	  0.0
6.5	  0.0
6.6	  0.0
6.7	  0.0
6.8	  0.0
6.9	  0.0
7.0	  0.0
7.1	  0.0
7.2	  0.0
7.3	  0.0
7.4	  0.0
7.5	  0.0
7.6	  0.0
7.7	  0.0
7.8	  0.0
7.9	  0.0
8.0	  0.0
8.1	  0.0
8.2	  0.0
8.3	  0.0
8.4	  0.0
8.5	  0.0
8.6	  0.0
8.7	  0.0
8.8	  0.0
8.9	  0.0
9.0	  0.0



DATASET #6

     Name: 1 yr Prob
   Points: 66
     Info: 

Data[x,y]:
2.5	  1.0
2.6	  1.0
2.7	  1.0
2.8	  1.0
2.9	  1.0
3.0	  1.0
3.1	  1.0
3.2	  1.0
3.3	  1.0
3.4	  1.0
3.5	  1.0
3.6	  1.0
3.7	  1.0
3.8	  1.0
3.9	  1.0
4.0	  1.0
4.1	  1.0
4.2	  1.0
4.3	  1.0
4.4	  1.0
4.5	  1.0
4.6	  1.0
4.7	  1.0
4.8	  1.0
4.9	  1.0
5.0	  1.0
5.1	  0.9989519
5.2	  0.9963317
5.3	  0.98807806
5.4	  0.9728809
5.5	  0.9403904
5.6	  0.8883794
5.7	  0.82392246
5.8	  0.7420411
5.9	  0.6532163
6.0	  0.56164026
6.1	  0.4623346
6.2	  0.3415433
6.3	  0.27892047
6.4	  0.21538058
6.5	  0.17175423
6.6	  0.14568321
6.7	  0.12197039
6.8	  0.10087777
6.9	  0.08122625
7.0	  0.06707717
7.1	  0.05777545
7.2	  0.04532949
7.3	  0.03366959
7.4	  0.02947727
7.5	  0.022795755
7.6	  0.013625049
7.7	  0.004454343
7.8	  0.003013232
7.9	  0.0017031311
8.0	  2.6202018E-4
8.1	  1.3101009E-4
8.2	  0.0
8.3	  0.0
8.4	  0.0
8.5	  0.0
8.6	  0.0
8.7	  0.0
8.8	  0.0
8.9	  0.0
9.0	  0.0



DATASET #7

Name: 95% Conf
Num Points: 66
Info: 

X, Y Data:
2.5	1.0	[1.0	1.0]
2.6	1.0	[1.0	1.0]
2.7	1.0	[1.0	1.0]
2.8	1.0	[1.0	1.0]
2.9	1.0	[1.0	1.0]
3.0	1.0	[1.0	1.0]
3.1	1.0	[1.0	1.0]
3.2	1.0	[1.0	1.0]
3.3	1.0	[1.0	1.0]
3.4	1.0	[1.0	1.0]
3.5	1.0	[1.0	1.0]
3.6	1.0	[1.0	1.0]
3.7	1.0	[1.0	1.0]
3.8	1.0	[1.0	1.0]
3.9	1.0	[1.0	1.0]
4.0	1.0	[1.0	1.0]
4.1	1.0	[1.0	1.0]
4.2	1.0	[1.0	1.0]
4.3	1.0	[1.0	1.0]
4.4	1.0	[1.0	1.0]
4.5	1.0	[1.0	1.0]
4.6	1.0	[1.0	1.0]
4.7	1.0	[1.0	1.0]
4.8	1.0	[1.0	1.0]
4.9	1.0	[1.0	1.0]
5.0	1.0	[1.0	1.0]
5.1	0.9989519	[0.9978464	0.9995126]
5.2	0.9963317	[0.99462605	0.9975143]
5.3	0.98807806	[0.9853139	0.9903381]
5.4	0.9728809	[0.9689225	0.9763551]
5.5	0.9403904	[0.93478584	0.94554645]
5.6	0.8883794	[0.88105136	0.8953131]
5.7	0.82392246	[0.81514853	0.83236796]
5.8	0.7420411	[0.73203963	0.7517975]
5.9	0.6532163	[0.6423983	0.6638792]
6.0	0.56164026	[0.55041486	0.57280326]
6.1	0.4623346	[0.4511058	0.4736015]
6.2	0.3415433	[0.33092156	0.35232544]
6.3	0.27892047	[0.26890787	0.28915694]
6.4	0.21538058	[0.20623817	0.22481138]
6.5	0.17175423	[0.16339427	0.18044697]
6.6	0.14568321	[0.13788295	0.1538429]
6.7	0.12197039	[0.11475457	0.12956993]
6.8	0.10087777	[0.094257325	0.107903644]
6.9	0.08122625	[0.07524302	0.08763531]
7.0	0.06707717	[0.06161718	0.072977774]
7.1	0.05777545	[0.05269752	0.06330385]
7.2	0.04532949	[0.040824644	0.05029818]
7.3	0.03366959	[0.029790116	0.03802581]
7.4	0.02947727	[0.02585164	0.03358443]
7.5	0.022795755	[0.019618938	0.02646204]
7.6	0.013625049	[0.011198801	0.016552892]
7.7	0.004454343	[0.0031347496	0.0062940475]
7.8	0.003013232	[0.0019564088	0.004596156]
7.9	0.0017031311	[9.474257E-4	0.002994419]
8.0	2.6202018E-4	[4.5384517E-5	0.0010562469]
8.1	1.3101009E-4	[6.83858E-6	8.504832E-4]
8.2	0.0	[0.0	6.271408E-4]
8.3	0.0	[0.0	6.271408E-4]
8.4	0.0	[0.0	0.0]
8.5	0.0	[0.0	0.0]
8.6	0.0	[0.0	0.0]
8.7	0.0	[0.0	0.0]
8.8	0.0	[0.0	0.0]
8.9	0.0	[0.0	0.0]
9.0	0.0	[0.0	0.0]



DATASET #8

     Name: Supra
   Points: 66
     Info: 

Data[x,y]:
2.5	  0.26712957
2.6	  0.26712957
2.7	  0.26712957
2.8	  0.26712957
2.9	  0.26712957
3.0	  0.26712957
3.1	  0.26712957
3.2	  0.26712957
3.3	  0.26712957
3.4	  0.26712957
3.5	  0.26712957
3.6	  0.26712957
3.7	  0.26712957
3.8	  0.26712957
3.9	  0.26712957
4.0	  0.26712957
4.1	  0.26712957
4.2	  0.26712957
4.3	  0.26712957
4.4	  0.26712957
4.5	  0.26712957
4.6	  0.26712957
4.7	  0.26712957
4.8	  0.26712957
4.9	  0.26712957
5.0	  0.26712957
5.1	  0.26712957
5.2	  0.26712957
5.3	  0.26712957
5.4	  0.26712957
5.5	  0.26712957
5.6	  0.26712957
5.7	  0.26712957
5.8	  0.26712957
5.9	  0.26673654
6.0	  0.26660553
6.1	  0.23044674
6.2	  0.17804271
6.3	  0.15655705
6.4	  0.13179615
6.5	  0.11568191
6.6	  0.10703524
6.7	  0.09419625
6.8	  0.081488274
6.9	  0.068649285
7.0	  0.0597406
7.1	  0.053452116
7.2	  0.04297131
7.3	  0.031966463
7.4	  0.028822219
7.5	  0.022664744
7.6	  0.013625049
7.7	  0.004454343
7.8	  0.003013232
7.9	  0.0017031311
8.0	  2.6202018E-4
8.1	  1.3101009E-4
8.2	  0.0
8.3	  0.0
8.4	  0.0
8.5	  0.0
8.6	  0.0
8.7	  0.0
8.8	  0.0
8.9	  0.0
9.0	  0.0



DATASET #9

     Name: Primary
   Points: 66
     Info: 

Data[x,y]:
2.5	  2084.768
2.6	  1656.0632
2.7	  1315.3097
2.8	  1044.7849
2.9	  829.7676
3.0	  659.0038
3.1	  523.43677
3.2	  415.8234
3.3	  330.24643
3.4	  262.34454
3.5	  208.21906
3.6	  165.3384
3.7	  131.2488
3.8	  104.1542
3.9	  82.67798
4.0	  65.64287
4.1	  52.118435
4.2	  41.36421
4.3	  32.84986
4.4	  26.067207
4.5	  20.684004
4.6	  16.429844
4.7	  13.003407
4.8	  10.293986
4.9	  8.150269
5.0	  6.443338
5.1	  5.094065
5.2	  4.012053
5.3	  3.1463382
5.4	  2.4601073
5.5	  1.9274204
5.6	  1.4910258
5.7	  1.1458142
5.8	  0.8765885
5.9	  0.6663173
6.0	  0.5055679
6.1	  0.37481987
6.2	  0.25088432
6.3	  0.19258483
6.4	  0.13965675
6.5	  0.10690423
6.6	  0.09065898
6.7	  0.07428272
6.8	  0.06026464
6.9	  0.04690161
7.0	  0.038516965
7.1	  0.03262151
7.2	  0.024629897
7.3	  0.018472422
7.4	  0.01585222
7.5	  0.012183938
7.6	  0.007467575
7.7	  0.0024891917
7.8	  0.0017031311
7.9	  0.0010480807
8.0	  1.3101009E-4
8.1	  1.3101009E-4
8.2	  0.0
8.3	  0.0
8.4	  0.0
8.5	  0.0
8.6	  0.0
8.7	  0.0
8.8	  0.0
8.9	  0.0
9.0	  0.0


