
X-Axis: Magnitude
Y-Axis: 1 Day Cumulative Number
Number of Data Sets: 9


DATASET #1

     Name: Mean
   Points: 66
     Info: 

Data[x,y]:
2.5	  1632.1119
2.6	  1296.404
2.7	  1029.8069
2.8	  818.05493
2.9	  649.71625
3.0	  516.1016
3.1	  409.97263
3.2	  325.63153
3.3	  258.62598
3.4	  205.4453
3.5	  163.16237
3.6	  129.57158
3.7	  102.87124
3.8	  81.704124
3.9	  64.85699
4.0	  51.480877
4.1	  40.860897
4.2	  32.43153
4.3	  25.733208
4.4	  20.39694
4.5	  16.178589
4.6	  12.813509
4.7	  10.146226
4.8	  8.032238
4.9	  6.3469653
5.0	  5.00952
5.1	  3.9517484
5.2	  3.105981
5.3	  2.4395385
5.4	  1.9082044
5.5	  1.4852262
5.6	  1.154884
5.7	  0.88996303
5.8	  0.6782742
5.9	  0.50495964
6.0	  0.3835533
6.1	  0.27940065
6.2	  0.18106927
6.3	  0.13657953
6.4	  0.10352219
6.5	  0.08095158
6.6	  0.068405345
6.7	  0.055417787
6.8	  0.045309346
6.9	  0.0356002
7.0	  0.027971586
7.1	  0.022885844
7.2	  0.017568931
7.3	  0.01191577
7.4	  0.010528749
7.5	  0.008322125
7.6	  0.004665434
7.7	  0.0016392064
7.8	  9.036651E-4
7.9	  5.674176E-4
8.0	  1.891392E-4
8.1	  4.2030933E-5
8.2	  0.0
8.3	  0.0
8.4	  0.0
8.5	  0.0
8.6	  0.0
8.7	  0.0
8.8	  0.0
8.9	  0.0
9.0	  0.0



DATASET #2

     Name: 2.5%,97.5%
   Points: 66
     Info: 

Data[x,y]:
2.5	  139.0
2.6	  111.0
2.7	  87.0
2.8	  69.0
2.9	  55.0
3.0	  43.0
3.1	  34.0
3.2	  27.0
3.3	  21.0
3.4	  17.0
3.5	  13.0
3.6	  10.0
3.7	  8.0
3.8	  6.0
3.9	  5.0
4.0	  4.0
4.1	  3.0
4.2	  2.0
4.3	  1.0
4.4	  1.0
4.5	  0.0
4.6	  0.0
4.7	  0.0
4.8	  0.0
4.9	  0.0
5.0	  0.0
5.1	  0.0
5.2	  0.0
5.3	  0.0
5.4	  0.0
5.5	  0.0
5.6	  0.0
5.7	  0.0
5.8	  0.0
5.9	  0.0
6.0	  0.0
6.1	  0.0
6.2	  0.0
6.3	  0.0
6.4	  0.0
6.5	  0.0
6.6	  0.0
6.7	  0.0
6.8	  0.0
6.9	  0.0
7.0	  0.0
7.1	  0.0
7.2	  0.0
7.3	  0.0
7.4	  0.0
7.5	  0.0
7.6	  0.0
7.7	  0.0
7.8	  0.0
7.9	  0.0
8.0	  0.0
8.1	  0.0
8.2	  0.0
8.3	  0.0
8.4	  0.0
8.5	  0.0
8.6	  0.0
8.7	  0.0
8.8	  0.0
8.9	  0.0
9.0	  0.0



DATASET #3

     Name: null
   Points: 66
     Info: 

Data[x,y]:
2.5	  6840.0
2.6	  5437.0
2.7	  4319.0
2.8	  3435.0
2.9	  2732.0
3.0	  2183.0
3.1	  1728.0
3.2	  1374.0
3.3	  1090.0
3.4	  869.0
3.5	  694.0
3.6	  552.0
3.7	  439.0
3.8	  352.0
3.9	  283.0
4.0	  225.0
4.1	  179.0
4.2	  143.0
4.3	  115.0
4.4	  92.0
4.5	  73.0
4.6	  58.0
4.7	  47.0
4.8	  37.0
4.9	  30.0
5.0	  23.0
5.1	  19.0
5.2	  15.0
5.3	  12.0
5.4	  9.0
5.5	  8.0
5.6	  6.0
5.7	  5.0
5.8	  4.0
5.9	  3.0
6.0	  3.0
6.1	  2.0
6.2	  2.0
6.3	  1.0
6.4	  1.0
6.5	  1.0
6.6	  1.0
6.7	  1.0
6.8	  1.0
6.9	  1.0
7.0	  1.0
7.1	  0.0
7.2	  0.0
7.3	  0.0
7.4	  0.0
7.5	  0.0
7.6	  0.0
7.7	  0.0
7.8	  0.0
7.9	  0.0
8.0	  0.0
8.1	  0.0
8.2	  0.0
8.3	  0.0
8.4	  0.0
8.5	  0.0
8.6	  0.0
8.7	  0.0
8.8	  0.0
8.9	  0.0
9.0	  0.0



DATASET #4

     Name: Median
   Points: 66
     Info: 

Data[x,y]:
2.5	  935.0
2.6	  742.0
2.7	  590.0
2.8	  469.0
2.9	  373.0
3.0	  297.0
3.1	  236.0
3.2	  188.0
3.3	  149.0
3.4	  119.0
3.5	  95.0
3.6	  75.0
3.7	  60.0
3.8	  48.0
3.9	  38.0
4.0	  30.0
4.1	  24.0
4.2	  19.0
4.3	  15.0
4.4	  12.0
4.5	  10.0
4.6	  8.0
4.7	  6.0
4.8	  5.0
4.9	  4.0
5.0	  3.0
5.1	  2.0
5.2	  2.0
5.3	  1.0
5.4	  1.0
5.5	  1.0
5.6	  1.0
5.7	  0.0
5.8	  0.0
5.9	  0.0
6.0	  0.0
6.1	  0.0
6.2	  0.0
6.3	  0.0
6.4	  0.0
6.5	  0.0
6.6	  0.0
6.7	  0.0
6.8	  0.0
6.9	  0.0
7.0	  0.0
7.1	  0.0
7.2	  0.0
7.3	  0.0
7.4	  0.0
7.5	  0.0
7.6	  0.0
7.7	  0.0
7.8	  0.0
7.9	  0.0
8.0	  0.0
8.1	  0.0
8.2	  0.0
8.3	  0.0
8.4	  0.0
8.5	  0.0
8.6	  0.0
8.7	  0.0
8.8	  0.0
8.9	  0.0
9.0	  0.0



DATASET #5

     Name: Mode
   Points: 66
     Info: 

Data[x,y]:
2.5	  283.0
2.6	  230.0
2.7	  183.0
2.8	  144.0
2.9	  237.0
3.0	  108.0
3.1	  73.0
3.2	  68.0
3.3	  46.0
3.4	  41.0
3.5	  32.0
3.6	  27.0
3.7	  23.0
3.8	  17.0
3.9	  13.0
4.0	  9.0
4.1	  8.0
4.2	  6.0
4.3	  5.0
4.4	  4.0
4.5	  3.0
4.6	  2.0
4.7	  2.0
4.8	  1.0
4.9	  1.0
5.0	  1.0
5.1	  0.0
5.2	  0.0
5.3	  0.0
5.4	  0.0
5.5	  0.0
5.6	  0.0
5.7	  0.0
5.8	  0.0
5.9	  0.0
6.0	  0.0
6.1	  0.0
6.2	  0.0
6.3	  0.0
6.4	  0.0
6.5	  0.0
6.6	  0.0
6.7	  0.0
6.8	  0.0
6.9	  0.0
7.0	  0.0
7.1	  0.0
7.2	  0.0
7.3	  0.0
7.4	  0.0
7.5	  0.0
7.6	  0.0
7.7	  0.0
7.8	  0.0
7.9	  0.0
8.0	  0.0
8.1	  0.0
8.2	  0.0
8.3	  0.0
8.4	  0.0
8.5	  0.0
8.6	  0.0
8.7	  0.0
8.8	  0.0
8.9	  0.0
9.0	  0.0



DATASET #6

     Name: 1 d Prob
   Points: 66
     Info: 

Data[x,y]:
2.5	  1.0
2.6	  1.0
2.7	  1.0
2.8	  1.0
2.9	  1.0
3.0	  1.0
3.1	  1.0
3.2	  1.0
3.3	  1.0
3.4	  1.0
3.5	  1.0
3.6	  0.99997896
3.7	  0.99993694
3.8	  0.99983186
3.9	  0.99953765
4.0	  0.99869704
4.1	  0.997247
4.2	  0.99480915
4.3	  0.9911735
4.4	  0.9840913
4.5	  0.974172
4.6	  0.96055394
4.7	  0.94151396
4.8	  0.9160642
4.9	  0.8851505
5.0	  0.84791106
5.1	  0.80281186
5.2	  0.75376177
5.3	  0.69865924
5.4	  0.6384499
5.5	  0.5764963
5.6	  0.51147443
5.7	  0.44725117
5.8	  0.38134667
5.9	  0.31685022
6.0	  0.26120123
6.1	  0.20618275
6.2	  0.14536399
6.3	  0.11487055
6.4	  0.089294724
6.5	  0.071326494
6.6	  0.062058676
6.7	  0.05123571
6.8	  0.042640384
6.9	  0.034318257
7.0	  0.027236046
7.1	  0.022423504
7.2	  0.017253699
7.3	  0.011747646
7.4	  0.010402656
7.5	  0.008238063
7.6	  0.004644418
7.7	  0.0016392064
7.8	  9.036651E-4
7.9	  5.674176E-4
8.0	  1.891392E-4
8.1	  4.2030933E-5
8.2	  0.0
8.3	  0.0
8.4	  0.0
8.5	  0.0
8.6	  0.0
8.7	  0.0
8.8	  0.0
8.9	  0.0
9.0	  0.0



DATASET #7

Name: 95% Conf
Num Points: 66
Info: 

X, Y Data:
2.5	1.0	[1.0	1.0]
2.6	1.0	[1.0	1.0]
2.7	1.0	[1.0	1.0]
2.8	1.0	[1.0	1.0]
2.9	1.0	[1.0	1.0]
3.0	1.0	[1.0	1.0]
3.1	1.0	[1.0	1.0]
3.2	1.0	[1.0	1.0]
3.3	1.0	[1.0	1.0]
3.4	1.0	[1.0	1.0]
3.5	1.0	[1.0	1.0]
3.6	0.99997896	[0.9998635	0.9999989]
3.7	0.99993694	[0.99979913	0.9999837]
3.8	0.99983186	[0.99965435	0.9999218]
3.9	0.99953765	[0.99928737	0.999703]
4.0	0.99869704	[0.9983184	0.99899256]
4.1	0.997247	[0.99672294	0.99768895]
4.2	0.99480915	[0.9941112	0.995426]
4.3	0.9911735	[0.9902815	0.9919852]
4.4	0.9840913	[0.9829165	0.98518723]
4.5	0.974172	[0.9726972	0.97556967]
4.6	0.96055394	[0.95875674	0.9622764]
4.7	0.94151396	[0.93935895	0.9435973]
4.8	0.9160642	[0.9135284	0.9185326]
4.9	0.8851505	[0.8822439	0.88799465]
5.0	0.84791106	[0.84464574	0.85112]
5.1	0.80281186	[0.7992019	0.80637276]
5.2	0.75376177	[0.74985987	0.7576226]
5.3	0.69865924	[0.69451	0.70277625]
5.4	0.6384499	[0.63411146	0.64276594]
5.5	0.5764963	[0.5720401	0.5809401]
5.6	0.51147443	[0.5069718	0.51597524]
5.7	0.44725117	[0.4427776	0.4517333]
5.8	0.38134667	[0.37698168	0.38573086]
5.9	0.31685022	[0.31267434	0.3210557]
6.0	0.26120123	[0.2572631	0.26517805]
6.1	0.20618275	[0.20256104	0.20985204]
6.2	0.14536399	[0.14221522	0.1485702]
6.3	0.11487055	[0.11202613	0.11777737]
6.4	0.089294724	[0.08675511	0.091900915]
6.5	0.071326494	[0.069038086	0.07368444]
6.6	0.062058676	[0.059915714	0.06427269]
6.7	0.05123571	[0.04928034	0.053263918]
6.8	0.042640384	[0.040851302	0.044503734]
6.9	0.034318257	[0.032709513	0.03600267]
7.0	0.027236046	[0.02580102	0.028747948]
7.1	0.022423504	[0.02112104	0.023803683]
7.2	0.017253699	[0.016111907	0.018474132]
7.3	0.011747646	[0.010808086	0.012766891]
7.4	0.010402656	[0.009519661	0.011365609]
7.5	0.008238063	[0.0074546705	0.009101879]
7.6	0.004644418	[0.004062389	0.0053077964]
7.7	0.0016392064	[0.0013043984	0.0020567882]
7.8	9.036651E-4	[6.620439E-4	0.0012289686]
7.9	5.674176E-4	[3.8145535E-4	8.3790615E-4]
8.0	1.891392E-4	[9.2308495E-5	3.731912E-4]
8.1	4.2030933E-5	[7.2800053E-6	1.6951289E-4]
8.2	0.0	[0.0	1.00643294E-4]
8.3	0.0	[0.0	1.00643294E-4]
8.4	0.0	[0.0	0.0]
8.5	0.0	[0.0	0.0]
8.6	0.0	[0.0	0.0]
8.7	0.0	[0.0	0.0]
8.8	0.0	[0.0	0.0]
8.9	0.0	[0.0	0.0]
9.0	0.0	[0.0	0.0]



DATASET #8

     Name: Supra
   Points: 66
     Info: 

Data[x,y]:
2.5	  0.11138198
2.6	  0.11138198
2.7	  0.11138198
2.8	  0.11138198
2.9	  0.11138198
3.0	  0.11138198
3.1	  0.11138198
3.2	  0.11138198
3.3	  0.11138198
3.4	  0.11138198
3.5	  0.11138198
3.6	  0.11138198
3.7	  0.11138198
3.8	  0.11138198
3.9	  0.11138198
4.0	  0.11138198
4.1	  0.11138198
4.2	  0.11138198
4.3	  0.11138198
4.4	  0.11138198
4.5	  0.11138198
4.6	  0.11138198
4.7	  0.11138198
4.8	  0.11138198
4.9	  0.11138198
5.0	  0.11138198
5.1	  0.11138198
5.2	  0.11138198
5.3	  0.11138198
5.4	  0.11138198
5.5	  0.11138198
5.6	  0.11138198
5.7	  0.11138198
5.8	  0.11138198
5.9	  0.11131893
6.0	  0.1112769
6.1	  0.09767989
6.2	  0.07592888
6.3	  0.06540013
6.4	  0.05688887
6.5	  0.04974361
6.6	  0.04638114
6.7	  0.04047579
6.8	  0.03551614
6.9	  0.029526731
7.0	  0.024314895
7.1	  0.020973437
7.2	  0.01645511
7.3	  0.011474445
7.4	  0.010255548
7.5	  0.008175016
7.6	  0.004623403
7.7	  0.0016392064
7.8	  9.036651E-4
7.9	  5.674176E-4
8.0	  1.891392E-4
8.1	  4.2030933E-5
8.2	  0.0
8.3	  0.0
8.4	  0.0
8.5	  0.0
8.6	  0.0
8.7	  0.0
8.8	  0.0
8.9	  0.0
9.0	  0.0



DATASET #9

     Name: Primary
   Points: 66
     Info: 

Data[x,y]:
2.5	  1199.1044
2.6	  952.39343
2.7	  756.5894
2.8	  600.98883
2.9	  477.30673
3.0	  379.13904
3.1	  301.21982
3.2	  239.21843
3.3	  189.9818
3.4	  150.91911
3.5	  119.84592
3.6	  95.17855
3.7	  75.55674
3.8	  60.00908
3.9	  47.63614
4.0	  37.81193
4.1	  30.017275
4.2	  23.821915
4.3	  18.898558
4.4	  14.984995
4.5	  11.883616
4.6	  9.408436
4.7	  7.453346
4.8	  5.8997774
4.9	  4.65997
5.0	  3.6751218
5.1	  2.9010592
5.2	  2.278707
5.3	  1.789362
5.4	  1.3969401
5.5	  1.0874244
5.6	  0.8461037
5.7	  0.6516686
5.8	  0.49680564
5.9	  0.37079692
6.0	  0.2811029
6.1	  0.20595159
6.2	  0.13298588
6.3	  0.10116846
6.4	  0.07607599
6.5	  0.05972596
6.6	  0.05140383
6.7	  0.041988906
6.8	  0.034717552
6.9	  0.027614323
7.0	  0.02179304
7.1	  0.017652992
7.2	  0.013533961
7.3	  0.009183759
7.4	  0.007985878
7.5	  0.0063256556
7.6	  0.0035726295
7.7	  0.001260928
7.8	  7.565568E-4
7.9	  4.8335575E-4
8.0	  1.05077335E-4
8.1	  2.1015467E-5
8.2	  0.0
8.3	  0.0
8.4	  0.0
8.5	  0.0
8.6	  0.0
8.7	  0.0
8.8	  0.0
8.9	  0.0
9.0	  0.0


