
X-Axis: Magnitude
Y-Axis: 1 Week Cumulative Number
Number of Data Sets: 9


DATASET #1

     Name: Mean
   Points: 66
     Info: 

Data[x,y]:
2.5	  2494.9927
2.6	  1981.8254
2.7	  1574.2603
2.8	  1250.4221
2.9	  993.17303
3.0	  788.82196
3.1	  626.51904
3.2	  497.65213
3.3	  395.23117
3.4	  313.91064
3.5	  249.30731
3.6	  197.98717
3.7	  157.22118
3.8	  124.86015
3.9	  99.12185
4.0	  78.68376
4.1	  62.4452
4.2	  49.57236
4.3	  39.33356
4.4	  31.19051
4.5	  24.72695
4.6	  19.58735
4.7	  15.51177
4.8	  12.27251
4.9	  9.69967
5.0	  7.65282
5.1	  6.04057
5.2	  4.75158
5.3	  3.73424
5.4	  2.92056
5.5	  2.27038
5.6	  1.76078
5.7	  1.35509
5.8	  1.0287
5.9	  0.769
6.0	  0.5848
6.1	  0.42448
6.2	  0.27813
6.3	  0.20964
6.4	  0.15788
6.5	  0.12164
6.6	  0.1012
6.7	  0.08187
6.8	  0.06646
6.9	  0.05166
7.0	  0.04028
7.1	  0.03338
7.2	  0.02525
7.3	  0.01755
7.4	  0.01523
7.5	  0.01179
7.6	  0.00643
7.7	  0.00208
7.8	  0.00127
7.9	  7.0E-4
8.0	  1.6E-4
8.1	  3.0E-5
8.2	  1.0E-5
8.3	  0.0
8.4	  0.0
8.5	  0.0
8.6	  0.0
8.7	  0.0
8.8	  0.0
8.9	  0.0
9.0	  0.0



DATASET #2

     Name: 2.5%,97.5%
   Points: 66
     Info: 

Data[x,y]:
2.5	  262.0
2.6	  210.0
2.7	  167.0
2.8	  133.0
2.9	  107.0
3.0	  85.0
3.1	  68.0
3.2	  54.0
3.3	  43.0
3.4	  34.0
3.5	  27.0
3.6	  21.0
3.7	  16.0
3.8	  13.0
3.9	  10.0
4.0	  7.0
4.1	  6.0
4.2	  4.0
4.3	  3.0
4.4	  2.0
4.5	  2.0
4.6	  1.0
4.7	  1.0
4.8	  0.0
4.9	  0.0
5.0	  0.0
5.1	  0.0
5.2	  0.0
5.3	  0.0
5.4	  0.0
5.5	  0.0
5.6	  0.0
5.7	  0.0
5.8	  0.0
5.9	  0.0
6.0	  0.0
6.1	  0.0
6.2	  0.0
6.3	  0.0
6.4	  0.0
6.5	  0.0
6.6	  0.0
6.7	  0.0
6.8	  0.0
6.9	  0.0
7.0	  0.0
7.1	  0.0
7.2	  0.0
7.3	  0.0
7.4	  0.0
7.5	  0.0
7.6	  0.0
7.7	  0.0
7.8	  0.0
7.9	  0.0
8.0	  0.0
8.1	  0.0
8.2	  0.0
8.3	  0.0
8.4	  0.0
8.5	  0.0
8.6	  0.0
8.7	  0.0
8.8	  0.0
8.9	  0.0
9.0	  0.0



DATASET #3

     Name: null
   Points: 66
     Info: 

Data[x,y]:
2.5	  11013.0
2.6	  8756.0
2.7	  6962.0
2.8	  5531.0
2.9	  4388.0
3.0	  3489.0
3.1	  2771.0
3.2	  2201.0
3.3	  1749.0
3.4	  1389.0
3.5	  1106.0
3.6	  880.0
3.7	  700.0
3.8	  558.0
3.9	  445.0
4.0	  355.0
4.1	  281.0
4.2	  225.0
4.3	  179.0
4.4	  142.0
4.5	  113.0
4.6	  90.0
4.7	  71.0
4.8	  56.0
4.9	  45.0
5.0	  35.0
5.1	  28.0
5.2	  22.0
5.3	  18.0
5.4	  14.0
5.5	  11.0
5.6	  9.0
5.7	  7.0
5.8	  6.0
5.9	  4.0
6.0	  4.0
6.1	  3.0
6.2	  2.0
6.3	  2.0
6.4	  1.0
6.5	  1.0
6.6	  1.0
6.7	  1.0
6.8	  1.0
6.9	  1.0
7.0	  1.0
7.1	  1.0
7.2	  0.0
7.3	  0.0
7.4	  0.0
7.5	  0.0
7.6	  0.0
7.7	  0.0
7.8	  0.0
7.9	  0.0
8.0	  0.0
8.1	  0.0
8.2	  0.0
8.3	  0.0
8.4	  0.0
8.5	  0.0
8.6	  0.0
8.7	  0.0
8.8	  0.0
8.9	  0.0
9.0	  0.0



DATASET #4

     Name: Median
   Points: 66
     Info: 

Data[x,y]:
2.5	  1450.0
2.6	  1152.0
2.7	  916.0
2.8	  728.0
2.9	  578.0
3.0	  459.0
3.1	  365.0
3.2	  290.0
3.3	  231.0
3.4	  184.0
3.5	  146.0
3.6	  116.0
3.7	  92.0
3.8	  73.0
3.9	  58.0
4.0	  46.0
4.1	  37.0
4.2	  29.0
4.3	  23.0
4.4	  19.0
4.5	  15.0
4.6	  12.0
4.7	  9.0
4.8	  7.0
4.9	  6.0
5.0	  5.0
5.1	  4.0
5.2	  3.0
5.3	  2.0
5.4	  2.0
5.5	  1.0
5.6	  1.0
5.7	  1.0
5.8	  0.0
5.9	  0.0
6.0	  0.0
6.1	  0.0
6.2	  0.0
6.3	  0.0
6.4	  0.0
6.5	  0.0
6.6	  0.0
6.7	  0.0
6.8	  0.0
6.9	  0.0
7.0	  0.0
7.1	  0.0
7.2	  0.0
7.3	  0.0
7.4	  0.0
7.5	  0.0
7.6	  0.0
7.7	  0.0
7.8	  0.0
7.9	  0.0
8.0	  0.0
8.1	  0.0
8.2	  0.0
8.3	  0.0
8.4	  0.0
8.5	  0.0
8.6	  0.0
8.7	  0.0
8.8	  0.0
8.9	  0.0
9.0	  0.0



DATASET #5

     Name: Mode
   Points: 66
     Info: 

Data[x,y]:
2.5	  562.0
2.6	  426.0
2.7	  336.0
2.8	  273.0
2.9	  221.0
3.0	  182.0
3.1	  144.0
3.2	  112.0
3.3	  85.0
3.4	  66.0
3.5	  56.0
3.6	  40.0
3.7	  29.0
3.8	  24.0
3.9	  22.0
4.0	  20.0
4.1	  16.0
4.2	  10.0
4.3	  10.0
4.4	  7.0
4.5	  6.0
4.6	  5.0
4.7	  4.0
4.8	  2.0
4.9	  2.0
5.0	  1.0
5.1	  1.0
5.2	  1.0
5.3	  0.0
5.4	  0.0
5.5	  0.0
5.6	  0.0
5.7	  0.0
5.8	  0.0
5.9	  0.0
6.0	  0.0
6.1	  0.0
6.2	  0.0
6.3	  0.0
6.4	  0.0
6.5	  0.0
6.6	  0.0
6.7	  0.0
6.8	  0.0
6.9	  0.0
7.0	  0.0
7.1	  0.0
7.2	  0.0
7.3	  0.0
7.4	  0.0
7.5	  0.0
7.6	  0.0
7.7	  0.0
7.8	  0.0
7.9	  0.0
8.0	  0.0
8.1	  0.0
8.2	  0.0
8.3	  0.0
8.4	  0.0
8.5	  0.0
8.6	  0.0
8.7	  0.0
8.8	  0.0
8.9	  0.0
9.0	  0.0



DATASET #6

     Name: 1 wk Prob
   Points: 66
     Info: 

Data[x,y]:
2.5	  1.0
2.6	  1.0
2.7	  1.0
2.8	  1.0
2.9	  1.0
3.0	  1.0
3.1	  1.0
3.2	  1.0
3.3	  1.0
3.4	  1.0
3.5	  1.0
3.6	  1.0
3.7	  1.0
3.8	  1.0
3.9	  0.99997
4.0	  0.99995
4.1	  0.99973
4.2	  0.99937
4.3	  0.99827
4.4	  0.99616
4.5	  0.9924
4.6	  0.98698
4.7	  0.97723
4.8	  0.96298
4.9	  0.94362
5.0	  0.91733
5.1	  0.88379
5.2	  0.84309
5.3	  0.79598
5.4	  0.74227
5.5	  0.68342
5.6	  0.61839
5.7	  0.55064
5.8	  0.48082
5.9	  0.40843
6.0	  0.34466
6.1	  0.27932
6.2	  0.20417
6.3	  0.16374
6.4	  0.12821
6.5	  0.10225
6.6	  0.08847
6.7	  0.07323
6.8	  0.06093
6.9	  0.04881
7.0	  0.03864
7.1	  0.03236
7.2	  0.02469
7.3	  0.01727
7.4	  0.01505
7.5	  0.01168
7.6	  0.00638
7.7	  0.00208
7.8	  0.00127
7.9	  7.0E-4
8.0	  1.6E-4
8.1	  3.0E-5
8.2	  1.0E-5
8.3	  0.0
8.4	  0.0
8.5	  0.0
8.6	  0.0
8.7	  0.0
8.8	  0.0
8.9	  0.0
9.0	  0.0



DATASET #7

Name: 95% Conf
Num Points: 66
Info: 

X, Y Data:
2.5	1.0	[1.0	1.0]
2.6	1.0	[1.0	1.0]
2.7	1.0	[1.0	1.0]
2.8	1.0	[1.0	1.0]
2.9	1.0	[1.0	1.0]
3.0	1.0	[1.0	1.0]
3.1	1.0	[1.0	1.0]
3.2	1.0	[1.0	1.0]
3.3	1.0	[1.0	1.0]
3.4	1.0	[1.0	1.0]
3.5	1.0	[1.0	1.0]
3.6	1.0	[1.0	1.0]
3.7	1.0	[1.0	1.0]
3.8	1.0	[1.0	1.0]
3.9	0.99997	[0.9999044	0.99999225]
4.0	0.99995	[0.99987596	0.9999816]
4.1	0.99973	[0.99960124	0.9998185]
4.2	0.99937	[0.9991885	0.9995119]
4.3	0.99827	[0.9979872	0.99851376]
4.4	0.99616	[0.99575186	0.9965295]
4.5	0.9924	[0.9918373	0.9929245]
4.6	0.98698	[0.9862533	0.987669]
4.7	0.97723	[0.9762818	0.9781413]
4.8	0.96298	[0.96178675	0.9641375]
4.9	0.94362	[0.94216824	0.9450376]
5.0	0.91733	[0.915602	0.9190258]
5.1	0.88379	[0.88178384	0.88576657]
5.2	0.84309	[0.84081745	0.84533614]
5.3	0.79598	[0.7934659	0.79847133]
5.4	0.74227	[0.73954475	0.7449766]
5.5	0.68342	[0.680525	0.6863009]
5.6	0.61839	[0.6153696	0.6214013]
5.7	0.55064	[0.54755	0.5537261]
5.8	0.48082	[0.47771904	0.48392242]
5.9	0.40843	[0.40538195	0.41148508]
6.0	0.34466	[0.34171537	0.3476166]
6.1	0.27932	[0.27654266	0.2821143]
6.2	0.20417	[0.20167801	0.20668477]
6.3	0.16374	[0.16145442	0.16605146]
6.4	0.12821	[0.12614715	0.13030149]
6.5	0.10225	[0.100382425	0.10414822]
6.6	0.08847	[0.086720705	0.090251]
6.7	0.07323	[0.071626715	0.074866176]
6.8	0.06093	[0.05945927	0.06243458]
6.9	0.04881	[0.04748681	0.050167985]
7.0	0.03864	[0.037458103	0.03985749]
7.1	0.03236	[0.031276148	0.033479948]
7.2	0.02469	[0.023741392	0.025675315]
7.3	0.01727	[0.016476005	0.018101312]
7.4	0.01505	[0.014308912	0.015828593]
7.5	0.01168	[0.011027722	0.012370077]
7.6	0.00638	[0.0059003117	0.0068979966]
7.7	0.00208	[0.0018114429	0.0023874876]
7.8	0.00127	[0.0010630253	0.0015161562]
7.9	7.0E-4	[5.4971955E-4	8.8980334E-4]
8.0	1.6E-4	[9.4690186E-5	2.6609126E-4]
8.1	3.0E-5	[7.747817E-6	9.559829E-5]
8.2	1.0E-5	[5.219861E-7	6.4949265E-5]
8.3	0.0	[0.0	4.7892154E-5]
8.4	0.0	[0.0	0.0]
8.5	0.0	[0.0	0.0]
8.6	0.0	[0.0	0.0]
8.7	0.0	[0.0	0.0]
8.8	0.0	[0.0	0.0]
8.9	0.0	[0.0	0.0]
9.0	0.0	[0.0	0.0]



DATASET #8

     Name: Supra
   Points: 66
     Info: 

Data[x,y]:
2.5	  0.15565
2.6	  0.15565
2.7	  0.15565
2.8	  0.15565
2.9	  0.15565
3.0	  0.15565
3.1	  0.15565
3.2	  0.15565
3.3	  0.15565
3.4	  0.15565
3.5	  0.15565
3.6	  0.15565
3.7	  0.15565
3.8	  0.15565
3.9	  0.15565
4.0	  0.15565
4.1	  0.15565
4.2	  0.15565
4.3	  0.15565
4.4	  0.15565
4.5	  0.15565
4.6	  0.15565
4.7	  0.15565
4.8	  0.15565
4.9	  0.15565
5.0	  0.15565
5.1	  0.15565
5.2	  0.15565
5.3	  0.15565
5.4	  0.15565
5.5	  0.15565
5.6	  0.15565
5.7	  0.15565
5.8	  0.15565
5.9	  0.15559
6.0	  0.15552
6.1	  0.13671
6.2	  0.10736
6.3	  0.093
6.4	  0.08085
6.5	  0.07133
6.6	  0.06626
6.7	  0.05785
6.8	  0.05043
6.9	  0.04182
7.0	  0.03426
7.1	  0.02989
7.2	  0.02326
7.3	  0.01665
7.4	  0.01479
7.5	  0.0116
7.6	  0.00636
7.7	  0.00207
7.8	  0.00127
7.9	  7.0E-4
8.0	  1.6E-4
8.1	  3.0E-5
8.2	  1.0E-5
8.3	  0.0
8.4	  0.0
8.5	  0.0
8.6	  0.0
8.7	  0.0
8.8	  0.0
8.9	  0.0
9.0	  0.0



DATASET #9

     Name: Primary
   Points: 66
     Info: 

Data[x,y]:
2.5	  1614.8103
2.6	  1282.6746
2.7	  1018.9123
2.8	  809.30005
2.9	  642.79535
3.0	  510.51764
3.1	  405.5066
3.2	  322.07712
3.3	  255.79166
3.4	  203.15999
3.5	  161.33717
3.6	  128.12003
3.7	  101.749
3.8	  80.81105
3.9	  64.15415
4.0	  50.92207
4.1	  40.40928
4.2	  32.07645
4.3	  25.45211
4.4	  20.18559
4.5	  16.00024
4.6	  12.66818
4.7	  10.03386
4.8	  7.93724
4.9	  6.27421
5.0	  4.94997
5.1	  3.90802
5.2	  3.07299
5.3	  2.4136
5.4	  1.88417
5.5	  1.46548
5.6	  1.13636
5.7	  0.87515
5.8	  0.66441
5.9	  0.49758
6.0	  0.37648
6.1	  0.27585
6.2	  0.18137
6.3	  0.13826
6.4	  0.10334
6.5	  0.07977
6.6	  0.06798
6.7	  0.05545
6.8	  0.04559
6.9	  0.03592
7.0	  0.02818
7.1	  0.02323
7.2	  0.01736
7.3	  0.01196
7.4	  0.01042
7.5	  0.00806
7.6	  0.00445
7.7	  0.00148
7.8	  9.3E-4
7.9	  5.4E-4
8.0	  1.0E-4
8.1	  2.0E-5
8.2	  1.0E-5
8.3	  0.0
8.4	  0.0
8.5	  0.0
8.6	  0.0
8.7	  0.0
8.8	  0.0
8.9	  0.0
9.0	  0.0


