
X-Axis: Magnitude
Y-Axis: 10 Year Cumulative Number
Number of Data Sets: 9


DATASET #1

     Name: Mean
   Points: 66
     Info: 

Data[x,y]:
2.5	  2649.0508
2.6	  2104.1584
2.7	  1671.398
2.8	  1327.587
2.9	  1054.5426
3.0	  837.6355
3.1	  665.255
3.2	  528.36676
3.3	  419.61688
3.4	  333.27335
3.5	  264.65338
3.6	  210.16287
3.7	  166.93198
3.8	  132.57368
3.9	  105.26084
4.0	  83.57162
4.1	  66.30364
4.2	  52.60733
4.3	  41.7381
4.4	  33.09042
4.5	  26.23312
4.6	  20.78487
4.7	  16.45942
4.8	  13.02697
4.9	  10.29666
5.0	  8.13068
5.1	  6.4081
5.2	  5.0377
5.3	  3.94528
5.4	  3.08099
5.5	  2.39719
5.6	  1.84872
5.7	  1.41469
5.8	  1.06948
5.9	  0.79818
6.0	  0.60438
6.1	  0.42484
6.2	  0.29035
6.3	  0.2098
6.4	  0.15407
6.5	  0.11387
6.6	  0.08534
6.7	  0.06452
6.8	  0.04853
6.9	  0.03499
7.0	  0.0258
7.1	  0.02041
7.2	  0.01518
7.3	  0.01081
7.4	  0.00913
7.5	  0.00715
7.6	  0.00385
7.7	  0.00135
7.8	  7.9E-4
7.9	  4.3E-4
8.0	  1.4E-4
8.1	  3.0E-5
8.2	  0.0
8.3	  0.0
8.4	  0.0
8.5	  0.0
8.6	  0.0
8.7	  0.0
8.8	  0.0
8.9	  0.0
9.0	  0.0



DATASET #2

     Name: 2.5%,97.5%
   Points: 66
     Info: 

Data[x,y]:
2.5	  1779.0
2.6	  1408.0
2.7	  1114.0
2.8	  881.0
2.9	  696.0
3.0	  549.0
3.1	  432.0
3.2	  340.0
3.3	  267.0
3.4	  210.0
3.5	  164.0
3.6	  128.0
3.7	  100.0
3.8	  77.0
3.9	  60.0
4.0	  46.0
4.1	  35.0
4.2	  26.0
4.3	  20.0
4.4	  15.0
4.5	  11.0
4.6	  8.0
4.7	  5.0
4.8	  4.0
4.9	  2.0
5.0	  2.0
5.1	  1.0
5.2	  0.0
5.3	  0.0
5.4	  0.0
5.5	  0.0
5.6	  0.0
5.7	  0.0
5.8	  0.0
5.9	  0.0
6.0	  0.0
6.1	  0.0
6.2	  0.0
6.3	  0.0
6.4	  0.0
6.5	  0.0
6.6	  0.0
6.7	  0.0
6.8	  0.0
6.9	  0.0
7.0	  0.0
7.1	  0.0
7.2	  0.0
7.3	  0.0
7.4	  0.0
7.5	  0.0
7.6	  0.0
7.7	  0.0
7.8	  0.0
7.9	  0.0
8.0	  0.0
8.1	  0.0
8.2	  0.0
8.3	  0.0
8.4	  0.0
8.5	  0.0
8.6	  0.0
8.7	  0.0
8.8	  0.0
8.9	  0.0
9.0	  0.0



DATASET #3

     Name: null
   Points: 66
     Info: 

Data[x,y]:
2.5	  6042.0
2.6	  4807.0
2.7	  3820.0
2.8	  3040.0
2.9	  2415.0
3.0	  1920.0
3.1	  1526.0
3.2	  1213.0
3.3	  965.0
3.4	  766.0
3.5	  610.0
3.6	  485.0
3.7	  385.0
3.8	  308.0
3.9	  245.0
4.0	  195.0
4.1	  155.0
4.2	  124.0
4.3	  99.0
4.4	  79.0
4.5	  64.0
4.6	  51.0
4.7	  42.0
4.8	  34.0
4.9	  27.0
5.0	  22.0
5.1	  18.0
5.2	  15.0
5.3	  12.0
5.4	  10.0
5.5	  8.0
5.6	  7.0
5.7	  6.0
5.8	  5.0
5.9	  4.0
6.0	  3.0
6.1	  3.0
6.2	  2.0
6.3	  2.0
6.4	  1.0
6.5	  1.0
6.6	  1.0
6.7	  1.0
6.8	  1.0
6.9	  1.0
7.0	  0.0
7.1	  0.0
7.2	  0.0
7.3	  0.0
7.4	  0.0
7.5	  0.0
7.6	  0.0
7.7	  0.0
7.8	  0.0
7.9	  0.0
8.0	  0.0
8.1	  0.0
8.2	  0.0
8.3	  0.0
8.4	  0.0
8.5	  0.0
8.6	  0.0
8.7	  0.0
8.8	  0.0
8.9	  0.0
9.0	  0.0



DATASET #4

     Name: Median
   Points: 66
     Info: 

Data[x,y]:
2.5	  2256.0
2.6	  1793.0
2.7	  1424.0
2.8	  1132.0
2.9	  899.0
3.0	  715.0
3.1	  568.0
3.2	  452.0
3.3	  359.0
3.4	  286.0
3.5	  227.0
3.6	  181.0
3.7	  144.0
3.8	  114.0
3.9	  91.0
4.0	  72.0
4.1	  57.0
4.2	  45.0
4.3	  36.0
4.4	  29.0
4.5	  23.0
4.6	  18.0
4.7	  14.0
4.8	  11.0
4.9	  9.0
5.0	  7.0
5.1	  5.0
5.2	  4.0
5.3	  3.0
5.4	  2.0
5.5	  2.0
5.6	  1.0
5.7	  1.0
5.8	  1.0
5.9	  0.0
6.0	  0.0
6.1	  0.0
6.2	  0.0
6.3	  0.0
6.4	  0.0
6.5	  0.0
6.6	  0.0
6.7	  0.0
6.8	  0.0
6.9	  0.0
7.0	  0.0
7.1	  0.0
7.2	  0.0
7.3	  0.0
7.4	  0.0
7.5	  0.0
7.6	  0.0
7.7	  0.0
7.8	  0.0
7.9	  0.0
8.0	  0.0
8.1	  0.0
8.2	  0.0
8.3	  0.0
8.4	  0.0
8.5	  0.0
8.6	  0.0
8.7	  0.0
8.8	  0.0
8.9	  0.0
9.0	  0.0



DATASET #5

     Name: Mode
   Points: 66
     Info: 

Data[x,y]:
2.5	  2094.0
2.6	  1702.0
2.7	  1270.0
2.8	  985.0
2.9	  818.0
3.0	  651.0
3.1	  518.0
3.2	  401.0
3.3	  313.0
3.4	  263.0
3.5	  209.0
3.6	  161.0
3.7	  132.0
3.8	  101.0
3.9	  83.0
4.0	  66.0
4.1	  51.0
4.2	  42.0
4.3	  33.0
4.4	  25.0
4.5	  20.0
4.6	  16.0
4.7	  12.0
4.8	  10.0
4.9	  7.0
5.0	  6.0
5.1	  4.0
5.2	  3.0
5.3	  2.0
5.4	  2.0
5.5	  1.0
5.6	  1.0
5.7	  0.0
5.8	  0.0
5.9	  0.0
6.0	  0.0
6.1	  0.0
6.2	  0.0
6.3	  0.0
6.4	  0.0
6.5	  0.0
6.6	  0.0
6.7	  0.0
6.8	  0.0
6.9	  0.0
7.0	  0.0
7.1	  0.0
7.2	  0.0
7.3	  0.0
7.4	  0.0
7.5	  0.0
7.6	  0.0
7.7	  0.0
7.8	  0.0
7.9	  0.0
8.0	  0.0
8.1	  0.0
8.2	  0.0
8.3	  0.0
8.4	  0.0
8.5	  0.0
8.6	  0.0
8.7	  0.0
8.8	  0.0
8.9	  0.0
9.0	  0.0



DATASET #6

     Name: 10 yr Prob
   Points: 66
     Info: 

Data[x,y]:
2.5	  1.0
2.6	  1.0
2.7	  1.0
2.8	  1.0
2.9	  1.0
3.0	  1.0
3.1	  1.0
3.2	  1.0
3.3	  1.0
3.4	  1.0
3.5	  1.0
3.6	  1.0
3.7	  1.0
3.8	  1.0
3.9	  1.0
4.0	  1.0
4.1	  1.0
4.2	  1.0
4.3	  1.0
4.4	  1.0
4.5	  1.0
4.6	  1.0
4.7	  1.0
4.8	  0.99983
4.9	  0.99898
5.0	  0.99594
5.1	  0.98746
5.2	  0.96904
5.3	  0.93707
5.4	  0.8888
5.5	  0.82505
5.6	  0.74595
5.7	  0.65605
5.8	  0.56135
5.9	  0.46457
6.0	  0.3787
6.1	  0.29152
6.2	  0.2146
6.3	  0.16196
6.4	  0.12204
6.5	  0.09297
6.6	  0.07282
6.7	  0.05612
6.8	  0.04363
6.9	  0.03249
7.0	  0.02445
7.1	  0.01957
7.2	  0.01462
7.3	  0.01052
7.4	  0.00892
7.5	  0.00702
7.6	  0.00379
7.7	  0.00135
7.8	  7.9E-4
7.9	  4.3E-4
8.0	  1.4E-4
8.1	  3.0E-5
8.2	  0.0
8.3	  0.0
8.4	  0.0
8.5	  0.0
8.6	  0.0
8.7	  0.0
8.8	  0.0
8.9	  0.0
9.0	  0.0



DATASET #7

Name: 95% Conf
Num Points: 66
Info: 

X, Y Data:
2.5	1.0	[1.0	1.0]
2.6	1.0	[1.0	1.0]
2.7	1.0	[1.0	1.0]
2.8	1.0	[1.0	1.0]
2.9	1.0	[1.0	1.0]
3.0	1.0	[1.0	1.0]
3.1	1.0	[1.0	1.0]
3.2	1.0	[1.0	1.0]
3.3	1.0	[1.0	1.0]
3.4	1.0	[1.0	1.0]
3.5	1.0	[1.0	1.0]
3.6	1.0	[1.0	1.0]
3.7	1.0	[1.0	1.0]
3.8	1.0	[1.0	1.0]
3.9	1.0	[1.0	1.0]
4.0	1.0	[1.0	1.0]
4.1	1.0	[1.0	1.0]
4.2	1.0	[1.0	1.0]
4.3	1.0	[1.0	1.0]
4.4	1.0	[1.0	1.0]
4.5	1.0	[1.0	1.0]
4.6	1.0	[1.0	1.0]
4.7	1.0	[1.0	1.0]
4.8	0.99983	[0.9997216	0.9998977]
4.9	0.99898	[0.9987566	0.9991641]
5.0	0.99594	[0.9955211	0.9963203]
5.1	0.98746	[0.9867462	0.9881361]
5.2	0.96904	[0.9679432	0.9701006]
5.3	0.93707	[0.93554294	0.93856335]
5.4	0.8888	[0.88683146	0.8907386]
5.5	0.82505	[0.82267773	0.8273973]
5.6	0.74595	[0.7432374	0.7486437]
5.7	0.65605	[0.6530948	0.6589932]
5.8	0.56135	[0.55826706	0.5644282]
5.9	0.46457	[0.4614752	0.46766755]
6.0	0.3787	[0.37569326	0.38171607]
6.1	0.29152	[0.28870627	0.29434976]
6.2	0.2146	[0.21206143	0.21716054]
6.3	0.16196	[0.15968457	0.16426146]
6.4	0.12204	[0.12002072	0.12408839]
6.5	0.09297	[0.09118079	0.09479057]
6.6	0.07282	[0.0712209	0.07445202]
6.7	0.05612	[0.05470553	0.05756869]
6.8	0.04363	[0.04237642	0.04491878]
6.9	0.03249	[0.031404015	0.03361207]
7.0	0.02445	[0.023505969	0.025430758]
7.1	0.01957	[0.018724842	0.020452283]
7.2	0.01462	[0.013889623	0.01538792]
7.3	0.01052	[0.009901321	0.011176583]
7.4	0.00892	[0.008350968	0.009527084]
7.5	0.00702	[0.0065163025	0.0075619384]
7.6	0.00379	[0.0034229949	0.004195628]
7.7	0.00135	[0.0011361974	0.0016029523]
7.8	7.9E-4	[6.2953605E-4	9.899123E-4]
7.9	4.3E-4	[3.1501072E-4	5.848478E-4]
8.0	1.4E-4	[7.967705E-5	2.4126013E-4]
8.1	3.0E-5	[7.747817E-6	9.559829E-5]
8.2	0.0	[0.0	4.7892154E-5]
8.3	0.0	[0.0	4.7892154E-5]
8.4	0.0	[0.0	0.0]
8.5	0.0	[0.0	0.0]
8.6	0.0	[0.0	0.0]
8.7	0.0	[0.0	0.0]
8.8	0.0	[0.0	0.0]
8.9	0.0	[0.0	0.0]
9.0	0.0	[0.0	0.0]



DATASET #8

     Name: Supra
   Points: 66
     Info: 

Data[x,y]:
2.5	  0.12635
2.6	  0.12635
2.7	  0.12635
2.8	  0.12635
2.9	  0.12635
3.0	  0.12635
3.1	  0.12635
3.2	  0.12635
3.3	  0.12635
3.4	  0.12635
3.5	  0.12635
3.6	  0.12635
3.7	  0.12635
3.8	  0.12635
3.9	  0.12635
4.0	  0.12635
4.1	  0.12635
4.2	  0.12635
4.3	  0.12635
4.4	  0.12635
4.5	  0.12635
4.6	  0.12635
4.7	  0.12635
4.8	  0.12635
4.9	  0.12635
5.0	  0.12635
5.1	  0.12635
5.2	  0.12635
5.3	  0.12635
5.4	  0.12635
5.5	  0.12635
5.6	  0.12635
5.7	  0.12635
5.8	  0.12634
5.9	  0.12633
6.0	  0.12625
6.1	  0.09641
6.2	  0.0806
6.3	  0.06333
6.4	  0.05395
6.5	  0.04339
6.6	  0.03753
6.7	  0.03089
6.8	  0.0264
6.9	  0.02085
7.0	  0.01709
7.1	  0.01527
7.2	  0.01237
7.3	  0.00942
7.4	  0.00843
7.5	  0.00683
7.6	  0.00373
7.7	  0.00134
7.8	  7.9E-4
7.9	  4.3E-4
8.0	  1.4E-4
8.1	  3.0E-5
8.2	  0.0
8.3	  0.0
8.4	  0.0
8.5	  0.0
8.6	  0.0
8.7	  0.0
8.8	  0.0
8.9	  0.0
9.0	  0.0



DATASET #9

     Name: Primary
   Points: 66
     Info: 

Data[x,y]:
2.5	  1236.232
2.6	  981.95044
2.7	  780.02814
2.8	  619.59033
2.9	  492.12454
3.0	  390.8749
3.1	  310.3916
3.2	  246.51306
3.3	  195.76729
3.4	  155.51164
3.5	  123.48818
3.6	  98.05941
3.7	  77.89563
3.8	  61.85951
3.9	  49.11342
4.0	  38.98518
4.1	  30.92937
4.2	  24.54178
4.3	  19.47252
4.4	  15.43929
4.5	  12.2387
4.6	  9.69508
4.7	  7.67629
4.8	  6.07171
4.9	  4.79468
5.0	  3.78324
5.1	  2.9804
5.2	  2.33951
5.3	  1.82825
5.4	  1.42359
5.5	  1.10348
5.6	  0.84796
5.7	  0.64534
5.8	  0.4834
5.9	  0.35791
6.0	  0.26387
6.1	  0.18766
6.2	  0.12673
6.3	  0.09138
6.4	  0.06556
6.5	  0.04865
6.6	  0.03679
6.7	  0.02821
6.8	  0.02158
6.9	  0.0157
7.0	  0.01165
7.1	  0.00897
7.2	  0.0065
7.3	  0.00444
7.4	  0.0037
7.5	  0.00284
7.6	  0.00156
7.7	  5.8E-4
7.8	  3.5E-4
7.9	  1.9E-4
8.0	  6.0E-5
8.1	  2.0E-5
8.2	  0.0
8.3	  0.0
8.4	  0.0
8.5	  0.0
8.6	  0.0
8.7	  0.0
8.8	  0.0
8.9	  0.0
9.0	  0.0


