
X-Axis: Magnitude
Y-Axis: 1 Month Cumulative Number
Number of Data Sets: 9


DATASET #1

     Name: Mean
   Points: 66
     Info: 

Data[x,y]:
2.5	  614.31696
2.6	  487.9323
2.7	  387.599
2.8	  307.86514
2.9	  244.56221
3.0	  194.28574
3.1	  154.27997
3.2	  122.51518
3.3	  97.28953
3.4	  77.27958
3.5	  61.397038
3.6	  48.748367
3.7	  38.722946
3.8	  30.751616
3.9	  24.423552
4.0	  19.394209
4.1	  15.397256
4.2	  12.219714
4.3	  9.6944275
4.4	  7.687744
4.5	  6.0904884
4.6	  4.8294783
4.7	  3.8285017
4.8	  3.028569
4.9	  2.3906734
5.0	  1.8883333
5.1	  1.4868687
5.2	  1.1706398
5.3	  0.91569024
5.4	  0.71429294
5.5	  0.55622894
5.6	  0.4258586
5.7	  0.3255219
5.8	  0.2446633
5.9	  0.18311448
6.0	  0.13691919
6.1	  0.097575754
6.2	  0.06607744
6.3	  0.04715488
6.4	  0.03436027
6.5	  0.025690235
6.6	  0.019191919
6.7	  0.014612795
6.8	  0.011094276
6.9	  0.008232323
7.0	  0.006111111
7.1	  0.0046127946
7.2	  0.0034511785
7.3	  0.0024747474
7.4	  0.0021043771
7.5	  0.0016666667
7.6	  9.090909E-4
7.7	  3.1986533E-4
7.8	  1.8518518E-4
7.9	  6.7340065E-5
8.0	  5.0505052E-5
8.1	  0.0
8.2	  0.0
8.3	  0.0
8.4	  0.0
8.5	  0.0
8.6	  0.0
8.7	  0.0
8.8	  0.0
8.9	  0.0
9.0	  0.0



DATASET #2

     Name: 2.5%,97.5%
   Points: 66
     Info: 

Data[x,y]:
2.5	  443.0
2.6	  349.0
2.7	  274.0
2.8	  215.0
2.9	  168.0
3.0	  131.0
3.1	  102.0
3.2	  79.0
3.3	  61.0
3.4	  47.0
3.5	  36.0
3.6	  27.0
3.7	  20.0
3.8	  15.0
3.9	  11.0
4.0	  8.0
4.1	  6.0
4.2	  4.0
4.3	  3.0
4.4	  2.0
4.5	  1.0
4.6	  1.0
4.7	  0.0
4.8	  0.0
4.9	  0.0
5.0	  0.0
5.1	  0.0
5.2	  0.0
5.3	  0.0
5.4	  0.0
5.5	  0.0
5.6	  0.0
5.7	  0.0
5.8	  0.0
5.9	  0.0
6.0	  0.0
6.1	  0.0
6.2	  0.0
6.3	  0.0
6.4	  0.0
6.5	  0.0
6.6	  0.0
6.7	  0.0
6.8	  0.0
6.9	  0.0
7.0	  0.0
7.1	  0.0
7.2	  0.0
7.3	  0.0
7.4	  0.0
7.5	  0.0
7.6	  0.0
7.7	  0.0
7.8	  0.0
7.9	  0.0
8.0	  0.0
8.1	  0.0
8.2	  0.0
8.3	  0.0
8.4	  0.0
8.5	  0.0
8.6	  0.0
8.7	  0.0
8.8	  0.0
8.9	  0.0
9.0	  0.0



DATASET #3

     Name: null
   Points: 66
     Info: 

Data[x,y]:
2.5	  1153.0
2.6	  918.0
2.7	  730.0
2.8	  581.0
2.9	  462.0
3.0	  368.0
3.1	  294.0
3.2	  234.0
3.3	  186.0
3.4	  149.0
3.5	  119.0
3.6	  95.0
3.7	  76.0
3.8	  61.0
3.9	  50.0
4.0	  40.0
4.1	  33.0
4.2	  27.0
4.3	  22.0
4.4	  18.0
4.5	  15.0
4.6	  13.0
4.7	  11.0
4.8	  9.0
4.9	  8.0
5.0	  6.0
5.1	  5.0
5.2	  5.0
5.3	  4.0
5.4	  3.0
5.5	  3.0
5.6	  2.0
5.7	  2.0
5.8	  2.0
5.9	  1.0
6.0	  1.0
6.1	  1.0
6.2	  1.0
6.3	  1.0
6.4	  1.0
6.5	  0.0
6.6	  0.0
6.7	  0.0
6.8	  0.0
6.9	  0.0
7.0	  0.0
7.1	  0.0
7.2	  0.0
7.3	  0.0
7.4	  0.0
7.5	  0.0
7.6	  0.0
7.7	  0.0
7.8	  0.0
7.9	  0.0
8.0	  0.0
8.1	  0.0
8.2	  0.0
8.3	  0.0
8.4	  0.0
8.5	  0.0
8.6	  0.0
8.7	  0.0
8.8	  0.0
8.9	  0.0
9.0	  0.0



DATASET #4

     Name: Median
   Points: 66
     Info: 

Data[x,y]:
2.5	  541.0
2.6	  430.0
2.7	  342.0
2.8	  272.0
2.9	  217.0
3.0	  172.0
3.1	  137.0
3.2	  109.0
3.3	  87.0
3.4	  69.0
3.5	  55.0
3.6	  44.0
3.7	  35.0
3.8	  28.0
3.9	  22.0
4.0	  17.0
4.1	  14.0
4.2	  11.0
4.3	  9.0
4.4	  7.0
4.5	  5.0
4.6	  4.0
4.7	  3.0
4.8	  3.0
4.9	  2.0
5.0	  1.0
5.1	  1.0
5.2	  1.0
5.3	  1.0
5.4	  0.0
5.5	  0.0
5.6	  0.0
5.7	  0.0
5.8	  0.0
5.9	  0.0
6.0	  0.0
6.1	  0.0
6.2	  0.0
6.3	  0.0
6.4	  0.0
6.5	  0.0
6.6	  0.0
6.7	  0.0
6.8	  0.0
6.9	  0.0
7.0	  0.0
7.1	  0.0
7.2	  0.0
7.3	  0.0
7.4	  0.0
7.5	  0.0
7.6	  0.0
7.7	  0.0
7.8	  0.0
7.9	  0.0
8.0	  0.0
8.1	  0.0
8.2	  0.0
8.3	  0.0
8.4	  0.0
8.5	  0.0
8.6	  0.0
8.7	  0.0
8.8	  0.0
8.9	  0.0
9.0	  0.0



DATASET #5

     Name: Mode
   Points: 66
     Info: 

Data[x,y]:
2.5	  506.0
2.6	  395.0
2.7	  327.0
2.8	  257.0
2.9	  207.0
3.0	  161.0
3.1	  131.0
3.2	  100.0
3.3	  86.0
3.4	  64.0
3.5	  50.0
3.6	  41.0
3.7	  32.0
3.8	  26.0
3.9	  19.0
4.0	  16.0
4.1	  12.0
4.2	  10.0
4.3	  8.0
4.4	  6.0
4.5	  5.0
4.6	  3.0
4.7	  3.0
4.8	  2.0
4.9	  1.0
5.0	  1.0
5.1	  1.0
5.2	  0.0
5.3	  0.0
5.4	  0.0
5.5	  0.0
5.6	  0.0
5.7	  0.0
5.8	  0.0
5.9	  0.0
6.0	  0.0
6.1	  0.0
6.2	  0.0
6.3	  0.0
6.4	  0.0
6.5	  0.0
6.6	  0.0
6.7	  0.0
6.8	  0.0
6.9	  0.0
7.0	  0.0
7.1	  0.0
7.2	  0.0
7.3	  0.0
7.4	  0.0
7.5	  0.0
7.6	  0.0
7.7	  0.0
7.8	  0.0
7.9	  0.0
8.0	  0.0
8.1	  0.0
8.2	  0.0
8.3	  0.0
8.4	  0.0
8.5	  0.0
8.6	  0.0
8.7	  0.0
8.8	  0.0
8.9	  0.0
9.0	  0.0



DATASET #6

     Name: 1 mo Prob
   Points: 66
     Info: 

Data[x,y]:
2.5	  1.0
2.6	  1.0
2.7	  1.0
2.8	  1.0
2.9	  1.0
3.0	  1.0
3.1	  1.0
3.2	  1.0
3.3	  1.0
3.4	  1.0
3.5	  1.0
3.6	  1.0
3.7	  1.0
3.8	  1.0
3.9	  1.0
4.0	  1.0
4.1	  0.9999832
4.2	  0.9998485
4.3	  0.99920875
4.4	  0.99653196
4.5	  0.9896296
4.6	  0.9754209
4.7	  0.94796294
4.8	  0.90498316
4.9	  0.84835017
5.0	  0.77772725
5.1	  0.6983333
5.2	  0.6139394
5.3	  0.528468
5.4	  0.4473064
5.5	  0.37378788
5.6	  0.3038889
5.7	  0.2444276
5.8	  0.19144781
5.9	  0.14863637
6.0	  0.11410774
6.1	  0.083636366
6.2	  0.05828283
6.3	  0.042340066
6.4	  0.031094275
6.5	  0.02345118
6.6	  0.018030303
6.7	  0.013855219
6.8	  0.010606061
6.9	  0.008047138
7.0	  0.006010101
7.1	  0.0045622895
7.2	  0.0034006734
7.3	  0.0024579125
7.4	  0.002087542
7.5	  0.0016498317
7.6	  8.922559E-4
7.7	  3.1986533E-4
7.8	  1.8518518E-4
7.9	  6.7340065E-5
8.0	  5.0505052E-5
8.1	  0.0
8.2	  0.0
8.3	  0.0
8.4	  0.0
8.5	  0.0
8.6	  0.0
8.7	  0.0
8.8	  0.0
8.9	  0.0
9.0	  0.0



DATASET #7

Name: 95% Conf
Num Points: 66
Info: 

X, Y Data:
2.5	1.0	[1.0	1.0]
2.6	1.0	[1.0	1.0]
2.7	1.0	[1.0	1.0]
2.8	1.0	[1.0	1.0]
2.9	1.0	[1.0	1.0]
3.0	1.0	[1.0	1.0]
3.1	1.0	[1.0	1.0]
3.2	1.0	[1.0	1.0]
3.3	1.0	[1.0	1.0]
3.4	1.0	[1.0	1.0]
3.5	1.0	[1.0	1.0]
3.6	1.0	[1.0	1.0]
3.7	1.0	[1.0	1.0]
3.8	1.0	[1.0	1.0]
3.9	1.0	[1.0	1.0]
4.0	1.0	[1.0	1.0]
4.1	0.9999832	[0.9998907	0.9999991]
4.2	0.9998485	[0.999701	0.99992603]
4.3	0.99920875	[0.99893844	0.9994121]
4.4	0.99653196	[0.99601704	0.99698156]
4.5	0.9896296	[0.98877394	0.99042135]
4.6	0.9754209	[0.97413594	0.97664386]
4.7	0.94796294	[0.9461391	0.9497286]
4.8	0.90498316	[0.90259016	0.9073236]
4.9	0.84835017	[0.84543467	0.8512205]
5.0	0.77772725	[0.77435726	0.7810613]
5.1	0.6983333	[0.694621	0.70201993]
5.2	0.6139394	[0.61000854	0.6178555]
5.3	0.528468	[0.5244434	0.53248894]
5.4	0.4473064	[0.44330293	0.45131668]
5.5	0.37378788	[0.36989698	0.37769514]
5.6	0.3038889	[0.3001945	0.3076087]
5.7	0.2444276	[0.24097982	0.24790855]
5.8	0.19144781	[0.1882954	0.19464023]
5.9	0.14863637	[0.14578997	0.15152834]
6.0	0.11410774	[0.111567445	0.11669812]
6.1	0.083636366	[0.08142853	0.08589825]
6.2	0.05828283	[0.056418896	0.06020415]
6.3	0.042340066	[0.04074182	0.043997817]
6.4	0.031094275	[0.029720215	0.03252935]
6.5	0.02345118	[0.022256438	0.024707982]
6.6	0.018030303	[0.016982807	0.019140625]
6.7	0.013855219	[0.012938	0.014835877]
6.8	0.010606061	[0.0098052295	0.011470836]
6.9	0.008047138	[0.007351723	0.008806926]
7.0	0.006010101	[0.005411685	0.0066732727]
7.1	0.0045622895	[0.004043528	0.005146124]
7.2	0.0034006734	[0.0029556903	0.003911038]
7.3	0.0024579125	[0.0020828552	0.002898677]
7.4	0.002087542	[0.001743612	0.0024973426]
7.5	0.0016498317	[0.0013465135	0.0020192598]
7.6	8.922559E-4	[6.749759E-4	0.0011763325]
7.7	3.1986533E-4	[1.9823208E-4	5.0981744E-4]
7.8	1.8518518E-4	[9.740292E-5	3.423826E-4]
7.9	6.7340065E-5	[2.1571712E-5	1.8518478E-4]
8.0	5.0505052E-5	[1.3043499E-5	1.60935E-4]
8.1	0.0	[0.0	8.0624384E-5]
8.2	0.0	[0.0	8.0624384E-5]
8.3	0.0	[0.0	8.0624384E-5]
8.4	0.0	[0.0	0.0]
8.5	0.0	[0.0	0.0]
8.6	0.0	[0.0	0.0]
8.7	0.0	[0.0	0.0]
8.8	0.0	[0.0	0.0]
8.9	0.0	[0.0	0.0]
9.0	0.0	[0.0	0.0]



DATASET #8

     Name: Supra
   Points: 66
     Info: 

Data[x,y]:
2.5	  0.031784512
2.6	  0.031784512
2.7	  0.031784512
2.8	  0.031784512
2.9	  0.031784512
3.0	  0.031784512
3.1	  0.031784512
3.2	  0.031784512
3.3	  0.031784512
3.4	  0.031784512
3.5	  0.031784512
3.6	  0.031784512
3.7	  0.031784512
3.8	  0.031784512
3.9	  0.031784512
4.0	  0.031784512
4.1	  0.031784512
4.2	  0.031784512
4.3	  0.031784512
4.4	  0.031784512
4.5	  0.031784512
4.6	  0.031784512
4.7	  0.031784512
4.8	  0.031784512
4.9	  0.031784512
5.0	  0.031784512
5.1	  0.031784512
5.2	  0.031784512
5.3	  0.031784512
5.4	  0.031784512
5.5	  0.031784512
5.6	  0.031784512
5.7	  0.031784512
5.8	  0.031784512
5.9	  0.031784512
6.0	  0.031767678
6.1	  0.02419192
6.2	  0.020117845
6.3	  0.015218855
6.4	  0.0129629625
6.5	  0.010622895
6.6	  0.008973064
6.7	  0.0074410774
6.8	  0.0064814813
6.9	  0.005252525
7.0	  0.004158249
7.1	  0.0035016835
7.2	  0.0028114477
7.3	  0.002154882
7.4	  0.0019191919
7.5	  0.0015993266
7.6	  8.7542087E-4
7.7	  3.1986533E-4
7.8	  1.8518518E-4
7.9	  6.7340065E-5
8.0	  5.0505052E-5
8.1	  0.0
8.2	  0.0
8.3	  0.0
8.4	  0.0
8.5	  0.0
8.6	  0.0
8.7	  0.0
8.8	  0.0
8.9	  0.0
9.0	  0.0



DATASET #9

     Name: Primary
   Points: 66
     Info: 

Data[x,y]:
2.5	  385.3273
2.6	  305.99548
2.7	  243.09045
2.8	  193.09302
2.9	  153.40106
3.0	  121.83913
3.1	  96.73157
3.2	  76.80825
3.3	  61.012005
3.4	  48.46936
3.5	  38.500504
3.6	  30.57303
3.7	  24.286179
3.8	  19.282188
3.9	  15.311616
4.0	  12.162391
4.1	  9.647575
4.2	  7.6569695
4.3	  6.0761447
4.4	  4.822273
4.5	  3.8208082
4.6	  3.0322053
4.7	  2.4019024
4.8	  1.8996465
4.9	  1.4971548
5.0	  1.1822559
5.1	  0.9316835
5.2	  0.7334512
5.3	  0.57296294
5.4	  0.44607744
5.5	  0.34685186
5.6	  0.26520202
5.7	  0.201734
5.8	  0.15006734
5.9	  0.111969694
6.0	  0.08292929
6.1	  0.059208754
6.2	  0.04026936
6.3	  0.028670033
6.4	  0.020286195
6.5	  0.015319865
6.6	  0.011683501
6.7	  0.008922559
6.8	  0.006649832
6.9	  0.004814815
7.0	  0.0036026936
7.1	  0.0026430977
7.2	  0.001969697
7.3	  0.0013636363
7.4	  0.0011447811
7.5	  9.090909E-4
7.6	  5.050505E-4
7.7	  2.0202021E-4
7.8	  1.1784512E-4
7.9	  5.0505052E-5
8.0	  3.3670032E-5
8.1	  0.0
8.2	  0.0
8.3	  0.0
8.4	  0.0
8.5	  0.0
8.6	  0.0
8.7	  0.0
8.8	  0.0
8.9	  0.0
9.0	  0.0


