
X-Axis: Magnitude
Y-Axis: 1 Year Cumulative Number
Number of Data Sets: 9


DATASET #1

     Name: Mean
   Points: 66
     Info: 

Data[x,y]:
2.5	  1586.6449
2.6	  1260.2599
2.7	  1001.1899
2.8	  795.1842
2.9	  631.67694
3.0	  501.77972
3.1	  398.4891
3.2	  316.45428
3.3	  251.2615
3.4	  199.5685
3.5	  158.50569
3.6	  125.863045
3.7	  99.95622
3.8	  79.38325
3.9	  63.076923
4.0	  50.082607
4.1	  39.743477
4.2	  31.536255
4.3	  25.013311
4.4	  19.843344
4.5	  15.730301
4.6	  12.4704685
4.7	  9.860535
4.8	  7.8076253
4.9	  6.1625085
5.0	  4.875786
5.1	  3.8392642
5.2	  3.0166554
5.3	  2.3592978
5.4	  1.8405685
5.5	  1.4337792
5.6	  1.1022073
5.7	  0.84635454
5.8	  0.6370234
5.9	  0.47645485
6.0	  0.3576923
6.1	  0.25347826
6.2	  0.17377926
6.3	  0.12478261
6.4	  0.09150501
6.5	  0.0683612
6.6	  0.05284281
6.7	  0.040501673
6.8	  0.03076923
6.9	  0.02270903
7.0	  0.016755853
7.1	  0.013010033
7.2	  0.00909699
7.3	  0.0062207356
7.4	  0.005083612
7.5	  0.004214047
7.6	  0.0020401338
7.7	  7.0234115E-4
7.8	  4.013378E-4
7.9	  2.006689E-4
8.0	  6.688963E-5
8.1	  0.0
8.2	  0.0
8.3	  0.0
8.4	  0.0
8.5	  0.0
8.6	  0.0
8.7	  0.0
8.8	  0.0
8.9	  0.0
9.0	  0.0



DATASET #2

     Name: 2.5%,97.5%
   Points: 66
     Info: 

Data[x,y]:
2.5	  1111.0
2.6	  877.0
2.7	  694.0
2.8	  547.0
2.9	  431.0
3.0	  339.0
3.1	  267.0
3.2	  209.0
3.3	  163.0
3.4	  127.0
3.5	  99.0
3.6	  77.0
3.7	  59.0
3.8	  45.0
3.9	  35.0
4.0	  26.0
4.1	  20.0
4.2	  15.0
4.3	  11.0
4.4	  8.0
4.5	  6.0
4.6	  4.0
4.7	  2.0
4.8	  2.0
4.9	  1.0
5.0	  0.0
5.1	  0.0
5.2	  0.0
5.3	  0.0
5.4	  0.0
5.5	  0.0
5.6	  0.0
5.7	  0.0
5.8	  0.0
5.9	  0.0
6.0	  0.0
6.1	  0.0
6.2	  0.0
6.3	  0.0
6.4	  0.0
6.5	  0.0
6.6	  0.0
6.7	  0.0
6.8	  0.0
6.9	  0.0
7.0	  0.0
7.1	  0.0
7.2	  0.0
7.3	  0.0
7.4	  0.0
7.5	  0.0
7.6	  0.0
7.7	  0.0
7.8	  0.0
7.9	  0.0
8.0	  0.0
8.1	  0.0
8.2	  0.0
8.3	  0.0
8.4	  0.0
8.5	  0.0
8.6	  0.0
8.7	  0.0
8.8	  0.0
8.9	  0.0
9.0	  0.0



DATASET #3

     Name: null
   Points: 66
     Info: 

Data[x,y]:
2.5	  3359.0
2.6	  2667.0
2.7	  2119.0
2.8	  1689.0
2.9	  1342.0
3.0	  1072.0
3.1	  846.0
3.2	  673.0
3.3	  535.0
3.4	  428.0
3.5	  339.0
3.6	  269.0
3.7	  214.0
3.8	  170.0
3.9	  136.0
4.0	  109.0
4.1	  87.0
4.2	  70.0
4.3	  57.0
4.4	  45.0
4.5	  37.0
4.6	  30.0
4.7	  24.0
4.8	  20.0
4.9	  16.0
5.0	  14.0
5.1	  11.0
5.2	  9.0
5.3	  8.0
5.4	  7.0
5.5	  6.0
5.6	  5.0
5.7	  4.0
5.8	  3.0
5.9	  3.0
6.0	  2.0
6.1	  2.0
6.2	  2.0
6.3	  1.0
6.4	  1.0
6.5	  1.0
6.6	  1.0
6.7	  1.0
6.8	  1.0
6.9	  0.0
7.0	  0.0
7.1	  0.0
7.2	  0.0
7.3	  0.0
7.4	  0.0
7.5	  0.0
7.6	  0.0
7.7	  0.0
7.8	  0.0
7.9	  0.0
8.0	  0.0
8.1	  0.0
8.2	  0.0
8.3	  0.0
8.4	  0.0
8.5	  0.0
8.6	  0.0
8.7	  0.0
8.8	  0.0
8.9	  0.0
9.0	  0.0



DATASET #4

     Name: Median
   Points: 66
     Info: 

Data[x,y]:
2.5	  1372.0
2.6	  1090.0
2.7	  867.0
2.8	  689.0
2.9	  548.0
3.0	  436.0
3.1	  347.0
3.2	  276.0
3.3	  219.0
3.4	  174.0
3.5	  139.0
3.6	  110.0
3.7	  88.0
3.8	  70.0
3.9	  55.0
4.0	  44.0
4.1	  35.0
4.2	  28.0
4.3	  22.0
4.4	  17.0
4.5	  14.0
4.6	  11.0
4.7	  9.0
4.8	  7.0
4.9	  5.0
5.0	  4.0
5.1	  3.0
5.2	  2.0
5.3	  2.0
5.4	  1.0
5.5	  1.0
5.6	  1.0
5.7	  0.0
5.8	  0.0
5.9	  0.0
6.0	  0.0
6.1	  0.0
6.2	  0.0
6.3	  0.0
6.4	  0.0
6.5	  0.0
6.6	  0.0
6.7	  0.0
6.8	  0.0
6.9	  0.0
7.0	  0.0
7.1	  0.0
7.2	  0.0
7.3	  0.0
7.4	  0.0
7.5	  0.0
7.6	  0.0
7.7	  0.0
7.8	  0.0
7.9	  0.0
8.0	  0.0
8.1	  0.0
8.2	  0.0
8.3	  0.0
8.4	  0.0
8.5	  0.0
8.6	  0.0
8.7	  0.0
8.8	  0.0
8.9	  0.0
9.0	  0.0



DATASET #5

     Name: Mode
   Points: 66
     Info: 

Data[x,y]:
2.5	  1278.0
2.6	  985.0
2.7	  825.0
2.8	  617.0
2.9	  508.0
3.0	  406.0
3.1	  320.0
3.2	  261.0
3.3	  201.0
3.4	  160.0
3.5	  135.0
3.6	  104.0
3.7	  80.0
3.8	  66.0
3.9	  53.0
4.0	  41.0
4.1	  32.0
4.2	  25.0
4.3	  19.0
4.4	  15.0
4.5	  12.0
4.6	  9.0
4.7	  7.0
4.8	  6.0
4.9	  4.0
5.0	  3.0
5.1	  2.0
5.2	  2.0
5.3	  1.0
5.4	  1.0
5.5	  0.0
5.6	  0.0
5.7	  0.0
5.8	  0.0
5.9	  0.0
6.0	  0.0
6.1	  0.0
6.2	  0.0
6.3	  0.0
6.4	  0.0
6.5	  0.0
6.6	  0.0
6.7	  0.0
6.8	  0.0
6.9	  0.0
7.0	  0.0
7.1	  0.0
7.2	  0.0
7.3	  0.0
7.4	  0.0
7.5	  0.0
7.6	  0.0
7.7	  0.0
7.8	  0.0
7.9	  0.0
8.0	  0.0
8.1	  0.0
8.2	  0.0
8.3	  0.0
8.4	  0.0
8.5	  0.0
8.6	  0.0
8.7	  0.0
8.8	  0.0
8.9	  0.0
9.0	  0.0



DATASET #6

     Name: 1 yr Prob
   Points: 66
     Info: 

Data[x,y]:
2.5	  1.0
2.6	  1.0
2.7	  1.0
2.8	  1.0
2.9	  1.0
3.0	  1.0
3.1	  1.0
3.2	  1.0
3.3	  1.0
3.4	  1.0
3.5	  1.0
3.6	  1.0
3.7	  1.0
3.8	  1.0
3.9	  1.0
4.0	  1.0
4.1	  1.0
4.2	  1.0
4.3	  1.0
4.4	  1.0
4.5	  0.99996656
4.6	  0.99986625
4.7	  0.9986957
4.8	  0.9952508
4.9	  0.98578596
5.0	  0.96929765
5.1	  0.93906355
5.2	  0.8922408
5.3	  0.8300334
5.4	  0.7525418
5.5	  0.6682943
5.6	  0.5786288
5.7	  0.49033445
5.8	  0.40227425
5.9	  0.32187292
6.0	  0.25474915
6.1	  0.19073579
6.2	  0.13892977
6.3	  0.103344485
6.4	  0.07732441
6.5	  0.059598662
6.6	  0.047658864
6.7	  0.03729097
6.8	  0.028561873
6.9	  0.021705685
7.0	  0.016254181
7.1	  0.012675585
7.2	  0.008896321
7.3	  0.0060869567
7.4	  0.004949833
7.5	  0.0041137123
7.6	  0.0020401338
7.7	  7.0234115E-4
7.8	  4.013378E-4
7.9	  2.006689E-4
8.0	  6.688963E-5
8.1	  0.0
8.2	  0.0
8.3	  0.0
8.4	  0.0
8.5	  0.0
8.6	  0.0
8.7	  0.0
8.8	  0.0
8.9	  0.0
9.0	  0.0



DATASET #7

Name: 95% Conf
Num Points: 66
Info: 

X, Y Data:
2.5	1.0	[1.0	1.0]
2.6	1.0	[1.0	1.0]
2.7	1.0	[1.0	1.0]
2.8	1.0	[1.0	1.0]
2.9	1.0	[1.0	1.0]
3.0	1.0	[1.0	1.0]
3.1	1.0	[1.0	1.0]
3.2	1.0	[1.0	1.0]
3.3	1.0	[1.0	1.0]
3.4	1.0	[1.0	1.0]
3.5	1.0	[1.0	1.0]
3.6	1.0	[1.0	1.0]
3.7	1.0	[1.0	1.0]
3.8	1.0	[1.0	1.0]
3.9	1.0	[1.0	1.0]
4.0	1.0	[1.0	1.0]
4.1	1.0	[1.0	1.0]
4.2	1.0	[1.0	1.0]
4.3	1.0	[1.0	1.0]
4.4	1.0	[1.0	1.0]
4.5	0.99996656	[0.9997828	0.9999983]
4.6	0.99986625	[0.9996321	0.99995714]
4.7	0.9986957	[0.9981982	0.9990598]
4.8	0.9952508	[0.9943873	0.9959844]
4.9	0.98578596	[0.98436296	0.9870826]
5.0	0.96929765	[0.96726394	0.97120976]
5.1	0.93906355	[0.93627816	0.9417354]
5.2	0.8922408	[0.88865864	0.89572173]
5.3	0.8300334	[0.8257168	0.834265]
5.4	0.7525418	[0.7476013	0.7574172]
5.5	0.6682943	[0.6629194	0.6736258]
5.6	0.5786288	[0.5730053	0.584232]
5.7	0.49033445	[0.4846529	0.49601847]
5.8	0.40227425	[0.39671227	0.40786138]
5.9	0.32187292	[0.3165838	0.32720792]
6.0	0.25474915	[0.2498254	0.25973615]
6.1	0.19073579	[0.18630576	0.19524558]
6.2	0.13892977	[0.13503914	0.14291355]
6.3	0.103344485	[0.09992835	0.10686302]
6.4	0.07732441	[0.07433437	0.08042366]
6.5	0.059598662	[0.056954984	0.062356196]
6.6	0.047658864	[0.04528527	0.05014948]
6.7	0.03729097	[0.035185788	0.03951596]
6.8	0.028561873	[0.026717318	0.030528627]
6.9	0.021705685	[0.020098254	0.023437249]
7.0	0.016254181	[0.01486575	0.017768348]
7.1	0.012675585	[0.011452787	0.014025241]
7.2	0.008896321	[0.007877529	0.010043272]
7.3	0.0060869567	[0.005251017	0.0070521976]
7.4	0.004949833	[0.0042000595	0.0058294646]
7.5	0.0041137123	[0.0034339072	0.004923851]
7.6	0.0020401338	[0.0015740573	0.0026383018]
7.7	7.0234115E-4	[4.4623032E-4	0.0010937228]
7.8	4.013378E-4	[2.1747597E-4	7.226608E-4]
7.9	2.006689E-4	[8.157467E-5	4.6060252E-4]
8.0	6.688963E-5	[1.1585709E-5	2.6975502E-4]
8.1	0.0	[0.0	1.6015985E-4]
8.2	0.0	[0.0	1.6015985E-4]
8.3	0.0	[0.0	1.6015985E-4]
8.4	0.0	[0.0	0.0]
8.5	0.0	[0.0	0.0]
8.6	0.0	[0.0	0.0]
8.7	0.0	[0.0	0.0]
8.8	0.0	[0.0	0.0]
8.9	0.0	[0.0	0.0]
9.0	0.0	[0.0	0.0]



DATASET #8

     Name: Supra
   Points: 66
     Info: 

Data[x,y]:
2.5	  0.078294314
2.6	  0.078294314
2.7	  0.078294314
2.8	  0.078294314
2.9	  0.078294314
3.0	  0.078294314
3.1	  0.078294314
3.2	  0.078294314
3.3	  0.078294314
3.4	  0.078294314
3.5	  0.078294314
3.6	  0.078294314
3.7	  0.078294314
3.8	  0.078294314
3.9	  0.078294314
4.0	  0.078294314
4.1	  0.078294314
4.2	  0.078294314
4.3	  0.078294314
4.4	  0.078294314
4.5	  0.078294314
4.6	  0.078294314
4.7	  0.078294314
4.8	  0.078294314
4.9	  0.078294314
5.0	  0.078294314
5.1	  0.078294314
5.2	  0.078294314
5.3	  0.078294314
5.4	  0.078294314
5.5	  0.078294314
5.6	  0.078294314
5.7	  0.078294314
5.8	  0.078294314
5.9	  0.078294314
6.0	  0.07819398
6.1	  0.05973244
6.2	  0.049732443
6.3	  0.038729098
6.4	  0.032876253
6.5	  0.026755853
6.6	  0.023779264
6.7	  0.019765886
6.8	  0.017157191
6.9	  0.0139464885
7.0	  0.011137124
7.1	  0.009799331
7.2	  0.007424749
7.3	  0.005451505
7.4	  0.004749164
7.5	  0.003979933
7.6	  0.0019732441
7.7	  7.0234115E-4
7.8	  4.013378E-4
7.9	  2.006689E-4
8.0	  6.688963E-5
8.1	  0.0
8.2	  0.0
8.3	  0.0
8.4	  0.0
8.5	  0.0
8.6	  0.0
8.7	  0.0
8.8	  0.0
8.9	  0.0
9.0	  0.0



DATASET #9

     Name: Primary
   Points: 66
     Info: 

Data[x,y]:
2.5	  846.8412
2.6	  672.6323
2.7	  534.43463
2.8	  424.5396
2.9	  337.21298
3.0	  267.81586
3.1	  212.69348
3.2	  168.90501
3.3	  134.11441
3.4	  106.52853
3.5	  84.593445
3.6	  67.169334
3.7	  53.362175
3.8	  42.363045
3.9	  33.6404
4.0	  26.706087
4.1	  21.189665
4.2	  16.818796
4.3	  13.341037
4.4	  10.585686
4.5	  8.388194
4.6	  6.64699
4.7	  5.26291
4.8	  4.1631775
4.9	  3.2799332
5.0	  2.5892978
5.1	  2.0379264
5.2	  1.5971237
5.3	  1.2450167
5.4	  0.96852845
5.5	  0.7517057
5.6	  0.5747492
5.7	  0.43675587
5.8	  0.32454848
5.9	  0.24120401
6.0	  0.17802675
6.1	  0.12645485
6.2	  0.08642141
6.3	  0.061505016
6.4	  0.04451505
6.5	  0.033511706
6.6	  0.026488295
6.7	  0.020367892
6.8	  0.015183946
6.9	  0.011137124
7.0	  0.0081270905
7.1	  0.0060869567
7.2	  0.0041137123
7.3	  0.0028428093
7.4	  0.0022742476
7.5	  0.0018394649
7.6	  9.0301E-4
7.7	  3.3444815E-4
7.8	  1.6722408E-4
7.9	  1.0033445E-4
8.0	  3.3444816E-5
8.1	  0.0
8.2	  0.0
8.3	  0.0
8.4	  0.0
8.5	  0.0
8.6	  0.0
8.7	  0.0
8.8	  0.0
8.9	  0.0
9.0	  0.0


