
X-Axis: Magnitude
Y-Axis: 10 Year Cumulative Number
Number of Data Sets: 8


DATASET #1

     Name: Mean
   Points: 66
     Info: 

Data[x,y]:
2.5	  24925.482
2.6	  19800.074
2.7	  15728.005
2.8	  12492.988
2.9	  9923.474
3.0	  7881.9463
3.1	  6261.0933
3.2	  4972.492
3.3	  3950.072
3.4	  3137.9365
3.5	  2492.2183
3.6	  1979.3928
3.7	  1572.2933
3.8	  1248.6187
3.9	  991.8296
4.0	  787.7629
4.1	  625.8541
4.2	  496.9838
4.3	  394.7061
4.4	  313.3915
4.5	  248.737
4.6	  197.3928
4.7	  156.6624
4.8	  124.2494
4.9	  98.5918
5.0	  78.1772
5.1	  61.9817
5.2	  49.1362
5.3	  38.9248
5.4	  30.837
5.5	  24.3738
5.6	  19.2852
5.7	  15.194
5.8	  11.9868
5.9	  9.2795
6.0	  7.4373
6.1	  5.8309
6.2	  4.6619
6.3	  3.6924
6.4	  2.8801
6.5	  2.2345
6.6	  1.7493
6.7	  1.3551
6.8	  1.0531
6.9	  0.8032
7.0	  0.6283
7.1	  0.4745
7.2	  0.3613
7.3	  0.2897
7.4	  0.214
7.5	  0.1392
7.6	  0.1018
7.7	  0.0673
7.8	  0.0495
7.9	  0.032
8.0	  0.0171
8.1	  0.0068
8.2	  0.0022
8.3	  2.0E-4
8.4	  0.0
8.5	  0.0
8.6	  0.0
8.7	  0.0
8.8	  0.0
8.9	  0.0
9.0	  0.0



DATASET #2

     Name: 2.5%,97.5%
   Points: 66
     Info: 

Data[x,y]:
2.5	  16526.0
2.6	  13113.0
2.7	  10427.0
2.8	  8270.0
2.9	  6566.0
3.0	  5206.0
3.1	  4131.0
3.2	  3277.0
3.3	  2599.0
3.4	  2061.0
3.5	  1636.0
3.6	  1295.0
3.7	  1024.0
3.8	  810.0
3.9	  639.0
4.0	  505.0
4.1	  399.0
4.2	  314.0
4.3	  247.0
4.4	  193.0
4.5	  151.0
4.6	  118.0
4.7	  92.0
4.8	  71.0
4.9	  55.0
5.0	  42.0
5.1	  32.0
5.2	  25.0
5.3	  18.0
5.4	  14.0
5.5	  10.0
5.6	  7.0
5.7	  5.0
5.8	  4.0
5.9	  3.0
6.0	  2.0
6.1	  1.0
6.2	  1.0
6.3	  0.0
6.4	  0.0
6.5	  0.0
6.6	  0.0
6.7	  0.0
6.8	  0.0
6.9	  0.0
7.0	  0.0
7.1	  0.0
7.2	  0.0
7.3	  0.0
7.4	  0.0
7.5	  0.0
7.6	  0.0
7.7	  0.0
7.8	  0.0
7.9	  0.0
8.0	  0.0
8.1	  0.0
8.2	  0.0
8.3	  0.0
8.4	  0.0
8.5	  0.0
8.6	  0.0
8.7	  0.0
8.8	  0.0
8.9	  0.0
9.0	  0.0



DATASET #3

     Name: null
   Points: 66
     Info: 

Data[x,y]:
2.5	  51010.0
2.6	  40524.0
2.7	  32237.0
2.8	  25547.0
2.9	  20312.0
3.0	  16158.0
3.1	  12828.0
3.2	  10161.0
3.3	  8091.0
3.4	  6412.0
3.5	  5097.0
3.6	  4041.0
3.7	  3205.0
3.8	  2536.0
3.9	  2019.0
4.0	  1605.0
4.1	  1279.0
4.2	  1019.0
4.3	  805.0
4.4	  642.0
4.5	  511.0
4.6	  406.0
4.7	  321.0
4.8	  253.0
4.9	  201.0
5.0	  159.0
5.1	  126.0
5.2	  100.0
5.3	  80.0
5.4	  62.0
5.5	  50.0
5.6	  40.0
5.7	  32.0
5.8	  25.0
5.9	  20.0
6.0	  16.0
6.1	  13.0
6.2	  11.0
6.3	  9.0
6.4	  7.0
6.5	  6.0
6.6	  5.0
6.7	  4.0
6.8	  4.0
6.9	  3.0
7.0	  3.0
7.1	  2.0
7.2	  2.0
7.3	  2.0
7.4	  1.0
7.5	  1.0
7.6	  1.0
7.7	  1.0
7.8	  1.0
7.9	  1.0
8.0	  0.0
8.1	  0.0
8.2	  0.0
8.3	  0.0
8.4	  0.0
8.5	  0.0
8.6	  0.0
8.7	  0.0
8.8	  0.0
8.9	  0.0
9.0	  0.0



DATASET #4

     Name: Median
   Points: 66
     Info: 

Data[x,y]:
2.5	  22182.0
2.6	  17614.0
2.7	  14000.0
2.8	  11113.0
2.9	  8834.0
3.0	  7022.0
3.1	  5580.0
3.2	  4431.0
3.3	  3520.0
3.4	  2797.0
3.5	  2222.0
3.6	  1764.0
3.7	  1403.0
3.8	  1115.0
3.9	  887.0
4.0	  704.0
4.1	  560.0
4.2	  445.0
4.3	  354.0
4.4	  282.0
4.5	  223.0
4.6	  178.0
4.7	  142.0
4.8	  113.0
4.9	  89.0
5.0	  71.0
5.1	  56.0
5.2	  45.0
5.3	  36.0
5.4	  28.0
5.5	  22.0
5.6	  18.0
5.7	  14.0
5.8	  11.0
5.9	  9.0
6.0	  7.0
6.1	  5.0
6.2	  4.0
6.3	  3.0
6.4	  3.0
6.5	  2.0
6.6	  2.0
6.7	  1.0
6.8	  1.0
6.9	  1.0
7.0	  0.0
7.1	  0.0
7.2	  0.0
7.3	  0.0
7.4	  0.0
7.5	  0.0
7.6	  0.0
7.7	  0.0
7.8	  0.0
7.9	  0.0
8.0	  0.0
8.1	  0.0
8.2	  0.0
8.3	  0.0
8.4	  0.0
8.5	  0.0
8.6	  0.0
8.7	  0.0
8.8	  0.0
8.9	  0.0
9.0	  0.0



DATASET #5

     Name: Mode
   Points: 66
     Info: 

Data[x,y]:
2.5	  20176.0
2.6	  15334.0
2.7	  12025.0
2.8	  10503.0
2.9	  7519.0
3.0	  7034.0
3.1	  5282.0
3.2	  4109.0
3.3	  2874.0
3.4	  2392.0
3.5	  1956.0
3.6	  1419.0
3.7	  1232.0
3.8	  970.0
3.9	  790.0
4.0	  642.0
4.1	  482.0
4.2	  381.0
4.3	  298.0
4.4	  242.0
4.5	  194.0
4.6	  146.0
4.7	  125.0
4.8	  92.0
4.9	  80.0
5.0	  63.0
5.1	  49.0
5.2	  41.0
5.3	  32.0
5.4	  23.0
5.5	  21.0
5.6	  17.0
5.7	  13.0
5.8	  10.0
5.9	  7.0
6.0	  6.0
6.1	  5.0
6.2	  4.0
6.3	  3.0
6.4	  2.0
6.5	  1.0
6.6	  1.0
6.7	  1.0
6.8	  0.0
6.9	  0.0
7.0	  0.0
7.1	  0.0
7.2	  0.0
7.3	  0.0
7.4	  0.0
7.5	  0.0
7.6	  0.0
7.7	  0.0
7.8	  0.0
7.9	  0.0
8.0	  0.0
8.1	  0.0
8.2	  0.0
8.3	  0.0
8.4	  0.0
8.5	  0.0
8.6	  0.0
8.7	  0.0
8.8	  0.0
8.9	  0.0
9.0	  0.0



DATASET #6

     Name: 10 yr Prob
   Points: 66
     Info: 

Data[x,y]:
2.5	  1.0
2.6	  1.0
2.7	  1.0
2.8	  1.0
2.9	  1.0
3.0	  1.0
3.1	  1.0
3.2	  1.0
3.3	  1.0
3.4	  1.0
3.5	  1.0
3.6	  1.0
3.7	  1.0
3.8	  1.0
3.9	  1.0
4.0	  1.0
4.1	  1.0
4.2	  1.0
4.3	  1.0
4.4	  1.0
4.5	  1.0
4.6	  1.0
4.7	  1.0
4.8	  1.0
4.9	  1.0
5.0	  1.0
5.1	  1.0
5.2	  1.0
5.3	  1.0
5.4	  1.0
5.5	  1.0
5.6	  1.0
5.7	  1.0
5.8	  0.9997
5.9	  0.9987
6.0	  0.9966
6.1	  0.9902
6.2	  0.9785
6.3	  0.9565
6.4	  0.919
6.5	  0.8603
6.6	  0.7961
6.7	  0.7139
6.8	  0.6297
6.9	  0.5338
7.0	  0.4544
7.1	  0.3684
7.2	  0.2987
7.3	  0.2493
7.4	  0.1916
7.5	  0.1294
7.6	  0.098
7.7	  0.066
7.8	  0.0494
7.9	  0.032
8.0	  0.0171
8.1	  0.0068
8.2	  0.0022
8.3	  2.0E-4
8.4	  0.0
8.5	  0.0
8.6	  0.0
8.7	  0.0
8.8	  0.0
8.9	  0.0
9.0	  0.0



DATASET #7

Name: 95% Conf
Num Points: 66
Info: 

X, Y Data:
2.5	1.0	[1.0	1.0]
2.6	1.0	[1.0	1.0]
2.7	1.0	[1.0	1.0]
2.8	1.0	[1.0	1.0]
2.9	1.0	[1.0	1.0]
3.0	1.0	[1.0	1.0]
3.1	1.0	[1.0	1.0]
3.2	1.0	[1.0	1.0]
3.3	1.0	[1.0	1.0]
3.4	1.0	[1.0	1.0]
3.5	1.0	[1.0	1.0]
3.6	1.0	[1.0	1.0]
3.7	1.0	[1.0	1.0]
3.8	1.0	[1.0	1.0]
3.9	1.0	[1.0	1.0]
4.0	1.0	[1.0	1.0]
4.1	1.0	[1.0	1.0]
4.2	1.0	[1.0	1.0]
4.3	1.0	[1.0	1.0]
4.4	1.0	[1.0	1.0]
4.5	1.0	[1.0	1.0]
4.6	1.0	[1.0	1.0]
4.7	1.0	[1.0	1.0]
4.8	1.0	[1.0	1.0]
4.9	1.0	[1.0	1.0]
5.0	1.0	[1.0	1.0]
5.1	1.0	[1.0	1.0]
5.2	1.0	[1.0	1.0]
5.3	1.0	[1.0	1.0]
5.4	1.0	[1.0	1.0]
5.5	1.0	[1.0	1.0]
5.6	1.0	[1.0	1.0]
5.7	1.0	[1.0	1.0]
5.8	0.9997	[0.9990444	0.9999225]
5.9	0.9987	[0.9977139	0.9992769]
6.0	0.9966	[0.99519455	0.9976075]
6.1	0.9902	[0.9880174	0.9919964]
6.2	0.9785	[0.9754148	0.98121125]
6.3	0.9565	[0.95227146	0.9603736]
6.4	0.919	[0.9134387	0.92423654]
6.5	0.8603	[0.8533157	0.8670055]
6.6	0.7961	[0.78803957	0.8039316]
6.7	0.7139	[0.70491076	0.722724]
6.8	0.6297	[0.6201371	0.6391628]
6.9	0.5338	[0.52396125	0.54361266]
7.0	0.4544	[0.44461033	0.46422487]
7.1	0.3684	[0.35894805	0.37795356]
7.2	0.2987	[0.28975844	0.307797]
7.3	0.2493	[0.24086882	0.25792485]
7.4	0.1916	[0.18395601	0.19948238]
7.5	0.1294	[0.12291455	0.13617224]
7.6	0.098	[0.09227742	0.10403397]
7.7	0.066	[0.061250143	0.0710866]
7.8	0.0494	[0.04527503	0.053875115]
7.9	0.032	[0.028678723	0.035685915]
8.0	0.0171	[0.0146918055	0.019886352]
8.1	0.0068	[0.0053237206	0.008666744]
8.2	0.0022	[0.0014136021	0.0033890975]
8.3	2.0E-4	[3.464177E-5	8.0633943E-4]
8.4	0.0	[0.0	0.0]
8.5	0.0	[0.0	0.0]
8.6	0.0	[0.0	0.0]
8.7	0.0	[0.0	0.0]
8.8	0.0	[0.0	0.0]
8.9	0.0	[0.0	0.0]
9.0	0.0	[0.0	0.0]



DATASET #8

     Name: Supra
   Points: 66
     Info: 

Data[x,y]:
2.5	  0.9751
2.6	  0.9751
2.7	  0.9751
2.8	  0.9751
2.9	  0.9751
3.0	  0.9751
3.1	  0.9751
3.2	  0.9751
3.3	  0.9751
3.4	  0.9751
3.5	  0.9751
3.6	  0.9751
3.7	  0.9751
3.8	  0.9751
3.9	  0.9751
4.0	  0.9751
4.1	  0.9751
4.2	  0.9751
4.3	  0.9751
4.4	  0.9751
4.5	  0.9751
4.6	  0.9751
4.7	  0.9751
4.8	  0.9751
4.9	  0.9751
5.0	  0.9751
5.1	  0.9751
5.2	  0.9751
5.3	  0.9751
5.4	  0.9751
5.5	  0.9751
5.6	  0.9751
5.7	  0.9751
5.8	  0.9751
5.9	  0.9699
6.0	  0.9643
6.1	  0.9463
6.2	  0.9271
6.3	  0.8955
6.4	  0.8522
6.5	  0.7879
6.6	  0.7279
6.7	  0.6524
6.8	  0.5794
6.9	  0.4958
7.0	  0.4275
7.1	  0.351
7.2	  0.2886
7.3	  0.2435
7.4	  0.189
7.5	  0.1287
7.6	  0.0977
7.7	  0.0658
7.8	  0.0494
7.9	  0.032
8.0	  0.0171
8.1	  0.0068
8.2	  0.0022
8.3	  2.0E-4
8.4	  0.0
8.5	  0.0
8.6	  0.0
8.7	  0.0
8.8	  0.0
8.9	  0.0
9.0	  0.0


