
X-Axis: Magnitude
Y-Axis: 1 Hour Cumulative Number
Number of Data Sets: 9


DATASET #1

     Name: Mean
   Points: 66
     Info: 

Data[x,y]:
2.5	  0.0222
2.6	  0.0174
2.7	  0.0146
2.8	  0.0115
2.9	  0.0095
3.0	  0.0077
3.1	  0.0062
3.2	  0.0051
3.3	  0.0042
3.4	  0.0031
3.5	  0.0022
3.6	  0.0016
3.7	  0.0013
3.8	  9.0E-4
3.9	  6.0E-4
4.0	  6.0E-4
4.1	  4.0E-4
4.2	  4.0E-4
4.3	  3.0E-4
4.4	  3.0E-4
4.5	  3.0E-4
4.6	  3.0E-4
4.7	  3.0E-4
4.8	  2.0E-4
4.9	  1.0E-4
5.0	  1.0E-4
5.1	  1.0E-4
5.2	  1.0E-4
5.3	  1.0E-4
5.4	  1.0E-4
5.5	  1.0E-4
5.6	  0.0
5.7	  0.0
5.8	  0.0
5.9	  0.0
6.0	  0.0
6.1	  0.0
6.2	  0.0
6.3	  0.0
6.4	  0.0
6.5	  0.0
6.6	  0.0
6.7	  0.0
6.8	  0.0
6.9	  0.0
7.0	  0.0
7.1	  0.0
7.2	  0.0
7.3	  0.0
7.4	  0.0
7.5	  0.0
7.6	  0.0
7.7	  0.0
7.8	  0.0
7.9	  0.0
8.0	  0.0
8.1	  0.0
8.2	  0.0
8.3	  0.0
8.4	  0.0
8.5	  0.0
8.6	  0.0
8.7	  0.0
8.8	  0.0
8.9	  0.0
9.0	  0.0



DATASET #2

     Name: 2.5%,97.5%
   Points: 66
     Info: 

Data[x,y]:
2.5	  0.0
2.6	  0.0
2.7	  0.0
2.8	  0.0
2.9	  0.0
3.0	  0.0
3.1	  0.0
3.2	  0.0
3.3	  0.0
3.4	  0.0
3.5	  0.0
3.6	  0.0
3.7	  0.0
3.8	  0.0
3.9	  0.0
4.0	  0.0
4.1	  0.0
4.2	  0.0
4.3	  0.0
4.4	  0.0
4.5	  0.0
4.6	  0.0
4.7	  0.0
4.8	  0.0
4.9	  0.0
5.0	  0.0
5.1	  0.0
5.2	  0.0
5.3	  0.0
5.4	  0.0
5.5	  0.0
5.6	  0.0
5.7	  0.0
5.8	  0.0
5.9	  0.0
6.0	  0.0
6.1	  0.0
6.2	  0.0
6.3	  0.0
6.4	  0.0
6.5	  0.0
6.6	  0.0
6.7	  0.0
6.8	  0.0
6.9	  0.0
7.0	  0.0
7.1	  0.0
7.2	  0.0
7.3	  0.0
7.4	  0.0
7.5	  0.0
7.6	  0.0
7.7	  0.0
7.8	  0.0
7.9	  0.0
8.0	  0.0
8.1	  0.0
8.2	  0.0
8.3	  0.0
8.4	  0.0
8.5	  0.0
8.6	  0.0
8.7	  0.0
8.8	  0.0
8.9	  0.0
9.0	  0.0



DATASET #3

     Name: null
   Points: 66
     Info: 

Data[x,y]:
2.5	  0.0
2.6	  0.0
2.7	  0.0
2.8	  0.0
2.9	  0.0
3.0	  0.0
3.1	  0.0
3.2	  0.0
3.3	  0.0
3.4	  0.0
3.5	  0.0
3.6	  0.0
3.7	  0.0
3.8	  0.0
3.9	  0.0
4.0	  0.0
4.1	  0.0
4.2	  0.0
4.3	  0.0
4.4	  0.0
4.5	  0.0
4.6	  0.0
4.7	  0.0
4.8	  0.0
4.9	  0.0
5.0	  0.0
5.1	  0.0
5.2	  0.0
5.3	  0.0
5.4	  0.0
5.5	  0.0
5.6	  0.0
5.7	  0.0
5.8	  0.0
5.9	  0.0
6.0	  0.0
6.1	  0.0
6.2	  0.0
6.3	  0.0
6.4	  0.0
6.5	  0.0
6.6	  0.0
6.7	  0.0
6.8	  0.0
6.9	  0.0
7.0	  0.0
7.1	  0.0
7.2	  0.0
7.3	  0.0
7.4	  0.0
7.5	  0.0
7.6	  0.0
7.7	  0.0
7.8	  0.0
7.9	  0.0
8.0	  0.0
8.1	  0.0
8.2	  0.0
8.3	  0.0
8.4	  0.0
8.5	  0.0
8.6	  0.0
8.7	  0.0
8.8	  0.0
8.9	  0.0
9.0	  0.0



DATASET #4

     Name: Median
   Points: 66
     Info: 

Data[x,y]:
2.5	  0.0
2.6	  0.0
2.7	  0.0
2.8	  0.0
2.9	  0.0
3.0	  0.0
3.1	  0.0
3.2	  0.0
3.3	  0.0
3.4	  0.0
3.5	  0.0
3.6	  0.0
3.7	  0.0
3.8	  0.0
3.9	  0.0
4.0	  0.0
4.1	  0.0
4.2	  0.0
4.3	  0.0
4.4	  0.0
4.5	  0.0
4.6	  0.0
4.7	  0.0
4.8	  0.0
4.9	  0.0
5.0	  0.0
5.1	  0.0
5.2	  0.0
5.3	  0.0
5.4	  0.0
5.5	  0.0
5.6	  0.0
5.7	  0.0
5.8	  0.0
5.9	  0.0
6.0	  0.0
6.1	  0.0
6.2	  0.0
6.3	  0.0
6.4	  0.0
6.5	  0.0
6.6	  0.0
6.7	  0.0
6.8	  0.0
6.9	  0.0
7.0	  0.0
7.1	  0.0
7.2	  0.0
7.3	  0.0
7.4	  0.0
7.5	  0.0
7.6	  0.0
7.7	  0.0
7.8	  0.0
7.9	  0.0
8.0	  0.0
8.1	  0.0
8.2	  0.0
8.3	  0.0
8.4	  0.0
8.5	  0.0
8.6	  0.0
8.7	  0.0
8.8	  0.0
8.9	  0.0
9.0	  0.0



DATASET #5

     Name: Mode
   Points: 66
     Info: 

Data[x,y]:
2.5	  0.0
2.6	  0.0
2.7	  0.0
2.8	  0.0
2.9	  0.0
3.0	  0.0
3.1	  0.0
3.2	  0.0
3.3	  0.0
3.4	  0.0
3.5	  0.0
3.6	  0.0
3.7	  0.0
3.8	  0.0
3.9	  0.0
4.0	  0.0
4.1	  0.0
4.2	  0.0
4.3	  0.0
4.4	  0.0
4.5	  0.0
4.6	  0.0
4.7	  0.0
4.8	  0.0
4.9	  0.0
5.0	  0.0
5.1	  0.0
5.2	  0.0
5.3	  0.0
5.4	  0.0
5.5	  0.0
5.6	  0.0
5.7	  0.0
5.8	  0.0
5.9	  0.0
6.0	  0.0
6.1	  0.0
6.2	  0.0
6.3	  0.0
6.4	  0.0
6.5	  0.0
6.6	  0.0
6.7	  0.0
6.8	  0.0
6.9	  0.0
7.0	  0.0
7.1	  0.0
7.2	  0.0
7.3	  0.0
7.4	  0.0
7.5	  0.0
7.6	  0.0
7.7	  0.0
7.8	  0.0
7.9	  0.0
8.0	  0.0
8.1	  0.0
8.2	  0.0
8.3	  0.0
8.4	  0.0
8.5	  0.0
8.6	  0.0
8.7	  0.0
8.8	  0.0
8.9	  0.0
9.0	  0.0



DATASET #6

     Name: 1 hr Prob
   Points: 66
     Info: 

Data[x,y]:
2.5	  0.0199
2.6	  0.0156
2.7	  0.0132
2.8	  0.0105
2.9	  0.0086
3.0	  0.0069
3.1	  0.0057
3.2	  0.0048
3.3	  0.0039
3.4	  0.0028
3.5	  0.002
3.6	  0.0015
3.7	  0.0012
3.8	  8.0E-4
3.9	  6.0E-4
4.0	  6.0E-4
4.1	  4.0E-4
4.2	  4.0E-4
4.3	  3.0E-4
4.4	  3.0E-4
4.5	  3.0E-4
4.6	  3.0E-4
4.7	  3.0E-4
4.8	  2.0E-4
4.9	  1.0E-4
5.0	  1.0E-4
5.1	  1.0E-4
5.2	  1.0E-4
5.3	  1.0E-4
5.4	  1.0E-4
5.5	  1.0E-4
5.6	  0.0
5.7	  0.0
5.8	  0.0
5.9	  0.0
6.0	  0.0
6.1	  0.0
6.2	  0.0
6.3	  0.0
6.4	  0.0
6.5	  0.0
6.6	  0.0
6.7	  0.0
6.8	  0.0
6.9	  0.0
7.0	  0.0
7.1	  0.0
7.2	  0.0
7.3	  0.0
7.4	  0.0
7.5	  0.0
7.6	  0.0
7.7	  0.0
7.8	  0.0
7.9	  0.0
8.0	  0.0
8.1	  0.0
8.2	  0.0
8.3	  0.0
8.4	  0.0
8.5	  0.0
8.6	  0.0
8.7	  0.0
8.8	  0.0
8.9	  0.0
9.0	  0.0



DATASET #7

Name: 95% Conf
Num Points: 66
Info: 

X, Y Data:
2.5	0.0199	[0.017294796	0.022880651]
2.6	0.0156	[0.013304339	0.018275328]
2.7	0.0132	[0.011096798	0.015685404]
2.8	0.0105	[0.008636409	0.0127489045]
2.9	0.0086	[0.0069246525	0.010663124]
3.0	0.0069	[0.0054120068	0.008778296]
3.1	0.0057	[0.0043588066	0.007433585]
3.2	0.0048	[0.0035794603	0.0064147646]
3.3	0.0039	[0.002812091	0.0053843316]
3.4	0.0028	[0.0018971149	0.004102874]
3.5	0.002	[0.0012558516	0.0031479585]
3.6	0.0015	[8.7160297E-4	0.0025357252]
3.7	0.0012	[6.503313E-4	0.0021599256]
3.8	8.0E-4	[3.72026E-4	0.0016440704]
3.9	6.0E-4	[2.4392352E-4	0.0013767487]
4.0	6.0E-4	[2.4392352E-4	0.0013767487]
4.1	4.0E-4	[1.281423E-4	0.0010995757]
4.2	4.0E-4	[1.281423E-4	0.0010995757]
4.3	3.0E-4	[7.748102E-5	9.5560134E-4]
4.4	3.0E-4	[7.748102E-5	9.5560134E-4]
4.5	3.0E-4	[7.748102E-5	9.5560134E-4]
4.6	3.0E-4	[7.748102E-5	9.5560134E-4]
4.7	3.0E-4	[7.748102E-5	9.5560134E-4]
4.8	2.0E-4	[3.464177E-5	8.0633943E-4]
4.9	1.0E-4	[5.219881E-6	6.492555E-4]
5.0	1.0E-4	[5.219881E-6	6.492555E-4]
5.1	1.0E-4	[5.219881E-6	6.492555E-4]
5.2	1.0E-4	[5.219881E-6	6.492555E-4]
5.3	1.0E-4	[5.219881E-6	6.492555E-4]
5.4	1.0E-4	[5.219881E-6	6.492555E-4]
5.5	1.0E-4	[5.219881E-6	6.492555E-4]
5.6	0.0	[0.0	4.787542E-4]
5.7	0.0	[0.0	4.787542E-4]
5.8	0.0	[0.0	4.787542E-4]
5.9	0.0	[0.0	4.787542E-4]
6.0	0.0	[0.0	4.787542E-4]
6.1	0.0	[0.0	4.787542E-4]
6.2	0.0	[0.0	4.787542E-4]
6.3	0.0	[0.0	4.787542E-4]
6.4	0.0	[0.0	4.787542E-4]
6.5	0.0	[0.0	4.787542E-4]
6.6	0.0	[0.0	4.787542E-4]
6.7	0.0	[0.0	4.787542E-4]
6.8	0.0	[0.0	4.787542E-4]
6.9	0.0	[0.0	4.787542E-4]
7.0	0.0	[0.0	4.787542E-4]
7.1	0.0	[0.0	4.787542E-4]
7.2	0.0	[0.0	4.787542E-4]
7.3	0.0	[0.0	4.787542E-4]
7.4	0.0	[0.0	4.787542E-4]
7.5	0.0	[0.0	4.787542E-4]
7.6	0.0	[0.0	4.787542E-4]
7.7	0.0	[0.0	4.787542E-4]
7.8	0.0	[0.0	4.787542E-4]
7.9	0.0	[0.0	4.787542E-4]
8.0	0.0	[0.0	4.787542E-4]
8.1	0.0	[0.0	4.787542E-4]
8.2	0.0	[0.0	4.787542E-4]
8.3	0.0	[0.0	4.787542E-4]
8.4	0.0	[0.0	0.0]
8.5	0.0	[0.0	0.0]
8.6	0.0	[0.0	0.0]
8.7	0.0	[0.0	0.0]
8.8	0.0	[0.0	0.0]
8.9	0.0	[0.0	0.0]
9.0	0.0	[0.0	0.0]



DATASET #8

     Name: Supra
   Points: 66
     Info: 

Data[x,y]:
2.5	  0.0
2.6	  0.0
2.7	  0.0
2.8	  0.0
2.9	  0.0
3.0	  0.0
3.1	  0.0
3.2	  0.0
3.3	  0.0
3.4	  0.0
3.5	  0.0
3.6	  0.0
3.7	  0.0
3.8	  0.0
3.9	  0.0
4.0	  0.0
4.1	  0.0
4.2	  0.0
4.3	  0.0
4.4	  0.0
4.5	  0.0
4.6	  0.0
4.7	  0.0
4.8	  0.0
4.9	  0.0
5.0	  0.0
5.1	  0.0
5.2	  0.0
5.3	  0.0
5.4	  0.0
5.5	  0.0
5.6	  0.0
5.7	  0.0
5.8	  0.0
5.9	  0.0
6.0	  0.0
6.1	  0.0
6.2	  0.0
6.3	  0.0
6.4	  0.0
6.5	  0.0
6.6	  0.0
6.7	  0.0
6.8	  0.0
6.9	  0.0
7.0	  0.0
7.1	  0.0
7.2	  0.0
7.3	  0.0
7.4	  0.0
7.5	  0.0
7.6	  0.0
7.7	  0.0
7.8	  0.0
7.9	  0.0
8.0	  0.0
8.1	  0.0
8.2	  0.0
8.3	  0.0
8.4	  0.0
8.5	  0.0
8.6	  0.0
8.7	  0.0
8.8	  0.0
8.9	  0.0
9.0	  0.0



DATASET #9

     Name: Primary
   Points: 66
     Info: 

Data[x,y]:
2.5	  0.02
2.6	  0.0157
2.7	  0.0132
2.8	  0.0104
2.9	  0.0087
3.0	  0.007
3.1	  0.0058
3.2	  0.0048
3.3	  0.0039
3.4	  0.0028
3.5	  0.002
3.6	  0.0015
3.7	  0.0012
3.8	  8.0E-4
3.9	  6.0E-4
4.0	  6.0E-4
4.1	  4.0E-4
4.2	  4.0E-4
4.3	  3.0E-4
4.4	  3.0E-4
4.5	  3.0E-4
4.6	  3.0E-4
4.7	  3.0E-4
4.8	  2.0E-4
4.9	  1.0E-4
5.0	  1.0E-4
5.1	  1.0E-4
5.2	  1.0E-4
5.3	  1.0E-4
5.4	  1.0E-4
5.5	  1.0E-4
5.6	  0.0
5.7	  0.0
5.8	  0.0
5.9	  0.0
6.0	  0.0
6.1	  0.0
6.2	  0.0
6.3	  0.0
6.4	  0.0
6.5	  0.0
6.6	  0.0
6.7	  0.0
6.8	  0.0
6.9	  0.0
7.0	  0.0
7.1	  0.0
7.2	  0.0
7.3	  0.0
7.4	  0.0
7.5	  0.0
7.6	  0.0
7.7	  0.0
7.8	  0.0
7.9	  0.0
8.0	  0.0
8.1	  0.0
8.2	  0.0
8.3	  0.0
8.4	  0.0
8.5	  0.0
8.6	  0.0
8.7	  0.0
8.8	  0.0
8.9	  0.0
9.0	  0.0


