
X-Axis: Magnitude
Y-Axis: 1 Hour Cumulative Number
Number of Data Sets: 8


DATASET #1

     Name: Mean
   Points: 66
     Info: 

Data[x,y]:
2.5	  0.165
2.6	  0.1321
2.7	  0.1064
2.8	  0.0835
2.9	  0.0684
3.0	  0.054
3.1	  0.0426
3.2	  0.0334
3.3	  0.0271
3.4	  0.021
3.5	  0.016
3.6	  0.013
3.7	  0.0111
3.8	  0.0096
3.9	  0.008
4.0	  0.0059
4.1	  0.0049
4.2	  0.0041
4.3	  0.0031
4.4	  0.0022
4.5	  0.0019
4.6	  0.0016
4.7	  0.0013
4.8	  0.001
4.9	  8.0E-4
5.0	  6.0E-4
5.1	  5.0E-4
5.2	  5.0E-4
5.3	  5.0E-4
5.4	  5.0E-4
5.5	  3.0E-4
5.6	  1.0E-4
5.7	  1.0E-4
5.8	  1.0E-4
5.9	  1.0E-4
6.0	  1.0E-4
6.1	  1.0E-4
6.2	  1.0E-4
6.3	  1.0E-4
6.4	  1.0E-4
6.5	  1.0E-4
6.6	  1.0E-4
6.7	  1.0E-4
6.8	  1.0E-4
6.9	  1.0E-4
7.0	  0.0
7.1	  0.0
7.2	  0.0
7.3	  0.0
7.4	  0.0
7.5	  0.0
7.6	  0.0
7.7	  0.0
7.8	  0.0
7.9	  0.0
8.0	  0.0
8.1	  0.0
8.2	  0.0
8.3	  0.0
8.4	  0.0
8.5	  0.0
8.6	  0.0
8.7	  0.0
8.8	  0.0
8.9	  0.0
9.0	  0.0



DATASET #2

     Name: 2.5%,97.5%
   Points: 66
     Info: 

Data[x,y]:
2.5	  0.0
2.6	  0.0
2.7	  0.0
2.8	  0.0
2.9	  0.0
3.0	  0.0
3.1	  0.0
3.2	  0.0
3.3	  0.0
3.4	  0.0
3.5	  0.0
3.6	  0.0
3.7	  0.0
3.8	  0.0
3.9	  0.0
4.0	  0.0
4.1	  0.0
4.2	  0.0
4.3	  0.0
4.4	  0.0
4.5	  0.0
4.6	  0.0
4.7	  0.0
4.8	  0.0
4.9	  0.0
5.0	  0.0
5.1	  0.0
5.2	  0.0
5.3	  0.0
5.4	  0.0
5.5	  0.0
5.6	  0.0
5.7	  0.0
5.8	  0.0
5.9	  0.0
6.0	  0.0
6.1	  0.0
6.2	  0.0
6.3	  0.0
6.4	  0.0
6.5	  0.0
6.6	  0.0
6.7	  0.0
6.8	  0.0
6.9	  0.0
7.0	  0.0
7.1	  0.0
7.2	  0.0
7.3	  0.0
7.4	  0.0
7.5	  0.0
7.6	  0.0
7.7	  0.0
7.8	  0.0
7.9	  0.0
8.0	  0.0
8.1	  0.0
8.2	  0.0
8.3	  0.0
8.4	  0.0
8.5	  0.0
8.6	  0.0
8.7	  0.0
8.8	  0.0
8.9	  0.0
9.0	  0.0



DATASET #3

     Name: null
   Points: 66
     Info: 

Data[x,y]:
2.5	  1.0
2.6	  1.0
2.7	  1.0
2.8	  1.0
2.9	  1.0
3.0	  1.0
3.1	  1.0
3.2	  1.0
3.3	  0.0
3.4	  0.0
3.5	  0.0
3.6	  0.0
3.7	  0.0
3.8	  0.0
3.9	  0.0
4.0	  0.0
4.1	  0.0
4.2	  0.0
4.3	  0.0
4.4	  0.0
4.5	  0.0
4.6	  0.0
4.7	  0.0
4.8	  0.0
4.9	  0.0
5.0	  0.0
5.1	  0.0
5.2	  0.0
5.3	  0.0
5.4	  0.0
5.5	  0.0
5.6	  0.0
5.7	  0.0
5.8	  0.0
5.9	  0.0
6.0	  0.0
6.1	  0.0
6.2	  0.0
6.3	  0.0
6.4	  0.0
6.5	  0.0
6.6	  0.0
6.7	  0.0
6.8	  0.0
6.9	  0.0
7.0	  0.0
7.1	  0.0
7.2	  0.0
7.3	  0.0
7.4	  0.0
7.5	  0.0
7.6	  0.0
7.7	  0.0
7.8	  0.0
7.9	  0.0
8.0	  0.0
8.1	  0.0
8.2	  0.0
8.3	  0.0
8.4	  0.0
8.5	  0.0
8.6	  0.0
8.7	  0.0
8.8	  0.0
8.9	  0.0
9.0	  0.0



DATASET #4

     Name: Median
   Points: 66
     Info: 

Data[x,y]:
2.5	  0.0
2.6	  0.0
2.7	  0.0
2.8	  0.0
2.9	  0.0
3.0	  0.0
3.1	  0.0
3.2	  0.0
3.3	  0.0
3.4	  0.0
3.5	  0.0
3.6	  0.0
3.7	  0.0
3.8	  0.0
3.9	  0.0
4.0	  0.0
4.1	  0.0
4.2	  0.0
4.3	  0.0
4.4	  0.0
4.5	  0.0
4.6	  0.0
4.7	  0.0
4.8	  0.0
4.9	  0.0
5.0	  0.0
5.1	  0.0
5.2	  0.0
5.3	  0.0
5.4	  0.0
5.5	  0.0
5.6	  0.0
5.7	  0.0
5.8	  0.0
5.9	  0.0
6.0	  0.0
6.1	  0.0
6.2	  0.0
6.3	  0.0
6.4	  0.0
6.5	  0.0
6.6	  0.0
6.7	  0.0
6.8	  0.0
6.9	  0.0
7.0	  0.0
7.1	  0.0
7.2	  0.0
7.3	  0.0
7.4	  0.0
7.5	  0.0
7.6	  0.0
7.7	  0.0
7.8	  0.0
7.9	  0.0
8.0	  0.0
8.1	  0.0
8.2	  0.0
8.3	  0.0
8.4	  0.0
8.5	  0.0
8.6	  0.0
8.7	  0.0
8.8	  0.0
8.9	  0.0
9.0	  0.0



DATASET #5

     Name: Mode
   Points: 66
     Info: 

Data[x,y]:
2.5	  0.0
2.6	  0.0
2.7	  0.0
2.8	  0.0
2.9	  0.0
3.0	  0.0
3.1	  0.0
3.2	  0.0
3.3	  0.0
3.4	  0.0
3.5	  0.0
3.6	  0.0
3.7	  0.0
3.8	  0.0
3.9	  0.0
4.0	  0.0
4.1	  0.0
4.2	  0.0
4.3	  0.0
4.4	  0.0
4.5	  0.0
4.6	  0.0
4.7	  0.0
4.8	  0.0
4.9	  0.0
5.0	  0.0
5.1	  0.0
5.2	  0.0
5.3	  0.0
5.4	  0.0
5.5	  0.0
5.6	  0.0
5.7	  0.0
5.8	  0.0
5.9	  0.0
6.0	  0.0
6.1	  0.0
6.2	  0.0
6.3	  0.0
6.4	  0.0
6.5	  0.0
6.6	  0.0
6.7	  0.0
6.8	  0.0
6.9	  0.0
7.0	  0.0
7.1	  0.0
7.2	  0.0
7.3	  0.0
7.4	  0.0
7.5	  0.0
7.6	  0.0
7.7	  0.0
7.8	  0.0
7.9	  0.0
8.0	  0.0
8.1	  0.0
8.2	  0.0
8.3	  0.0
8.4	  0.0
8.5	  0.0
8.6	  0.0
8.7	  0.0
8.8	  0.0
8.9	  0.0
9.0	  0.0



DATASET #6

     Name: 1 hr Prob
   Points: 66
     Info: 

Data[x,y]:
2.5	  0.1233
2.6	  0.1003
2.7	  0.0814
2.8	  0.0651
2.9	  0.0542
3.0	  0.0435
3.1	  0.0345
3.2	  0.0274
3.3	  0.0222
3.4	  0.0172
3.5	  0.013
3.6	  0.0109
3.7	  0.0091
3.8	  0.0077
3.9	  0.0066
4.0	  0.0052
4.1	  0.0043
4.2	  0.0039
4.3	  0.0029
4.4	  0.0021
4.5	  0.0019
4.6	  0.0016
4.7	  0.0013
4.8	  0.001
4.9	  8.0E-4
5.0	  6.0E-4
5.1	  5.0E-4
5.2	  5.0E-4
5.3	  5.0E-4
5.4	  5.0E-4
5.5	  3.0E-4
5.6	  1.0E-4
5.7	  1.0E-4
5.8	  1.0E-4
5.9	  1.0E-4
6.0	  1.0E-4
6.1	  1.0E-4
6.2	  1.0E-4
6.3	  1.0E-4
6.4	  1.0E-4
6.5	  1.0E-4
6.6	  1.0E-4
6.7	  1.0E-4
6.8	  1.0E-4
6.9	  1.0E-4
7.0	  0.0
7.1	  0.0
7.2	  0.0
7.3	  0.0
7.4	  0.0
7.5	  0.0
7.6	  0.0
7.7	  0.0
7.8	  0.0
7.9	  0.0
8.0	  0.0
8.1	  0.0
8.2	  0.0
8.3	  0.0
8.4	  0.0
8.5	  0.0
8.6	  0.0
8.7	  0.0
8.8	  0.0
8.9	  0.0
9.0	  0.0



DATASET #7

Name: 95% Conf
Num Points: 66
Info: 

X, Y Data:
2.5	0.1233	[0.1169513	0.12994026]
2.6	0.1003	[0.09451611	0.10639347]
2.7	0.0814	[0.0761513	0.0869732]
2.8	0.0651	[0.060381435	0.07015603]
2.9	0.0542	[0.049883015	0.058863223]
3.0	0.0435	[0.039626434	0.04772855]
3.1	0.0345	[0.031050308	0.038312197]
3.2	0.0274	[0.024330186	0.030838445]
3.3	0.0222	[0.019443667	0.025329636]
3.4	0.0172	[0.01478449	0.019993568]
3.5	0.013	[0.010913625	0.015468795]
3.6	0.0109	[0.008999063	0.0131857665]
3.7	0.0091	[0.0073732147	0.011213884]
3.8	0.0077	[0.00612123	0.009667834]
3.9	0.0066	[0.0051474124	0.0084433835]
4.0	0.0052	[0.0039245463	0.006868828]
4.1	0.0043	[0.003151437	0.0058439523]
4.2	0.0039	[0.002812091	0.0053843316]
4.3	0.0029	[0.0019789496	0.0042206547]
4.4	0.0021	[0.0013344795	0.003268759]
4.5	0.0019	[0.001177755	0.0030266633]
4.6	0.0016	[9.470969E-4	0.0026594182]
4.7	0.0013	[7.231267E-4	0.002286058]
4.8	0.001	[5.0824444E-4	0.0019045521]
4.9	8.0E-4	[3.72026E-4	0.0016440704]
5.0	6.0E-4	[2.4392352E-4	0.0013767487]
5.1	5.0E-4	[1.8409123E-4	0.0012396665]
5.2	5.0E-4	[1.8409123E-4	0.0012396665]
5.3	5.0E-4	[1.8409123E-4	0.0012396665]
5.4	5.0E-4	[1.8409123E-4	0.0012396665]
5.5	3.0E-4	[7.748102E-5	9.5560134E-4]
5.6	1.0E-4	[5.219881E-6	6.492555E-4]
5.7	1.0E-4	[5.219881E-6	6.492555E-4]
5.8	1.0E-4	[5.219881E-6	6.492555E-4]
5.9	1.0E-4	[5.219881E-6	6.492555E-4]
6.0	1.0E-4	[5.219881E-6	6.492555E-4]
6.1	1.0E-4	[5.219881E-6	6.492555E-4]
6.2	1.0E-4	[5.219881E-6	6.492555E-4]
6.3	1.0E-4	[5.219881E-6	6.492555E-4]
6.4	1.0E-4	[5.219881E-6	6.492555E-4]
6.5	1.0E-4	[5.219881E-6	6.492555E-4]
6.6	1.0E-4	[5.219881E-6	6.492555E-4]
6.7	1.0E-4	[5.219881E-6	6.492555E-4]
6.8	1.0E-4	[5.219881E-6	6.492555E-4]
6.9	1.0E-4	[5.219881E-6	6.492555E-4]
7.0	0.0	[0.0	4.787542E-4]
7.1	0.0	[0.0	4.787542E-4]
7.2	0.0	[0.0	4.787542E-4]
7.3	0.0	[0.0	4.787542E-4]
7.4	0.0	[0.0	4.787542E-4]
7.5	0.0	[0.0	4.787542E-4]
7.6	0.0	[0.0	4.787542E-4]
7.7	0.0	[0.0	4.787542E-4]
7.8	0.0	[0.0	4.787542E-4]
7.9	0.0	[0.0	4.787542E-4]
8.0	0.0	[0.0	4.787542E-4]
8.1	0.0	[0.0	4.787542E-4]
8.2	0.0	[0.0	4.787542E-4]
8.3	0.0	[0.0	4.787542E-4]
8.4	0.0	[0.0	0.0]
8.5	0.0	[0.0	0.0]
8.6	0.0	[0.0	0.0]
8.7	0.0	[0.0	0.0]
8.8	0.0	[0.0	0.0]
8.9	0.0	[0.0	0.0]
9.0	0.0	[0.0	0.0]



DATASET #8

     Name: Supra
   Points: 66
     Info: 

Data[x,y]:
2.5	  1.0E-4
2.6	  1.0E-4
2.7	  1.0E-4
2.8	  1.0E-4
2.9	  1.0E-4
3.0	  1.0E-4
3.1	  1.0E-4
3.2	  1.0E-4
3.3	  1.0E-4
3.4	  1.0E-4
3.5	  1.0E-4
3.6	  1.0E-4
3.7	  1.0E-4
3.8	  1.0E-4
3.9	  1.0E-4
4.0	  1.0E-4
4.1	  1.0E-4
4.2	  1.0E-4
4.3	  1.0E-4
4.4	  1.0E-4
4.5	  1.0E-4
4.6	  1.0E-4
4.7	  1.0E-4
4.8	  1.0E-4
4.9	  1.0E-4
5.0	  1.0E-4
5.1	  1.0E-4
5.2	  1.0E-4
5.3	  1.0E-4
5.4	  1.0E-4
5.5	  1.0E-4
5.6	  1.0E-4
5.7	  1.0E-4
5.8	  1.0E-4
5.9	  1.0E-4
6.0	  1.0E-4
6.1	  1.0E-4
6.2	  1.0E-4
6.3	  1.0E-4
6.4	  1.0E-4
6.5	  1.0E-4
6.6	  1.0E-4
6.7	  1.0E-4
6.8	  1.0E-4
6.9	  1.0E-4
7.0	  0.0
7.1	  0.0
7.2	  0.0
7.3	  0.0
7.4	  0.0
7.5	  0.0
7.6	  0.0
7.7	  0.0
7.8	  0.0
7.9	  0.0
8.0	  0.0
8.1	  0.0
8.2	  0.0
8.3	  0.0
8.4	  0.0
8.5	  0.0
8.6	  0.0
8.7	  0.0
8.8	  0.0
8.9	  0.0
9.0	  0.0


