
X-Axis: Magnitude
Y-Axis: 1 Week Cumulative Number
Number of Data Sets: 9


DATASET #1

     Name: Mean
   Points: 66
     Info: 

Data[x,y]:
2.5	  14.3265
2.6	  11.3727
2.7	  9.0351
2.8	  7.1894
2.9	  5.7093
3.0	  4.5507
3.1	  3.6228
3.2	  2.873
3.3	  2.2853
3.4	  1.8119
3.5	  1.4415
3.6	  1.1478
3.7	  0.9072
3.8	  0.7157
3.9	  0.5646
4.0	  0.4483
4.1	  0.3511
4.2	  0.2781
4.3	  0.2194
4.4	  0.1751
4.5	  0.1424
4.6	  0.1153
4.7	  0.0922
4.8	  0.0749
4.9	  0.0601
5.0	  0.0476
5.1	  0.037
5.2	  0.0289
5.3	  0.0233
5.4	  0.0201
5.5	  0.0158
5.6	  0.0122
5.7	  0.0099
5.8	  0.0073
5.9	  0.0055
6.0	  0.0045
6.1	  0.004
6.2	  0.0035
6.3	  0.0027
6.4	  0.002
6.5	  0.0018
6.6	  0.0016
6.7	  0.0012
6.8	  9.0E-4
6.9	  6.0E-4
7.0	  5.0E-4
7.1	  5.0E-4
7.2	  3.0E-4
7.3	  3.0E-4
7.4	  1.0E-4
7.5	  1.0E-4
7.6	  1.0E-4
7.7	  1.0E-4
7.8	  1.0E-4
7.9	  1.0E-4
8.0	  1.0E-4
8.1	  1.0E-4
8.2	  0.0
8.3	  0.0
8.4	  0.0
8.5	  0.0
8.6	  0.0
8.7	  0.0
8.8	  0.0
8.9	  0.0
9.0	  0.0



DATASET #2

     Name: 2.5%,97.5%
   Points: 66
     Info: 

Data[x,y]:
2.5	  2.0
2.6	  1.0
2.7	  1.0
2.8	  0.0
2.9	  0.0
3.0	  0.0
3.1	  0.0
3.2	  0.0
3.3	  0.0
3.4	  0.0
3.5	  0.0
3.6	  0.0
3.7	  0.0
3.8	  0.0
3.9	  0.0
4.0	  0.0
4.1	  0.0
4.2	  0.0
4.3	  0.0
4.4	  0.0
4.5	  0.0
4.6	  0.0
4.7	  0.0
4.8	  0.0
4.9	  0.0
5.0	  0.0
5.1	  0.0
5.2	  0.0
5.3	  0.0
5.4	  0.0
5.5	  0.0
5.6	  0.0
5.7	  0.0
5.8	  0.0
5.9	  0.0
6.0	  0.0
6.1	  0.0
6.2	  0.0
6.3	  0.0
6.4	  0.0
6.5	  0.0
6.6	  0.0
6.7	  0.0
6.8	  0.0
6.9	  0.0
7.0	  0.0
7.1	  0.0
7.2	  0.0
7.3	  0.0
7.4	  0.0
7.5	  0.0
7.6	  0.0
7.7	  0.0
7.8	  0.0
7.9	  0.0
8.0	  0.0
8.1	  0.0
8.2	  0.0
8.3	  0.0
8.4	  0.0
8.5	  0.0
8.6	  0.0
8.7	  0.0
8.8	  0.0
8.9	  0.0
9.0	  0.0



DATASET #3

     Name: null
   Points: 66
     Info: 

Data[x,y]:
2.5	  33.0
2.6	  26.0
2.7	  21.0
2.8	  17.0
2.9	  14.0
3.0	  11.0
3.1	  9.0
3.2	  8.0
3.3	  7.0
3.4	  6.0
3.5	  5.0
3.6	  4.0
3.7	  4.0
3.8	  3.0
3.9	  3.0
4.0	  2.0
4.1	  2.0
4.2	  2.0
4.3	  2.0
4.4	  1.0
4.5	  1.0
4.6	  1.0
4.7	  1.0
4.8	  1.0
4.9	  1.0
5.0	  1.0
5.1	  0.0
5.2	  0.0
5.3	  0.0
5.4	  0.0
5.5	  0.0
5.6	  0.0
5.7	  0.0
5.8	  0.0
5.9	  0.0
6.0	  0.0
6.1	  0.0
6.2	  0.0
6.3	  0.0
6.4	  0.0
6.5	  0.0
6.6	  0.0
6.7	  0.0
6.8	  0.0
6.9	  0.0
7.0	  0.0
7.1	  0.0
7.2	  0.0
7.3	  0.0
7.4	  0.0
7.5	  0.0
7.6	  0.0
7.7	  0.0
7.8	  0.0
7.9	  0.0
8.0	  0.0
8.1	  0.0
8.2	  0.0
8.3	  0.0
8.4	  0.0
8.5	  0.0
8.6	  0.0
8.7	  0.0
8.8	  0.0
8.9	  0.0
9.0	  0.0



DATASET #4

     Name: Median
   Points: 66
     Info: 

Data[x,y]:
2.5	  7.0
2.6	  6.0
2.7	  4.0
2.8	  4.0
2.9	  3.0
3.0	  2.0
3.1	  2.0
3.2	  1.0
3.3	  1.0
3.4	  1.0
3.5	  1.0
3.6	  0.0
3.7	  0.0
3.8	  0.0
3.9	  0.0
4.0	  0.0
4.1	  0.0
4.2	  0.0
4.3	  0.0
4.4	  0.0
4.5	  0.0
4.6	  0.0
4.7	  0.0
4.8	  0.0
4.9	  0.0
5.0	  0.0
5.1	  0.0
5.2	  0.0
5.3	  0.0
5.4	  0.0
5.5	  0.0
5.6	  0.0
5.7	  0.0
5.8	  0.0
5.9	  0.0
6.0	  0.0
6.1	  0.0
6.2	  0.0
6.3	  0.0
6.4	  0.0
6.5	  0.0
6.6	  0.0
6.7	  0.0
6.8	  0.0
6.9	  0.0
7.0	  0.0
7.1	  0.0
7.2	  0.0
7.3	  0.0
7.4	  0.0
7.5	  0.0
7.6	  0.0
7.7	  0.0
7.8	  0.0
7.9	  0.0
8.0	  0.0
8.1	  0.0
8.2	  0.0
8.3	  0.0
8.4	  0.0
8.5	  0.0
8.6	  0.0
8.7	  0.0
8.8	  0.0
8.9	  0.0
9.0	  0.0



DATASET #5

     Name: Mode
   Points: 66
     Info: 

Data[x,y]:
2.5	  6.0
2.6	  5.0
2.7	  4.0
2.8	  3.0
2.9	  2.0
3.0	  1.0
3.1	  1.0
3.2	  1.0
3.3	  0.0
3.4	  0.0
3.5	  0.0
3.6	  0.0
3.7	  0.0
3.8	  0.0
3.9	  0.0
4.0	  0.0
4.1	  0.0
4.2	  0.0
4.3	  0.0
4.4	  0.0
4.5	  0.0
4.6	  0.0
4.7	  0.0
4.8	  0.0
4.9	  0.0
5.0	  0.0
5.1	  0.0
5.2	  0.0
5.3	  0.0
5.4	  0.0
5.5	  0.0
5.6	  0.0
5.7	  0.0
5.8	  0.0
5.9	  0.0
6.0	  0.0
6.1	  0.0
6.2	  0.0
6.3	  0.0
6.4	  0.0
6.5	  0.0
6.6	  0.0
6.7	  0.0
6.8	  0.0
6.9	  0.0
7.0	  0.0
7.1	  0.0
7.2	  0.0
7.3	  0.0
7.4	  0.0
7.5	  0.0
7.6	  0.0
7.7	  0.0
7.8	  0.0
7.9	  0.0
8.0	  0.0
8.1	  0.0
8.2	  0.0
8.3	  0.0
8.4	  0.0
8.5	  0.0
8.6	  0.0
8.7	  0.0
8.8	  0.0
8.9	  0.0
9.0	  0.0



DATASET #6

     Name: 1 wk Prob
   Points: 66
     Info: 

Data[x,y]:
2.5	  0.9983
2.6	  0.9933
2.7	  0.9827
2.8	  0.9598
2.9	  0.9222
3.0	  0.8739
3.1	  0.8169
3.2	  0.7432
3.3	  0.6666
3.4	  0.5852
3.5	  0.5072
3.6	  0.4366
3.7	  0.3685
3.8	  0.3065
3.9	  0.2538
4.0	  0.2106
4.1	  0.1726
4.2	  0.1417
4.3	  0.1147
4.4	  0.0933
4.5	  0.0774
4.6	  0.0647
4.7	  0.0528
4.8	  0.0433
4.9	  0.0354
5.0	  0.0276
5.1	  0.023
5.2	  0.0188
5.3	  0.0154
5.4	  0.0138
5.5	  0.0111
5.6	  0.009
5.7	  0.0076
5.8	  0.006
5.9	  0.0048
6.0	  0.004
6.1	  0.0036
6.2	  0.0031
6.3	  0.0024
6.4	  0.0018
6.5	  0.0017
6.6	  0.0015
6.7	  0.0011
6.8	  8.0E-4
6.9	  6.0E-4
7.0	  5.0E-4
7.1	  5.0E-4
7.2	  3.0E-4
7.3	  3.0E-4
7.4	  1.0E-4
7.5	  1.0E-4
7.6	  1.0E-4
7.7	  1.0E-4
7.8	  1.0E-4
7.9	  1.0E-4
8.0	  1.0E-4
8.1	  1.0E-4
8.2	  0.0
8.3	  0.0
8.4	  0.0
8.5	  0.0
8.6	  0.0
8.7	  0.0
8.8	  0.0
8.9	  0.0
9.0	  0.0



DATASET #7

Name: 95% Conf
Num Points: 66
Info: 

X, Y Data:
2.5	0.9983	[0.99721754	0.99897665]
2.6	0.9933	[0.9914449	0.9947645]
2.7	0.9827	[0.9798992	0.9851228]
2.8	0.9598	[0.95571786	0.9635244]
2.9	0.9222	[0.9167349	0.92733777]
3.0	0.8739	[0.8671985	0.8803121]
3.1	0.8169	[0.8091477	0.8244073]
3.2	0.7432	[0.7344946	0.7517175]
3.3	0.6666	[0.65724725	0.6758241]
3.4	0.5852	[0.5754623	0.594872]
3.5	0.5072	[0.49735013	0.5170443]
3.6	0.4366	[0.42685542	0.44639352]
3.7	0.3685	[0.35904747	0.37805405]
3.8	0.3065	[0.2974898	0.31565964]
3.9	0.2538	[0.24531661	0.26247358]
4.0	0.2106	[0.202671	0.21875265]
4.1	0.1726	[0.16527009	0.18018307]
4.2	0.1417	[0.1349532	0.148724]
4.3	0.1147	[0.10855288	0.121145405]
4.4	0.0933	[0.08770581	0.09920928]
4.5	0.0774	[0.07227473	0.08285293]
4.6	0.0647	[0.059995424	0.06974236]
4.7	0.0528	[0.04853796	0.057409417]
4.8	0.0433	[0.039435286	0.047519863]
4.9	0.0354	[0.03190534	0.039256405]
5.0	0.0276	[0.024518797	0.031049658]
5.1	0.023	[0.020193059	0.02617951]
5.2	0.0188	[0.01627034	0.021706158]
5.3	0.0154	[0.013119762	0.018060109]
5.4	0.0138	[0.011647089	0.016334461]
5.5	0.0111	[0.009180652	0.013403938]
5.6	0.009	[0.007283385	0.011103847]
5.7	0.0076	[0.006032307	0.009556907]
5.8	0.006	[0.00462075	0.0077710873]
5.9	0.0048	[0.0035794603	0.0064147646]
6.0	0.004	[0.002896647	0.0054995073]
6.1	0.0036	[0.002559648	0.005037626]
6.2	0.0031	[0.0021435274	0.0044553513]
6.3	0.0024	[0.0015732044	0.0036285024]
6.4	0.0018	[0.0011002311	0.0029048368]
6.5	0.0017	[0.001023327	0.0027824375]
6.6	0.0015	[8.7160297E-4	0.0025357252]
6.7	0.0011	[5.78654E-4	0.002032798]
6.8	8.0E-4	[3.72026E-4	0.0016440704]
6.9	6.0E-4	[2.4392352E-4	0.0013767487]
7.0	5.0E-4	[1.8409123E-4	0.0012396665]
7.1	5.0E-4	[1.8409123E-4	0.0012396665]
7.2	3.0E-4	[7.748102E-5	9.5560134E-4]
7.3	3.0E-4	[7.748102E-5	9.5560134E-4]
7.4	1.0E-4	[5.219881E-6	6.492555E-4]
7.5	1.0E-4	[5.219881E-6	6.492555E-4]
7.6	1.0E-4	[5.219881E-6	6.492555E-4]
7.7	1.0E-4	[5.219881E-6	6.492555E-4]
7.8	1.0E-4	[5.219881E-6	6.492555E-4]
7.9	1.0E-4	[5.219881E-6	6.492555E-4]
8.0	1.0E-4	[5.219881E-6	6.492555E-4]
8.1	1.0E-4	[5.219881E-6	6.492555E-4]
8.2	0.0	[0.0	4.787542E-4]
8.3	0.0	[0.0	4.787542E-4]
8.4	0.0	[0.0	0.0]
8.5	0.0	[0.0	0.0]
8.6	0.0	[0.0	0.0]
8.7	0.0	[0.0	0.0]
8.8	0.0	[0.0	0.0]
8.9	0.0	[0.0	0.0]
9.0	0.0	[0.0	0.0]



DATASET #8

     Name: Supra
   Points: 66
     Info: 

Data[x,y]:
2.5	  0.003
2.6	  0.003
2.7	  0.003
2.8	  0.003
2.9	  0.003
3.0	  0.003
3.1	  0.003
3.2	  0.003
3.3	  0.003
3.4	  0.003
3.5	  0.003
3.6	  0.003
3.7	  0.003
3.8	  0.003
3.9	  0.003
4.0	  0.003
4.1	  0.003
4.2	  0.003
4.3	  0.003
4.4	  0.003
4.5	  0.003
4.6	  0.003
4.7	  0.003
4.8	  0.003
4.9	  0.003
5.0	  0.003
5.1	  0.003
5.2	  0.003
5.3	  0.003
5.4	  0.003
5.5	  0.003
5.6	  0.003
5.7	  0.003
5.8	  0.003
5.9	  0.0029
6.0	  0.0028
6.1	  0.0025
6.2	  0.0023
6.3	  0.0021
6.4	  0.0017
6.5	  0.0016
6.6	  0.0014
6.7	  0.001
6.8	  8.0E-4
6.9	  6.0E-4
7.0	  5.0E-4
7.1	  5.0E-4
7.2	  3.0E-4
7.3	  3.0E-4
7.4	  1.0E-4
7.5	  1.0E-4
7.6	  1.0E-4
7.7	  1.0E-4
7.8	  1.0E-4
7.9	  1.0E-4
8.0	  1.0E-4
8.1	  1.0E-4
8.2	  0.0
8.3	  0.0
8.4	  0.0
8.5	  0.0
8.6	  0.0
8.7	  0.0
8.8	  0.0
8.9	  0.0
9.0	  0.0



DATASET #9

     Name: Primary
   Points: 66
     Info: 

Data[x,y]:
2.5	  7.5971
2.6	  6.0318
2.7	  4.7831
2.8	  3.8185
2.9	  3.0392
3.0	  2.4278
3.1	  1.9395
3.2	  1.5375
3.3	  1.2259
3.4	  0.9723
3.5	  0.7783
3.6	  0.6173
3.7	  0.4897
3.8	  0.3873
3.9	  0.3081
4.0	  0.2453
4.1	  0.193
4.2	  0.1529
4.3	  0.1202
4.4	  0.0954
4.5	  0.0774
4.6	  0.0638
4.7	  0.0502
4.8	  0.0394
4.9	  0.0325
5.0	  0.025
5.1	  0.02
5.2	  0.016
5.3	  0.0128
5.4	  0.0113
5.5	  0.0089
5.6	  0.007
5.7	  0.006
5.8	  0.0048
5.9	  0.004
6.0	  0.0033
6.1	  0.0029
6.2	  0.0024
6.3	  0.0017
6.4	  0.0012
6.5	  0.0011
6.6	  9.0E-4
6.7	  7.0E-4
6.8	  6.0E-4
6.9	  4.0E-4
7.0	  4.0E-4
7.1	  4.0E-4
7.2	  3.0E-4
7.3	  3.0E-4
7.4	  1.0E-4
7.5	  1.0E-4
7.6	  1.0E-4
7.7	  1.0E-4
7.8	  1.0E-4
7.9	  1.0E-4
8.0	  1.0E-4
8.1	  1.0E-4
8.2	  0.0
8.3	  0.0
8.4	  0.0
8.5	  0.0
8.6	  0.0
8.7	  0.0
8.8	  0.0
8.9	  0.0
9.0	  0.0


