
X-Axis: Magnitude
Y-Axis: 1 Week Cumulative Number
Number of Data Sets: 9


DATASET #1

     Name: Mean
   Points: 66
     Info: 

Data[x,y]:
2.5	  31.43706
2.6	  24.996302
2.7	  19.868961
2.8	  15.768972
2.9	  12.561933
3.0	  9.971976
3.1	  7.930277
3.2	  6.3088217
3.3	  5.0146847
3.4	  3.9683893
3.5	  3.1518888
3.6	  2.5156372
3.7	  1.9991032
3.8	  1.5859208
3.9	  1.260621
4.0	  0.9977581
4.1	  0.7915032
4.2	  0.6236969
4.3	  0.49366662
4.4	  0.38896984
4.5	  0.30859768
4.6	  0.24447931
4.7	  0.19347607
4.8	  0.15390651
4.9	  0.12420132
5.0	  0.095617086
5.1	  0.07723349
5.2	  0.06266113
5.3	  0.048200876
5.4	  0.036879275
5.5	  0.028023764
5.6	  0.021858536
5.7	  0.016590068
5.8	  0.0125546465
5.9	  0.009191794
6.0	  0.0076224636
6.1	  0.0049321824
6.2	  0.004035422
6.3	  0.0029144716
6.4	  0.002129806
6.5	  0.0016814258
6.6	  0.0015693308
6.7	  0.0013451406
6.8	  0.0011209506
6.9	  7.846654E-4
7.0	  5.604753E-4
7.1	  3.3628516E-4
7.2	  2.2419011E-4
7.3	  2.2419011E-4
7.4	  2.2419011E-4
7.5	  2.2419011E-4
7.6	  1.12095055E-4
7.7	  0.0
7.8	  0.0
7.9	  0.0
8.0	  0.0
8.1	  0.0
8.2	  0.0
8.3	  0.0
8.4	  0.0
8.5	  0.0
8.6	  0.0
8.7	  0.0
8.8	  0.0
8.9	  0.0
9.0	  0.0



DATASET #2

     Name: 2.5%,97.5%
   Points: 66
     Info: 

Data[x,y]:
2.5	  15.0
2.6	  11.0
2.7	  8.0
2.8	  6.0
2.9	  4.0
3.0	  3.0
3.1	  2.0
3.2	  1.0
3.3	  0.0
3.4	  0.0
3.5	  0.0
3.6	  0.0
3.7	  0.0
3.8	  0.0
3.9	  0.0
4.0	  0.0
4.1	  0.0
4.2	  0.0
4.3	  0.0
4.4	  0.0
4.5	  0.0
4.6	  0.0
4.7	  0.0
4.8	  0.0
4.9	  0.0
5.0	  0.0
5.1	  0.0
5.2	  0.0
5.3	  0.0
5.4	  0.0
5.5	  0.0
5.6	  0.0
5.7	  0.0
5.8	  0.0
5.9	  0.0
6.0	  0.0
6.1	  0.0
6.2	  0.0
6.3	  0.0
6.4	  0.0
6.5	  0.0
6.6	  0.0
6.7	  0.0
6.8	  0.0
6.9	  0.0
7.0	  0.0
7.1	  0.0
7.2	  0.0
7.3	  0.0
7.4	  0.0
7.5	  0.0
7.6	  0.0
7.7	  0.0
7.8	  0.0
7.9	  0.0
8.0	  0.0
8.1	  0.0
8.2	  0.0
8.3	  0.0
8.4	  0.0
8.5	  0.0
8.6	  0.0
8.7	  0.0
8.8	  0.0
8.9	  0.0
9.0	  0.0



DATASET #3

     Name: null
   Points: 66
     Info: 

Data[x,y]:
2.5	  66.0
2.6	  54.0
2.7	  44.0
2.8	  35.0
2.9	  28.0
3.0	  23.0
3.1	  19.0
3.2	  15.0
3.3	  13.0
3.4	  11.0
3.5	  9.0
3.6	  8.0
3.7	  6.0
3.8	  5.0
3.9	  5.0
4.0	  4.0
4.1	  3.0
4.2	  3.0
4.3	  3.0
4.4	  2.0
4.5	  2.0
4.6	  2.0
4.7	  2.0
4.8	  1.0
4.9	  1.0
5.0	  1.0
5.1	  1.0
5.2	  1.0
5.3	  1.0
5.4	  1.0
5.5	  0.0
5.6	  0.0
5.7	  0.0
5.8	  0.0
5.9	  0.0
6.0	  0.0
6.1	  0.0
6.2	  0.0
6.3	  0.0
6.4	  0.0
6.5	  0.0
6.6	  0.0
6.7	  0.0
6.8	  0.0
6.9	  0.0
7.0	  0.0
7.1	  0.0
7.2	  0.0
7.3	  0.0
7.4	  0.0
7.5	  0.0
7.6	  0.0
7.7	  0.0
7.8	  0.0
7.9	  0.0
8.0	  0.0
8.1	  0.0
8.2	  0.0
8.3	  0.0
8.4	  0.0
8.5	  0.0
8.6	  0.0
8.7	  0.0
8.8	  0.0
8.9	  0.0
9.0	  0.0



DATASET #4

     Name: Median
   Points: 66
     Info: 

Data[x,y]:
2.5	  26.0
2.6	  21.0
2.7	  16.0
2.8	  13.0
2.9	  10.0
3.0	  8.0
3.1	  6.0
3.2	  5.0
3.3	  4.0
3.4	  3.0
3.5	  2.0
3.6	  2.0
3.7	  1.0
3.8	  1.0
3.9	  1.0
4.0	  1.0
4.1	  0.0
4.2	  0.0
4.3	  0.0
4.4	  0.0
4.5	  0.0
4.6	  0.0
4.7	  0.0
4.8	  0.0
4.9	  0.0
5.0	  0.0
5.1	  0.0
5.2	  0.0
5.3	  0.0
5.4	  0.0
5.5	  0.0
5.6	  0.0
5.7	  0.0
5.8	  0.0
5.9	  0.0
6.0	  0.0
6.1	  0.0
6.2	  0.0
6.3	  0.0
6.4	  0.0
6.5	  0.0
6.6	  0.0
6.7	  0.0
6.8	  0.0
6.9	  0.0
7.0	  0.0
7.1	  0.0
7.2	  0.0
7.3	  0.0
7.4	  0.0
7.5	  0.0
7.6	  0.0
7.7	  0.0
7.8	  0.0
7.9	  0.0
8.0	  0.0
8.1	  0.0
8.2	  0.0
8.3	  0.0
8.4	  0.0
8.5	  0.0
8.6	  0.0
8.7	  0.0
8.8	  0.0
8.9	  0.0
9.0	  0.0



DATASET #5

     Name: Mode
   Points: 66
     Info: 

Data[x,y]:
2.5	  23.0
2.6	  20.0
2.7	  15.0
2.8	  12.0
2.9	  9.0
3.0	  7.0
3.1	  5.0
3.2	  4.0
3.3	  3.0
3.4	  3.0
3.5	  2.0
3.6	  1.0
3.7	  1.0
3.8	  1.0
3.9	  0.0
4.0	  0.0
4.1	  0.0
4.2	  0.0
4.3	  0.0
4.4	  0.0
4.5	  0.0
4.6	  0.0
4.7	  0.0
4.8	  0.0
4.9	  0.0
5.0	  0.0
5.1	  0.0
5.2	  0.0
5.3	  0.0
5.4	  0.0
5.5	  0.0
5.6	  0.0
5.7	  0.0
5.8	  0.0
5.9	  0.0
6.0	  0.0
6.1	  0.0
6.2	  0.0
6.3	  0.0
6.4	  0.0
6.5	  0.0
6.6	  0.0
6.7	  0.0
6.8	  0.0
6.9	  0.0
7.0	  0.0
7.1	  0.0
7.2	  0.0
7.3	  0.0
7.4	  0.0
7.5	  0.0
7.6	  0.0
7.7	  0.0
7.8	  0.0
7.9	  0.0
8.0	  0.0
8.1	  0.0
8.2	  0.0
8.3	  0.0
8.4	  0.0
8.5	  0.0
8.6	  0.0
8.7	  0.0
8.8	  0.0
8.9	  0.0
9.0	  0.0



DATASET #6

     Name: 1 wk Prob
   Points: 66
     Info: 

Data[x,y]:
2.5	  1.0
2.6	  1.0
2.7	  1.0
2.8	  1.0
2.9	  1.0
3.0	  0.99899113
3.1	  0.9967492
3.2	  0.98811793
3.3	  0.9711916
3.4	  0.94193476
3.5	  0.8957516
3.6	  0.8360049
3.7	  0.7626948
3.8	  0.68893623
3.9	  0.6093487
4.0	  0.52707094
4.1	  0.44815603
4.2	  0.3765273
4.3	  0.31610805
4.4	  0.25826702
4.5	  0.21365318
4.6	  0.17598924
4.7	  0.14123978
4.8	  0.11433696
4.9	  0.092478424
5.0	  0.073534355
5.1	  0.061540186
5.2	  0.05077906
5.3	  0.039793745
5.4	  0.03105033
5.5	  0.023764152
5.6	  0.019168254
5.7	  0.014572358
5.8	  0.011097411
5.9	  0.008182939
6.0	  0.0067257034
6.1	  0.0044838022
6.2	  0.003699137
6.3	  0.0026902813
6.4	  0.002017711
6.5	  0.0016814258
6.6	  0.0015693308
6.7	  0.0013451406
6.8	  0.0011209506
6.9	  7.846654E-4
7.0	  5.604753E-4
7.1	  3.3628516E-4
7.2	  2.2419011E-4
7.3	  2.2419011E-4
7.4	  2.2419011E-4
7.5	  2.2419011E-4
7.6	  1.12095055E-4
7.7	  0.0
7.8	  0.0
7.9	  0.0
8.0	  0.0
8.1	  0.0
8.2	  0.0
8.3	  0.0
8.4	  0.0
8.5	  0.0
8.6	  0.0
8.7	  0.0
8.8	  0.0
8.9	  0.0
9.0	  0.0



DATASET #7

Name: 95% Conf
Num Points: 66
Info: 

X, Y Data:
2.5	1.0	[1.0	1.0]
2.6	1.0	[1.0	1.0]
2.7	1.0	[1.0	1.0]
2.8	1.0	[1.0	1.0]
2.9	1.0	[1.0	1.0]
3.0	0.99899113	[0.9980104	0.99950755]
3.1	0.9967492	[0.9952693	0.9977816]
3.2	0.98811793	[0.9855887	0.9902165]
3.3	0.9711916	[0.96745324	0.97451776]
3.4	0.94193476	[0.9368305	0.94665414]
3.5	0.8957516	[0.8891815	0.90197796]
3.6	0.8360049	[0.8281198	0.84359866]
3.7	0.7626948	[0.7536978	0.77146417]
3.8	0.68893623	[0.6791937	0.6985152]
3.9	0.6093487	[0.5991229	0.61947995]
4.0	0.52707094	[0.5166449	0.53747356]
4.1	0.44815603	[0.43780482	0.45855212]
4.2	0.3765273	[0.36647233	0.38668913]
4.3	0.31610805	[0.30648488	0.32589048]
4.4	0.25826702	[0.2492345	0.26750892]
4.5	0.21365318	[0.20521644	0.22233805]
4.6	0.17598924	[0.16817175	0.18408765]
4.7	0.14123978	[0.13411218	0.1486786]
4.8	0.11433696	[0.107844144	0.1211646]
4.9	0.092478424	[0.08658647	0.09872447]
5.0	0.073534355	[0.06824548	0.07919417]
5.1	0.061540186	[0.05668555	0.06677652]
5.2	0.05077906	[0.046359744	0.055589855]
5.3	0.039793745	[0.0358782	0.044110935]
5.4	0.03105033	[0.027594995	0.034915652]
5.5	0.023764152	[0.020750053	0.027195485]
5.6	0.019168254	[0.016470999	0.02228758]
5.7	0.014572358	[0.01223503	0.017336963]
5.8	0.011097411	[0.009073653	0.013552852]
5.9	0.008182939	[0.0064639053	0.010337978]
6.0	0.0067257034	[0.0051799985	0.008709978]
6.1	0.0044838022	[0.0032471737	0.0061640507]
6.2	0.003699137	[0.002588647	0.0052556186]
6.3	0.0026902813	[0.0017635509	0.0040670247]
6.4	0.002017711	[0.0012333421	0.003255924]
6.5	0.0016814258	[9.770495E-4	0.0028422119]
6.6	0.0015693308	[8.9332764E-4	0.0027027468]
6.7	0.0013451406	[7.290052E-4	0.002421001]
6.8	0.0011209506	[5.697275E-4	0.0021347662]
6.9	7.846654E-4	[3.4387253E-4	0.001694112]
7.0	5.604753E-4	[2.0635911E-4	0.0013895246]
7.1	3.3628516E-4	[8.6852815E-5	0.0010711245]
7.2	2.2419011E-4	[3.8831815E-5	9.038202E-4]
7.3	2.2419011E-4	[3.8831815E-5	9.038202E-4]
7.4	2.2419011E-4	[3.8831815E-5	9.038202E-4]
7.5	2.2419011E-4	[3.8831815E-5	9.038202E-4]
7.6	1.12095055E-4	[5.8512314E-6	7.277476E-4]
7.7	0.0	[0.0	5.366346E-4]
7.8	0.0	[0.0	5.366346E-4]
7.9	0.0	[0.0	5.366346E-4]
8.0	0.0	[0.0	5.366346E-4]
8.1	0.0	[0.0	5.366346E-4]
8.2	0.0	[0.0	5.366346E-4]
8.3	0.0	[0.0	5.366346E-4]
8.4	0.0	[0.0	0.0]
8.5	0.0	[0.0	0.0]
8.6	0.0	[0.0	0.0]
8.7	0.0	[0.0	0.0]
8.8	0.0	[0.0	0.0]
8.9	0.0	[0.0	0.0]
9.0	0.0	[0.0	0.0]



DATASET #8

     Name: Supra
   Points: 66
     Info: 

Data[x,y]:
2.5	  0.0026902813
2.6	  0.0026902813
2.7	  0.0026902813
2.8	  0.0026902813
2.9	  0.0026902813
3.0	  0.0026902813
3.1	  0.0026902813
3.2	  0.0026902813
3.3	  0.0026902813
3.4	  0.0026902813
3.5	  0.0026902813
3.6	  0.0026902813
3.7	  0.0026902813
3.8	  0.0026902813
3.9	  0.0026902813
4.0	  0.0026902813
4.1	  0.0026902813
4.2	  0.0026902813
4.3	  0.0026902813
4.4	  0.0026902813
4.5	  0.0026902813
4.6	  0.0026902813
4.7	  0.0026902813
4.8	  0.0026902813
4.9	  0.0026902813
5.0	  0.0026902813
5.1	  0.0026902813
5.2	  0.0026902813
5.3	  0.0026902813
5.4	  0.0026902813
5.5	  0.0026902813
5.6	  0.0026902813
5.7	  0.0026902813
5.8	  0.0026902813
5.9	  0.0026902813
6.0	  0.0026902813
6.1	  0.0023539963
6.2	  0.0017935209
6.3	  0.0012330456
6.4	  0.0011209506
6.5	  0.0010088555
6.6	  8.9676044E-4
6.7	  8.9676044E-4
6.8	  7.846654E-4
6.9	  5.604753E-4
7.0	  4.4838022E-4
7.1	  3.3628516E-4
7.2	  2.2419011E-4
7.3	  2.2419011E-4
7.4	  2.2419011E-4
7.5	  2.2419011E-4
7.6	  1.12095055E-4
7.7	  0.0
7.8	  0.0
7.9	  0.0
8.0	  0.0
8.1	  0.0
8.2	  0.0
8.3	  0.0
8.4	  0.0
8.5	  0.0
8.6	  0.0
8.7	  0.0
8.8	  0.0
8.9	  0.0
9.0	  0.0



DATASET #9

     Name: Primary
   Points: 66
     Info: 

Data[x,y]:
2.5	  21.39648
2.6	  17.02085
2.7	  13.5209055
2.8	  10.719426
2.9	  8.534694
3.0	  6.7672906
3.1	  5.3859434
3.2	  4.2811346
3.3	  3.399843
3.4	  2.6889362
3.5	  2.136868
3.6	  1.703957
3.7	  1.3509697
3.8	  1.0756642
3.9	  0.8547248
4.0	  0.6739155
4.1	  0.5334604
4.2	  0.4196839
4.3	  0.3331465
4.4	  0.26263872
4.5	  0.20816052
4.6	  0.16578859
4.7	  0.12958188
4.8	  0.10189441
4.9	  0.08059634
5.0	  0.06254904
5.1	  0.051115345
5.2	  0.04147517
5.3	  0.031386618
5.4	  0.024100438
5.5	  0.018159399
5.6	  0.014684453
5.7	  0.010873221
5.8	  0.008070844
5.9	  0.006053133
6.0	  0.0051563727
6.1	  0.0033628517
6.2	  0.0028023764
6.3	  0.0017935209
6.4	  0.0013451406
6.5	  0.0010088555
6.6	  8.9676044E-4
6.7	  7.846654E-4
6.8	  7.846654E-4
6.9	  5.604753E-4
7.0	  3.3628516E-4
7.1	  1.12095055E-4
7.2	  0.0
7.3	  0.0
7.4	  0.0
7.5	  0.0
7.6	  0.0
7.7	  0.0
7.8	  0.0
7.9	  0.0
8.0	  0.0
8.1	  0.0
8.2	  0.0
8.3	  0.0
8.4	  0.0
8.5	  0.0
8.6	  0.0
8.7	  0.0
8.8	  0.0
8.9	  0.0
9.0	  0.0


