
X-Axis: Magnitude
Y-Axis: 1 Year Cumulative Number
Number of Data Sets: 9


DATASET #1

     Name: Mean
   Points: 66
     Info: 

Data[x,y]:
2.5	  730.3872
2.6	  580.1276
2.7	  460.75626
2.8	  365.98038
2.9	  290.67126
3.0	  230.9171
3.1	  183.41103
3.2	  145.64497
3.3	  115.66532
3.4	  91.889175
3.5	  73.00361
3.6	  57.973118
3.7	  46.04826
3.8	  36.578922
3.9	  29.04743
4.0	  23.070152
4.1	  18.320662
4.2	  14.5454035
4.3	  11.548376
4.4	  9.156906
4.5	  7.2659764
4.6	  5.7642865
4.7	  4.563543
4.8	  3.6108131
4.9	  2.8541722
5.0	  2.2540128
5.1	  1.7751881
5.2	  1.402106
5.3	  1.1031237
5.4	  0.8634634
5.5	  0.67340946
5.6	  0.5219184
5.7	  0.40302628
5.8	  0.3048049
5.9	  0.22936024
6.0	  0.17743562
6.1	  0.12998849
6.2	  0.086841874
6.3	  0.063888155
6.4	  0.04824352
6.5	  0.037164852
6.6	  0.029377932
6.7	  0.02403327
6.8	  0.019237235
6.9	  0.014795151
7.0	  0.011521105
7.1	  0.009715955
7.2	  0.007680736
7.3	  0.0050791963
7.4	  0.004265109
7.5	  0.003291744
7.6	  0.001645872
7.7	  4.7783382E-4
7.8	  3.0085834E-4
7.9	  1.7697549E-4
8.0	  1.7697548E-5
8.1	  0.0
8.2	  0.0
8.3	  0.0
8.4	  0.0
8.5	  0.0
8.6	  0.0
8.7	  0.0
8.8	  0.0
8.9	  0.0
9.0	  0.0



DATASET #2

     Name: 2.5%,97.5%
   Points: 66
     Info: 

Data[x,y]:
2.5	  458.0
2.6	  360.0
2.7	  283.0
2.8	  223.0
2.9	  174.0
3.0	  136.0
3.1	  106.0
3.2	  82.0
3.3	  63.0
3.4	  49.0
3.5	  37.0
3.6	  28.0
3.7	  21.0
3.8	  16.0
3.9	  12.0
4.0	  9.0
4.1	  6.0
4.2	  4.0
4.3	  3.0
4.4	  2.0
4.5	  1.0
4.6	  1.0
4.7	  0.0
4.8	  0.0
4.9	  0.0
5.0	  0.0
5.1	  0.0
5.2	  0.0
5.3	  0.0
5.4	  0.0
5.5	  0.0
5.6	  0.0
5.7	  0.0
5.8	  0.0
5.9	  0.0
6.0	  0.0
6.1	  0.0
6.2	  0.0
6.3	  0.0
6.4	  0.0
6.5	  0.0
6.6	  0.0
6.7	  0.0
6.8	  0.0
6.9	  0.0
7.0	  0.0
7.1	  0.0
7.2	  0.0
7.3	  0.0
7.4	  0.0
7.5	  0.0
7.6	  0.0
7.7	  0.0
7.8	  0.0
7.9	  0.0
8.0	  0.0
8.1	  0.0
8.2	  0.0
8.3	  0.0
8.4	  0.0
8.5	  0.0
8.6	  0.0
8.7	  0.0
8.8	  0.0
8.9	  0.0
9.0	  0.0



DATASET #3

     Name: null
   Points: 66
     Info: 

Data[x,y]:
2.5	  1755.0
2.6	  1389.0
2.7	  1109.0
2.8	  882.0
2.9	  702.0
3.0	  558.0
3.1	  445.0
3.2	  353.0
3.3	  280.0
3.4	  224.0
3.5	  180.0
3.6	  143.0
3.7	  114.0
3.8	  92.0
3.9	  74.0
4.0	  59.0
4.1	  48.0
4.2	  39.0
4.3	  31.0
4.4	  26.0
4.5	  21.0
4.6	  17.0
4.7	  14.0
4.8	  12.0
4.9	  10.0
5.0	  8.0
5.1	  7.0
5.2	  6.0
5.3	  5.0
5.4	  4.0
5.5	  4.0
5.6	  3.0
5.7	  3.0
5.8	  2.0
5.9	  2.0
6.0	  2.0
6.1	  1.0
6.2	  1.0
6.3	  1.0
6.4	  1.0
6.5	  1.0
6.6	  1.0
6.7	  0.0
6.8	  0.0
6.9	  0.0
7.0	  0.0
7.1	  0.0
7.2	  0.0
7.3	  0.0
7.4	  0.0
7.5	  0.0
7.6	  0.0
7.7	  0.0
7.8	  0.0
7.9	  0.0
8.0	  0.0
8.1	  0.0
8.2	  0.0
8.3	  0.0
8.4	  0.0
8.5	  0.0
8.6	  0.0
8.7	  0.0
8.8	  0.0
8.9	  0.0
9.0	  0.0



DATASET #4

     Name: Median
   Points: 66
     Info: 

Data[x,y]:
2.5	  583.0
2.6	  463.0
2.7	  369.0
2.8	  293.0
2.9	  233.0
3.0	  186.0
3.1	  148.0
3.2	  118.0
3.3	  94.0
3.4	  74.0
3.5	  59.0
3.6	  47.0
3.7	  37.0
3.8	  30.0
3.9	  24.0
4.0	  19.0
4.1	  15.0
4.2	  12.0
4.3	  9.0
4.4	  7.0
4.5	  6.0
4.6	  5.0
4.7	  4.0
4.8	  3.0
4.9	  2.0
5.0	  2.0
5.1	  1.0
5.2	  1.0
5.3	  1.0
5.4	  0.0
5.5	  0.0
5.6	  0.0
5.7	  0.0
5.8	  0.0
5.9	  0.0
6.0	  0.0
6.1	  0.0
6.2	  0.0
6.3	  0.0
6.4	  0.0
6.5	  0.0
6.6	  0.0
6.7	  0.0
6.8	  0.0
6.9	  0.0
7.0	  0.0
7.1	  0.0
7.2	  0.0
7.3	  0.0
7.4	  0.0
7.5	  0.0
7.6	  0.0
7.7	  0.0
7.8	  0.0
7.9	  0.0
8.0	  0.0
8.1	  0.0
8.2	  0.0
8.3	  0.0
8.4	  0.0
8.5	  0.0
8.6	  0.0
8.7	  0.0
8.8	  0.0
8.9	  0.0
9.0	  0.0



DATASET #5

     Name: Mode
   Points: 66
     Info: 

Data[x,y]:
2.5	  529.0
2.6	  422.0
2.7	  330.0
2.8	  267.0
2.9	  220.0
3.0	  168.0
3.1	  131.0
3.2	  104.0
3.3	  86.0
3.4	  67.0
3.5	  54.0
3.6	  43.0
3.7	  33.0
3.8	  26.0
3.9	  22.0
4.0	  16.0
4.1	  13.0
4.2	  10.0
4.3	  9.0
4.4	  6.0
4.5	  5.0
4.6	  4.0
4.7	  3.0
4.8	  2.0
4.9	  1.0
5.0	  1.0
5.1	  1.0
5.2	  0.0
5.3	  0.0
5.4	  0.0
5.5	  0.0
5.6	  0.0
5.7	  0.0
5.8	  0.0
5.9	  0.0
6.0	  0.0
6.1	  0.0
6.2	  0.0
6.3	  0.0
6.4	  0.0
6.5	  0.0
6.6	  0.0
6.7	  0.0
6.8	  0.0
6.9	  0.0
7.0	  0.0
7.1	  0.0
7.2	  0.0
7.3	  0.0
7.4	  0.0
7.5	  0.0
7.6	  0.0
7.7	  0.0
7.8	  0.0
7.9	  0.0
8.0	  0.0
8.1	  0.0
8.2	  0.0
8.3	  0.0
8.4	  0.0
8.5	  0.0
8.6	  0.0
8.7	  0.0
8.8	  0.0
8.9	  0.0
9.0	  0.0



DATASET #6

     Name: 1 yr Prob
   Points: 66
     Info: 

Data[x,y]:
2.5	  1.0
2.6	  1.0
2.7	  1.0
2.8	  1.0
2.9	  1.0
3.0	  1.0
3.1	  1.0
3.2	  1.0
3.3	  1.0
3.4	  1.0
3.5	  1.0
3.6	  1.0
3.7	  1.0
3.8	  1.0
3.9	  1.0
4.0	  1.0
4.1	  1.0
4.2	  0.9999292
4.3	  0.9992921
4.4	  0.99720377
4.5	  0.9911158
4.6	  0.9775949
4.7	  0.95166796
4.8	  0.9117423
4.9	  0.8583842
5.0	  0.79102737
5.1	  0.71446776
5.2	  0.6341563
5.3	  0.5502699
5.4	  0.47029465
5.5	  0.39525706
5.6	  0.3277409
5.7	  0.2692151
5.8	  0.21484825
5.9	  0.1696133
6.0	  0.13558093
6.1	  0.10280506
6.2	  0.07188744
6.3	  0.054119103
6.4	  0.040934432
6.5	  0.031997167
6.6	  0.026440138
6.7	  0.021785682
6.8	  0.017803734
6.9	  0.013981064
7.0	  0.011114061
7.1	  0.0094681885
7.2	  0.0075214584
7.3	  0.0049553136
7.4	  0.0041766213
7.5	  0.003256349
7.6	  0.001645872
7.7	  4.7783382E-4
7.8	  3.0085834E-4
7.9	  1.7697549E-4
8.0	  1.7697548E-5
8.1	  0.0
8.2	  0.0
8.3	  0.0
8.4	  0.0
8.5	  0.0
8.6	  0.0
8.7	  0.0
8.8	  0.0
8.9	  0.0
9.0	  0.0



DATASET #7

Name: 95% Conf
Num Points: 66
Info: 

X, Y Data:
2.5	1.0	[1.0	1.0]
2.6	1.0	[1.0	1.0]
2.7	1.0	[1.0	1.0]
2.8	1.0	[1.0	1.0]
2.9	1.0	[1.0	1.0]
3.0	1.0	[1.0	1.0]
3.1	1.0	[1.0	1.0]
3.2	1.0	[1.0	1.0]
3.3	1.0	[1.0	1.0]
3.4	1.0	[1.0	1.0]
3.5	1.0	[1.0	1.0]
3.6	1.0	[1.0	1.0]
3.7	1.0	[1.0	1.0]
3.8	1.0	[1.0	1.0]
3.9	1.0	[1.0	1.0]
4.0	1.0	[1.0	1.0]
4.1	1.0	[1.0	1.0]
4.2	0.9999292	[0.99980533	0.99997735]
4.3	0.9992921	[0.99902606	0.9994876]
4.4	0.99720377	[0.9967238	0.99761486]
4.5	0.9911158	[0.9902988	0.99186534]
4.6	0.9775949	[0.97633266	0.9787917]
4.7	0.95166796	[0.94985974	0.95341456]
4.8	0.9117423	[0.9093663	0.91406214]
4.9	0.8583842	[0.8554761	0.8612434]
5.0	0.79102737	[0.78764635	0.7943687]
5.1	0.71446776	[0.7107202	0.7181861]
5.2	0.6341563	[0.6301669	0.6381274]
5.3	0.5502699	[0.5461559	0.554377]
5.4	0.47029465	[0.46617255	0.47442082]
5.5	0.39525706	[0.39122424	0.39930415]
5.6	0.3277409	[0.3238736	0.3316317]
5.7	0.2692151	[0.2655648	0.27289686]
5.8	0.21484825	[0.21147236	0.218263]
5.9	0.1696133	[0.16653256	0.1727391]
6.0	0.13558093	[0.13277416	0.13843739]
6.1	0.10280506	[0.10031908	0.105345234]
6.2	0.07188744	[0.06977789	0.07405545]
6.3	0.054119103	[0.052274983	0.056024138]
6.4	0.040934432	[0.039322983	0.042608634]
6.5	0.031997167	[0.0305689	0.03348946]
6.6	0.026440138	[0.025140455	0.027804637]
6.7	0.021785682	[0.020605493	0.023031369]
6.8	0.017803734	[0.016737124	0.018936438]
6.9	0.013981064	[0.013036916	0.014991896]
7.0	0.011114061	[0.010273764	0.012021508]
7.1	0.0094681885	[0.008693879	0.010309932]
7.2	0.0075214584	[0.006833343	0.008277364]
7.3	0.0049553136	[0.0044006878	0.005578275]
7.4	0.0041766213	[0.0036692305	0.0047525465]
7.5	0.003256349	[0.0028109557	0.0037705507]
7.6	0.001645872	[0.0013358595	0.0020254278]
7.7	4.7783382E-4	[3.2122762E-4	7.056348E-4]
7.8	3.0085834E-4	[1.8106801E-4	4.926807E-4]
7.9	1.7697549E-4	[8.993541E-5	3.3721208E-4]
8.0	1.7697548E-5	[9.237878E-7	1.1494068E-4]
8.1	0.0	[0.0	8.4754836E-5]
8.2	0.0	[0.0	8.4754836E-5]
8.3	0.0	[0.0	8.4754836E-5]
8.4	0.0	[0.0	0.0]
8.5	0.0	[0.0	0.0]
8.6	0.0	[0.0	0.0]
8.7	0.0	[0.0	0.0]
8.8	0.0	[0.0	0.0]
8.9	0.0	[0.0	0.0]
9.0	0.0	[0.0	0.0]



DATASET #8

     Name: Supra
   Points: 66
     Info: 

Data[x,y]:
2.5	  0.051375985
2.6	  0.051375985
2.7	  0.051375985
2.8	  0.051375985
2.9	  0.051375985
3.0	  0.051375985
3.1	  0.051375985
3.2	  0.051375985
3.3	  0.051375985
3.4	  0.051375985
3.5	  0.051375985
3.6	  0.051375985
3.7	  0.051375985
3.8	  0.051375985
3.9	  0.051375985
4.0	  0.051375985
4.1	  0.051375985
4.2	  0.051375985
4.3	  0.051375985
4.4	  0.051375985
4.5	  0.051375985
4.6	  0.051375985
4.7	  0.051375985
4.8	  0.051375985
4.9	  0.051375985
5.0	  0.051375985
5.1	  0.051375985
5.2	  0.051375985
5.3	  0.051375985
5.4	  0.051375985
5.5	  0.051375985
5.6	  0.051375985
5.7	  0.051375985
5.8	  0.051375985
5.9	  0.051358286
6.0	  0.051358286
6.1	  0.04388992
6.2	  0.033749226
6.3	  0.027785152
6.4	  0.023891691
6.5	  0.020245995
6.6	  0.017963013
6.7	  0.01580391
6.8	  0.013910273
6.9	  0.011397221
7.0	  0.009379701
7.1	  0.008317848
7.2	  0.0068489513
7.3	  0.0047252458
7.4	  0.0040881336
7.5	  0.003220954
7.6	  0.0016281744
7.7	  4.7783382E-4
7.8	  3.0085834E-4
7.9	  1.7697549E-4
8.0	  1.7697548E-5
8.1	  0.0
8.2	  0.0
8.3	  0.0
8.4	  0.0
8.5	  0.0
8.6	  0.0
8.7	  0.0
8.8	  0.0
8.9	  0.0
9.0	  0.0



DATASET #9

     Name: Primary
   Points: 66
     Info: 

Data[x,y]:
2.5	  377.18167
2.6	  299.60672
2.7	  237.97865
2.8	  189.05568
2.9	  150.16245
3.0	  119.3118
3.1	  94.76149
3.2	  75.23662
3.3	  59.7628
3.4	  47.491123
3.5	  37.718468
3.6	  29.947386
3.7	  23.792532
3.8	  18.888895
3.9	  15.003575
4.0	  11.9247675
4.1	  9.471782
4.2	  7.525865
4.3	  5.974356
4.4	  4.735492
4.5	  3.7561631
4.6	  2.9775772
4.7	  2.3560925
4.8	  1.8647553
4.9	  1.4743297
5.0	  1.164835
5.1	  0.91691
5.2	  0.726042
5.3	  0.57048047
5.4	  0.44590744
5.5	  0.34791613
5.6	  0.2700292
5.7	  0.20741527
5.8	  0.15727812
5.9	  0.11852048
6.0	  0.091160074
6.1	  0.067710824
6.2	  0.045624282
6.3	  0.033519156
6.4	  0.025325192
6.5	  0.019290328
6.6	  0.01603398
6.7	  0.013343952
6.8	  0.0108309
6.9	  0.008618706
7.0	  0.0067604636
7.1	  0.005645518
7.2	  0.0045305723
7.3	  0.0027962127
7.4	  0.0023360765
7.5	  0.00180515
7.6	  9.3797006E-4
7.7	  2.8316077E-4
7.8	  2.1237059E-4
7.9	  1.4158039E-4
8.0	  1.7697548E-5
8.1	  0.0
8.2	  0.0
8.3	  0.0
8.4	  0.0
8.5	  0.0
8.6	  0.0
8.7	  0.0
8.8	  0.0
8.9	  0.0
9.0	  0.0


