
X-Axis: Magnitude
Y-Axis: 1 Day Cumulative Number
Number of Data Sets: 9


DATASET #1

     Name: Mean
   Points: 66
     Info: 

Data[x,y]:
2.5	  46.378704
2.6	  36.826847
2.7	  29.264416
2.8	  23.241383
2.9	  18.466303
3.0	  14.669968
3.1	  11.652037
3.2	  9.260772
3.3	  7.3581886
3.4	  5.845241
3.5	  4.643923
3.6	  3.6864524
3.7	  2.9304824
3.8	  2.3262057
3.9	  1.8433012
4.0	  1.4645231
4.1	  1.16388
4.2	  0.924298
4.3	  0.73306537
4.4	  0.5818864
4.5	  0.46250805
4.6	  0.36369774
4.7	  0.28799573
4.8	  0.22796355
4.9	  0.18036442
5.0	  0.14303322
5.1	  0.1123044
5.2	  0.08853162
5.3	  0.06928188
5.4	  0.05376206
5.5	  0.042347267
5.6	  0.03356913
5.7	  0.026002144
5.8	  0.02005359
5.9	  0.015305466
6.0	  0.012433012
6.1	  0.009163987
6.2	  0.0062379423
6.3	  0.0046516615
6.4	  0.0035691317
6.5	  0.0028724545
6.6	  0.0024758843
6.7	  0.0021329047
6.8	  0.0018220793
6.9	  0.001414791
7.0	  0.0010610933
7.1	  9.646302E-4
7.2	  7.717042E-4
7.3	  5.1446946E-4
7.4	  4.5016076E-4
7.5	  3.7513397E-4
7.6	  1.7148982E-4
7.7	  2.1436228E-5
7.8	  2.1436228E-5
7.9	  2.1436228E-5
8.0	  0.0
8.1	  0.0
8.2	  0.0
8.3	  0.0
8.4	  0.0
8.5	  0.0
8.6	  0.0
8.7	  0.0
8.8	  0.0
8.9	  0.0
9.0	  0.0



DATASET #2

     Name: 2.5%,97.5%
   Points: 66
     Info: 

Data[x,y]:
2.5	  26.0
2.6	  20.0
2.7	  15.0
2.8	  11.0
2.9	  8.0
3.0	  6.0
3.1	  4.0
3.2	  3.0
3.3	  2.0
3.4	  1.0
3.5	  0.0
3.6	  0.0
3.7	  0.0
3.8	  0.0
3.9	  0.0
4.0	  0.0
4.1	  0.0
4.2	  0.0
4.3	  0.0
4.4	  0.0
4.5	  0.0
4.6	  0.0
4.7	  0.0
4.8	  0.0
4.9	  0.0
5.0	  0.0
5.1	  0.0
5.2	  0.0
5.3	  0.0
5.4	  0.0
5.5	  0.0
5.6	  0.0
5.7	  0.0
5.8	  0.0
5.9	  0.0
6.0	  0.0
6.1	  0.0
6.2	  0.0
6.3	  0.0
6.4	  0.0
6.5	  0.0
6.6	  0.0
6.7	  0.0
6.8	  0.0
6.9	  0.0
7.0	  0.0
7.1	  0.0
7.2	  0.0
7.3	  0.0
7.4	  0.0
7.5	  0.0
7.6	  0.0
7.7	  0.0
7.8	  0.0
7.9	  0.0
8.0	  0.0
8.1	  0.0
8.2	  0.0
8.3	  0.0
8.4	  0.0
8.5	  0.0
8.6	  0.0
8.7	  0.0
8.8	  0.0
8.9	  0.0
9.0	  0.0



DATASET #3

     Name: null
   Points: 66
     Info: 

Data[x,y]:
2.5	  83.0
2.6	  66.0
2.7	  54.0
2.8	  43.0
2.9	  35.0
3.0	  28.0
3.1	  23.0
3.2	  19.0
3.3	  16.0
3.4	  13.0
3.5	  11.0
3.6	  9.0
3.7	  8.0
3.8	  7.0
3.9	  6.0
4.0	  5.0
4.1	  4.0
4.2	  4.0
4.3	  3.0
4.4	  3.0
4.5	  2.0
4.6	  2.0
4.7	  2.0
4.8	  2.0
4.9	  1.0
5.0	  1.0
5.1	  1.0
5.2	  1.0
5.3	  1.0
5.4	  1.0
5.5	  1.0
5.6	  1.0
5.7	  0.0
5.8	  0.0
5.9	  0.0
6.0	  0.0
6.1	  0.0
6.2	  0.0
6.3	  0.0
6.4	  0.0
6.5	  0.0
6.6	  0.0
6.7	  0.0
6.8	  0.0
6.9	  0.0
7.0	  0.0
7.1	  0.0
7.2	  0.0
7.3	  0.0
7.4	  0.0
7.5	  0.0
7.6	  0.0
7.7	  0.0
7.8	  0.0
7.9	  0.0
8.0	  0.0
8.1	  0.0
8.2	  0.0
8.3	  0.0
8.4	  0.0
8.5	  0.0
8.6	  0.0
8.7	  0.0
8.8	  0.0
8.9	  0.0
9.0	  0.0



DATASET #4

     Name: Median
   Points: 66
     Info: 

Data[x,y]:
2.5	  40.0
2.6	  32.0
2.7	  25.0
2.8	  20.0
2.9	  16.0
3.0	  13.0
3.1	  10.0
3.2	  8.0
3.3	  6.0
3.4	  5.0
3.5	  4.0
3.6	  3.0
3.7	  2.0
3.8	  2.0
3.9	  1.0
4.0	  1.0
4.1	  1.0
4.2	  1.0
4.3	  0.0
4.4	  0.0
4.5	  0.0
4.6	  0.0
4.7	  0.0
4.8	  0.0
4.9	  0.0
5.0	  0.0
5.1	  0.0
5.2	  0.0
5.3	  0.0
5.4	  0.0
5.5	  0.0
5.6	  0.0
5.7	  0.0
5.8	  0.0
5.9	  0.0
6.0	  0.0
6.1	  0.0
6.2	  0.0
6.3	  0.0
6.4	  0.0
6.5	  0.0
6.6	  0.0
6.7	  0.0
6.8	  0.0
6.9	  0.0
7.0	  0.0
7.1	  0.0
7.2	  0.0
7.3	  0.0
7.4	  0.0
7.5	  0.0
7.6	  0.0
7.7	  0.0
7.8	  0.0
7.9	  0.0
8.0	  0.0
8.1	  0.0
8.2	  0.0
8.3	  0.0
8.4	  0.0
8.5	  0.0
8.6	  0.0
8.7	  0.0
8.8	  0.0
8.9	  0.0
9.0	  0.0



DATASET #5

     Name: Mode
   Points: 66
     Info: 

Data[x,y]:
2.5	  39.0
2.6	  31.0
2.7	  25.0
2.8	  19.0
2.9	  15.0
3.0	  11.0
3.1	  9.0
3.2	  7.0
3.3	  6.0
3.4	  4.0
3.5	  3.0
3.6	  2.0
3.7	  2.0
3.8	  1.0
3.9	  1.0
4.0	  1.0
4.1	  0.0
4.2	  0.0
4.3	  0.0
4.4	  0.0
4.5	  0.0
4.6	  0.0
4.7	  0.0
4.8	  0.0
4.9	  0.0
5.0	  0.0
5.1	  0.0
5.2	  0.0
5.3	  0.0
5.4	  0.0
5.5	  0.0
5.6	  0.0
5.7	  0.0
5.8	  0.0
5.9	  0.0
6.0	  0.0
6.1	  0.0
6.2	  0.0
6.3	  0.0
6.4	  0.0
6.5	  0.0
6.6	  0.0
6.7	  0.0
6.8	  0.0
6.9	  0.0
7.0	  0.0
7.1	  0.0
7.2	  0.0
7.3	  0.0
7.4	  0.0
7.5	  0.0
7.6	  0.0
7.7	  0.0
7.8	  0.0
7.9	  0.0
8.0	  0.0
8.1	  0.0
8.2	  0.0
8.3	  0.0
8.4	  0.0
8.5	  0.0
8.6	  0.0
8.7	  0.0
8.8	  0.0
8.9	  0.0
9.0	  0.0



DATASET #6

     Name: 1 d Prob
   Points: 66
     Info: 

Data[x,y]:
2.5	  1.0
2.6	  1.0
2.7	  1.0
2.8	  1.0
2.9	  1.0
3.0	  1.0
3.1	  0.99992496
3.2	  0.9992926
3.3	  0.99690247
3.4	  0.98962486
3.5	  0.97453374
3.6	  0.94636655
3.7	  0.90397644
3.8	  0.84560555
3.9	  0.773612
4.0	  0.6960021
4.1	  0.6136227
4.2	  0.5315541
4.3	  0.4541372
4.4	  0.3831511
4.5	  0.32080385
4.6	  0.2629582
4.7	  0.21525188
4.8	  0.17564845
4.9	  0.14247589
5.0	  0.11559486
5.1	  0.0922508
5.2	  0.07375134
5.3	  0.058606647
5.4	  0.04602358
5.5	  0.03659164
5.6	  0.029324759
5.7	  0.022829583
5.8	  0.017867096
5.9	  0.013719185
6.0	  0.01118971
6.1	  0.008306538
6.2	  0.0057020364
6.3	  0.0042658094
6.4	  0.0032797428
6.5	  0.0026795284
6.6	  0.002368703
6.7	  0.0020257235
6.8	  0.0017256163
6.9	  0.0013719186
7.0	  0.0010289389
7.1	  9.4319397E-4
7.2	  7.717042E-4
7.3	  5.1446946E-4
7.4	  4.5016076E-4
7.5	  3.7513397E-4
7.6	  1.7148982E-4
7.7	  2.1436228E-5
7.8	  2.1436228E-5
7.9	  2.1436228E-5
8.0	  0.0
8.1	  0.0
8.2	  0.0
8.3	  0.0
8.4	  0.0
8.5	  0.0
8.6	  0.0
8.7	  0.0
8.8	  0.0
8.9	  0.0
9.0	  0.0



DATASET #7

Name: 95% Conf
Num Points: 66
Info: 

X, Y Data:
2.5	1.0	[1.0	1.0]
2.6	1.0	[1.0	1.0]
2.7	1.0	[1.0	1.0]
2.8	1.0	[1.0	1.0]
2.9	1.0	[1.0	1.0]
3.0	1.0	[1.0	1.0]
3.1	0.99992496	[0.99983793	0.9999671]
3.2	0.9992926	[0.9990942	0.9994486]
3.3	0.99690247	[0.9965192	0.99724424]
3.4	0.98962486	[0.9889487	0.9902604]
3.5	0.97453374	[0.97349775	0.9755305]
3.6	0.94636655	[0.944897	0.9477992]
3.7	0.90397644	[0.90206385	0.90585566]
3.8	0.84560555	[0.84326744	0.84791523]
3.9	0.773612	[0.77091	0.77629143]
4.0	0.6960021	[0.69303715	0.69895095]
4.1	0.6136227	[0.6104883	0.6167478]
4.2	0.5315541	[0.5283455	0.5347601]
4.3	0.4541372	[0.45093894	0.45733923]
4.4	0.3831511	[0.3800311	0.38628078]
4.5	0.32080385	[0.31781068	0.3238118]
4.6	0.2629582	[0.26013774	0.2657982]
4.7	0.21525188	[0.21262103	0.21790622]
4.8	0.17564845	[0.17321478	0.17810889]
4.9	0.14247589	[0.14024238	0.1447389]
5.0	0.11559486	[0.113553666	0.11766779]
5.1	0.0922508	[0.09040537	0.09412991]
5.2	0.07375134	[0.07208641	0.07545148]
5.3	0.058606647	[0.057112236	0.060137533]
5.4	0.04602358	[0.044692345	0.04739235]
5.5	0.03659164	[0.03540053	0.03782108]
5.6	0.029324759	[0.02825612	0.030432347]
5.7	0.022829583	[0.021885391	0.023813285]
5.8	0.017867096	[0.017031481	0.01874266]
5.9	0.013719185	[0.012987325	0.0144913765]
6.0	0.01118971	[0.010529387	0.011890606]
6.1	0.008306538	[0.00773888	0.008915057]
6.2	0.0057020364	[0.005233679	0.006211548]
6.3	0.0042658094	[0.0038624299	0.0047105327]
6.4	0.0032797428	[0.0029276935	0.0036732913]
6.5	0.0026795284	[0.002362639	0.0030380304]
6.6	0.002368703	[0.00207159	0.0027074965]
6.7	0.0020257235	[0.0017520135	0.0023411994]
6.8	0.0017256163	[0.0014740761	0.0020190107]
6.9	0.0013719186	[0.0011491613	0.0016366589]
7.0	0.0010289389	[8.3791366E-4	0.0012621174]
7.1	9.4319397E-4	[7.609E-4	0.0011676954]
7.2	7.717042E-4	[6.081515E-4	9.775945E-4]
7.3	5.1446946E-4	[3.8347786E-4	6.880916E-4]
7.4	4.5016076E-4	[3.2851697E-4	6.1454193E-4]
7.5	3.7513397E-4	[2.6527705E-4	5.278836E-4]
7.6	1.7148982E-4	[1.01490186E-4	2.8519836E-4]
7.7	2.1436228E-5	[3.7128725E-6	8.645717E-5]
7.8	2.1436228E-5	[3.7128725E-6	8.645717E-5]
7.9	2.1436228E-5	[3.7128725E-6	8.645717E-5]
8.0	0.0	[0.0	5.133121E-5]
8.1	0.0	[0.0	5.133121E-5]
8.2	0.0	[0.0	5.133121E-5]
8.3	0.0	[0.0	5.133121E-5]
8.4	0.0	[0.0	0.0]
8.5	0.0	[0.0	0.0]
8.6	0.0	[0.0	0.0]
8.7	0.0	[0.0	0.0]
8.8	0.0	[0.0	0.0]
8.9	0.0	[0.0	0.0]
9.0	0.0	[0.0	0.0]



DATASET #8

     Name: Supra
   Points: 66
     Info: 

Data[x,y]:
2.5	  0.0043837084
2.6	  0.0043837084
2.7	  0.0043837084
2.8	  0.0043837084
2.9	  0.0043837084
3.0	  0.0043837084
3.1	  0.0043837084
3.2	  0.0043837084
3.3	  0.0043837084
3.4	  0.0043837084
3.5	  0.0043837084
3.6	  0.0043837084
3.7	  0.0043837084
3.8	  0.0043837084
3.9	  0.0043837084
4.0	  0.0043837084
4.1	  0.0043837084
4.2	  0.0043837084
4.3	  0.0043837084
4.4	  0.0043837084
4.5	  0.0043837084
4.6	  0.0043837084
4.7	  0.0043837084
4.8	  0.0043837084
4.9	  0.0043837084
5.0	  0.0043837084
5.1	  0.0043837084
5.2	  0.0043837084
5.3	  0.0043837084
5.4	  0.0043837084
5.5	  0.0043837084
5.6	  0.0043837084
5.7	  0.0043837084
5.8	  0.0043837084
5.9	  0.0043837084
6.0	  0.0043837084
6.1	  0.0037299036
6.2	  0.0028403
6.3	  0.0024008574
6.4	  0.0020471597
6.5	  0.0017899249
6.6	  0.0016291533
6.7	  0.001414791
6.8	  0.0012861736
6.9	  0.0010825294
7.0	  8.8960346E-4
7.1	  8.2529476E-4
7.2	  7.073955E-4
7.3	  4.823151E-4
7.4	  4.1800644E-4
7.5	  3.6441587E-4
7.6	  1.607717E-4
7.7	  2.1436228E-5
7.8	  2.1436228E-5
7.9	  2.1436228E-5
8.0	  0.0
8.1	  0.0
8.2	  0.0
8.3	  0.0
8.4	  0.0
8.5	  0.0
8.6	  0.0
8.7	  0.0
8.8	  0.0
8.9	  0.0
9.0	  0.0



DATASET #9

     Name: Primary
   Points: 66
     Info: 

Data[x,y]:
2.5	  34.74909
2.6	  27.59208
2.7	  21.926323
2.8	  17.411425
2.9	  13.8364525
3.0	  10.99598
3.1	  8.734652
3.2	  6.941833
3.3	  5.517685
3.4	  4.3837514
3.5	  3.4825723
3.6	  2.7662594
3.7	  2.1986709
3.8	  1.744941
3.9	  1.3838371
4.0	  1.0991747
4.1	  0.8732369
4.2	  0.6925938
4.3	  0.5503215
4.4	  0.4376313
4.5	  0.34779206
4.6	  0.2738478
4.7	  0.21694534
4.8	  0.17151125
4.9	  0.13583066
5.0	  0.10770632
5.1	  0.08463023
5.2	  0.06646302
5.3	  0.052368704
5.4	  0.040653806
5.5	  0.031929262
5.6	  0.025369775
5.7	  0.019667739
5.8	  0.0151768485
5.9	  0.011489818
6.0	  0.0093461955
6.1	  0.0069560558
6.2	  0.0046730977
6.3	  0.003494105
6.4	  0.0027009647
6.5	  0.0022508039
6.6	  0.0020042872
6.7	  0.0017363344
6.8	  0.0015005359
6.9	  0.0012004287
7.0	  9.1103965E-4
7.1	  8.2529476E-4
7.2	  6.538049E-4
7.3	  4.3944267E-4
7.4	  3.7513397E-4
7.5	  3.215434E-4
7.6	  1.3933548E-4
7.7	  2.1436228E-5
7.8	  2.1436228E-5
7.9	  2.1436228E-5
8.0	  0.0
8.1	  0.0
8.2	  0.0
8.3	  0.0
8.4	  0.0
8.5	  0.0
8.6	  0.0
8.7	  0.0
8.8	  0.0
8.9	  0.0
9.0	  0.0


