
X-Axis: Magnitude
Y-Axis: 1 Year Cumulative Number
Number of Data Sets: 9


DATASET #1

     Name: Mean
   Points: 66
     Info: 

Data[x,y]:
2.5	  1747.9956
2.6	  1388.4469
2.7	  1102.8492
2.8	  875.9829
2.9	  695.8013
3.0	  552.6983
3.1	  439.04434
3.2	  348.75388
3.3	  277.0036
3.4	  219.9717
3.5	  174.72362
3.6	  138.74695
3.7	  110.18762
3.8	  87.49908
3.9	  69.46302
4.0	  55.148724
4.1	  43.778713
4.2	  34.741756
4.3	  27.569422
4.4	  21.873655
4.5	  17.340536
4.6	  13.749571
4.7	  10.893945
4.8	  8.620214
4.9	  6.819507
5.0	  5.392197
5.1	  4.255177
5.2	  3.3505359
5.3	  2.6351662
5.4	  2.0643408
5.5	  1.6121972
5.6	  1.2579635
5.7	  0.97317255
5.8	  0.74612004
5.9	  0.5657556
6.0	  0.44398713
6.1	  0.32918543
6.2	  0.2191747
6.3	  0.16787781
6.4	  0.12823151
6.5	  0.09956056
6.6	  0.08086817
6.7	  0.066045016
6.8	  0.053933546
6.9	  0.042690247
7.0	  0.03482315
7.1	  0.029807074
7.2	  0.022926046
7.3	  0.015948553
7.4	  0.0139978565
7.5	  0.01079314
7.6	  0.0056806
7.7	  0.001800643
7.8	  0.0011254019
7.9	  6.323687E-4
8.0	  2.1436227E-4
8.1	  0.0
8.2	  0.0
8.3	  0.0
8.4	  0.0
8.5	  0.0
8.6	  0.0
8.7	  0.0
8.8	  0.0
8.9	  0.0
9.0	  0.0



DATASET #2

     Name: 2.5%,97.5%
   Points: 66
     Info: 

Data[x,y]:
2.5	  1124.0
2.6	  888.0
2.7	  702.0
2.8	  554.0
2.9	  436.0
3.0	  344.0
3.1	  270.0
3.2	  212.0
3.3	  166.0
3.4	  129.0
3.5	  100.0
3.6	  78.0
3.7	  60.0
3.8	  46.0
3.9	  35.0
4.0	  27.0
4.1	  20.0
4.2	  15.0
4.3	  11.0
4.4	  8.0
4.5	  6.0
4.6	  4.0
4.7	  3.0
4.8	  2.0
4.9	  1.0
5.0	  0.0
5.1	  0.0
5.2	  0.0
5.3	  0.0
5.4	  0.0
5.5	  0.0
5.6	  0.0
5.7	  0.0
5.8	  0.0
5.9	  0.0
6.0	  0.0
6.1	  0.0
6.2	  0.0
6.3	  0.0
6.4	  0.0
6.5	  0.0
6.6	  0.0
6.7	  0.0
6.8	  0.0
6.9	  0.0
7.0	  0.0
7.1	  0.0
7.2	  0.0
7.3	  0.0
7.4	  0.0
7.5	  0.0
7.6	  0.0
7.7	  0.0
7.8	  0.0
7.9	  0.0
8.0	  0.0
8.1	  0.0
8.2	  0.0
8.3	  0.0
8.4	  0.0
8.5	  0.0
8.6	  0.0
8.7	  0.0
8.8	  0.0
8.9	  0.0
9.0	  0.0



DATASET #3

     Name: null
   Points: 66
     Info: 

Data[x,y]:
2.5	  5078.0
2.6	  4029.0
2.7	  3205.0
2.8	  2547.0
2.9	  2021.0
3.0	  1607.0
3.1	  1275.0
3.2	  1015.0
3.3	  807.0
3.4	  640.0
3.5	  509.0
3.6	  404.0
3.7	  322.0
3.8	  257.0
3.9	  204.0
4.0	  162.0
4.1	  129.0
4.2	  103.0
4.3	  82.0
4.4	  65.0
4.5	  52.0
4.6	  42.0
4.7	  34.0
4.8	  27.0
4.9	  22.0
5.0	  18.0
5.1	  15.0
5.2	  12.0
5.3	  10.0
5.4	  8.0
5.5	  7.0
5.6	  6.0
5.7	  5.0
5.8	  4.0
5.9	  3.0
6.0	  3.0
6.1	  2.0
6.2	  2.0
6.3	  2.0
6.4	  1.0
6.5	  1.0
6.6	  1.0
6.7	  1.0
6.8	  1.0
6.9	  1.0
7.0	  1.0
7.1	  1.0
7.2	  0.0
7.3	  0.0
7.4	  0.0
7.5	  0.0
7.6	  0.0
7.7	  0.0
7.8	  0.0
7.9	  0.0
8.0	  0.0
8.1	  0.0
8.2	  0.0
8.3	  0.0
8.4	  0.0
8.5	  0.0
8.6	  0.0
8.7	  0.0
8.8	  0.0
8.9	  0.0
9.0	  0.0



DATASET #4

     Name: Median
   Points: 66
     Info: 

Data[x,y]:
2.5	  1400.0
2.6	  1112.0
2.7	  884.0
2.8	  703.0
2.9	  559.0
3.0	  445.0
3.1	  353.0
3.2	  281.0
3.3	  224.0
3.4	  178.0
3.5	  142.0
3.6	  113.0
3.7	  90.0
3.8	  71.0
3.9	  57.0
4.0	  45.0
4.1	  36.0
4.2	  28.0
4.3	  23.0
4.4	  18.0
4.5	  14.0
4.6	  11.0
4.7	  9.0
4.8	  7.0
4.9	  5.0
5.0	  4.0
5.1	  3.0
5.2	  3.0
5.3	  2.0
5.4	  1.0
5.5	  1.0
5.6	  1.0
5.7	  1.0
5.8	  0.0
5.9	  0.0
6.0	  0.0
6.1	  0.0
6.2	  0.0
6.3	  0.0
6.4	  0.0
6.5	  0.0
6.6	  0.0
6.7	  0.0
6.8	  0.0
6.9	  0.0
7.0	  0.0
7.1	  0.0
7.2	  0.0
7.3	  0.0
7.4	  0.0
7.5	  0.0
7.6	  0.0
7.7	  0.0
7.8	  0.0
7.9	  0.0
8.0	  0.0
8.1	  0.0
8.2	  0.0
8.3	  0.0
8.4	  0.0
8.5	  0.0
8.6	  0.0
8.7	  0.0
8.8	  0.0
8.9	  0.0
9.0	  0.0



DATASET #5

     Name: Mode
   Points: 66
     Info: 

Data[x,y]:
2.5	  1247.0
2.6	  1018.0
2.7	  780.0
2.8	  638.0
2.9	  521.0
3.0	  404.0
3.1	  325.0
3.2	  258.0
3.3	  200.0
3.4	  161.0
3.5	  127.0
3.6	  103.0
3.7	  80.0
3.8	  64.0
3.9	  51.0
4.0	  39.0
4.1	  32.0
4.2	  25.0
4.3	  20.0
4.4	  15.0
4.5	  13.0
4.6	  9.0
4.7	  7.0
4.8	  5.0
4.9	  4.0
5.0	  3.0
5.1	  2.0
5.2	  2.0
5.3	  1.0
5.4	  1.0
5.5	  0.0
5.6	  0.0
5.7	  0.0
5.8	  0.0
5.9	  0.0
6.0	  0.0
6.1	  0.0
6.2	  0.0
6.3	  0.0
6.4	  0.0
6.5	  0.0
6.6	  0.0
6.7	  0.0
6.8	  0.0
6.9	  0.0
7.0	  0.0
7.1	  0.0
7.2	  0.0
7.3	  0.0
7.4	  0.0
7.5	  0.0
7.6	  0.0
7.7	  0.0
7.8	  0.0
7.9	  0.0
8.0	  0.0
8.1	  0.0
8.2	  0.0
8.3	  0.0
8.4	  0.0
8.5	  0.0
8.6	  0.0
8.7	  0.0
8.8	  0.0
8.9	  0.0
9.0	  0.0



DATASET #6

     Name: 1 yr Prob
   Points: 66
     Info: 

Data[x,y]:
2.5	  1.0
2.6	  1.0
2.7	  1.0
2.8	  1.0
2.9	  1.0
3.0	  1.0
3.1	  1.0
3.2	  1.0
3.3	  1.0
3.4	  1.0
3.5	  1.0
3.6	  1.0
3.7	  1.0
3.8	  1.0
3.9	  1.0
4.0	  1.0
4.1	  1.0
4.2	  1.0
4.3	  1.0
4.4	  1.0
4.5	  0.99997854
4.6	  0.99979633
4.7	  0.9989389
4.8	  0.9960557
4.9	  0.98796356
5.0	  0.9720364
5.1	  0.94327974
5.2	  0.8986495
5.3	  0.84045017
5.4	  0.76809216
5.5	  0.6878028
5.6	  0.60276526
5.7	  0.5168917
5.8	  0.43476957
5.9	  0.35902464
6.0	  0.29765272
6.1	  0.23515542
6.2	  0.16743837
6.3	  0.13335477
6.4	  0.103054665
6.5	  0.08184352
6.6	  0.06974276
6.7	  0.05788853
6.8	  0.048767418
6.9	  0.040042873
7.0	  0.033258308
7.1	  0.028778136
7.2	  0.022197213
7.3	  0.015551982
7.4	  0.013708468
7.5	  0.010643086
7.6	  0.0056377277
7.7	  0.001800643
7.8	  0.0011254019
7.9	  6.323687E-4
8.0	  2.1436227E-4
8.1	  0.0
8.2	  0.0
8.3	  0.0
8.4	  0.0
8.5	  0.0
8.6	  0.0
8.7	  0.0
8.8	  0.0
8.9	  0.0
9.0	  0.0



DATASET #7

Name: 95% Conf
Num Points: 66
Info: 

X, Y Data:
2.5	1.0	[1.0	1.0]
2.6	1.0	[1.0	1.0]
2.7	1.0	[1.0	1.0]
2.8	1.0	[1.0	1.0]
2.9	1.0	[1.0	1.0]
3.0	1.0	[1.0	1.0]
3.1	1.0	[1.0	1.0]
3.2	1.0	[1.0	1.0]
3.3	1.0	[1.0	1.0]
3.4	1.0	[1.0	1.0]
3.5	1.0	[1.0	1.0]
3.6	1.0	[1.0	1.0]
3.7	1.0	[1.0	1.0]
3.8	1.0	[1.0	1.0]
3.9	1.0	[1.0	1.0]
4.0	1.0	[1.0	1.0]
4.1	1.0	[1.0	1.0]
4.2	1.0	[1.0	1.0]
4.3	1.0	[1.0	1.0]
4.4	1.0	[1.0	1.0]
4.5	0.99997854	[0.9999135	0.9999963]
4.6	0.99979633	[0.9996754	0.9998738]
4.7	0.9989389	[0.9987026	0.9991331]
4.8	0.9960557	[0.995627	0.9964431]
4.9	0.98796356	[0.98723793	0.9886487]
5.0	0.9720364	[0.97095346	0.97308034]
5.1	0.94327974	[0.94177175	0.9447511]
5.2	0.8986495	[0.89669114	0.900575]
5.3	0.84045017	[0.838081	0.8427912]
5.4	0.76809216	[0.76536757	0.77079463]
5.5	0.6878028	[0.6848163	0.6907738]
5.6	0.60276526	[0.5996159	0.6059062]
5.7	0.5168917	[0.5136792	0.52010286]
5.8	0.43476957	[0.431586	0.4379585]
5.9	0.35902464	[0.35594696	0.36211398]
6.0	0.29765272	[0.29472187	0.3006003]
6.1	0.23515542	[0.2324397	0.23789299]
6.2	0.16743837	[0.16505094	0.16985324]
6.3	0.13335477	[0.13118312	0.1355567]
6.4	0.103054665	[0.10111478	0.105027325]
6.5	0.08184352	[0.08009638	0.08362519]
6.6	0.06974276	[0.06812069	0.07140039]
6.7	0.05788853	[0.05640284	0.05941076]
6.8	0.048767418	[0.047398563	0.050173573]
6.9	0.040042873	[0.038798347	0.041325435]
7.0	0.033258308	[0.032121528	0.0344337]
7.1	0.028778136	[0.027719354	0.029875914]
7.2	0.022197213	[0.021266108	0.023167886]
7.3	0.015551982	[0.0147725	0.016371628]
7.4	0.013708468	[0.012976895	0.014480372]
7.5	0.010643086	[0.009999291	0.011327507]
7.6	0.0056377277	[0.0051720887	0.006144529]
7.7	0.001800643	[0.0015433901	0.0020997266]
7.8	0.0011254019	[9.2497765E-4	0.0013679252]
7.9	6.323687E-4	[4.8563693E-4	8.2157657E-4]
8.0	2.1436227E-4	[1.3457089E-4	3.376026E-4]
8.1	0.0	[0.0	5.133121E-5]
8.2	0.0	[0.0	5.133121E-5]
8.3	0.0	[0.0	5.133121E-5]
8.4	0.0	[0.0	0.0]
8.5	0.0	[0.0	0.0]
8.6	0.0	[0.0	0.0]
8.7	0.0	[0.0	0.0]
8.8	0.0	[0.0	0.0]
8.9	0.0	[0.0	0.0]
9.0	0.0	[0.0	0.0]



DATASET #8

     Name: Supra
   Points: 66
     Info: 

Data[x,y]:
2.5	  0.1310075
2.6	  0.1310075
2.7	  0.1310075
2.8	  0.1310075
2.9	  0.1310075
3.0	  0.1310075
3.1	  0.1310075
3.2	  0.1310075
3.3	  0.1310075
3.4	  0.1310075
3.5	  0.1310075
3.6	  0.1310075
3.7	  0.1310075
3.8	  0.1310075
3.9	  0.1310075
4.0	  0.1310075
4.1	  0.1310075
4.2	  0.1310075
4.3	  0.1310075
4.4	  0.1310075
4.5	  0.1310075
4.6	  0.1310075
4.7	  0.1310075
4.8	  0.1310075
4.9	  0.1310075
5.0	  0.1310075
5.1	  0.1310075
5.2	  0.1310075
5.3	  0.1310075
5.4	  0.1310075
5.5	  0.1310075
5.6	  0.1310075
5.7	  0.1310075
5.8	  0.13099678
5.9	  0.13095391
6.0	  0.13092175
6.1	  0.11261522
6.2	  0.085423365
6.3	  0.07387996
6.4	  0.062529474
6.5	  0.053997856
6.6	  0.049957126
6.7	  0.044105038
6.8	  0.03954984
6.9	  0.033944264
7.0	  0.029528404
7.1	  0.026559485
7.2	  0.020975348
7.3	  0.014930332
7.4	  0.013429796
7.5	  0.010546624
7.6	  0.0056270096
7.7	  0.001800643
7.8	  0.0011254019
7.9	  6.323687E-4
8.0	  2.1436227E-4
8.1	  0.0
8.2	  0.0
8.3	  0.0
8.4	  0.0
8.5	  0.0
8.6	  0.0
8.7	  0.0
8.8	  0.0
8.9	  0.0
9.0	  0.0



DATASET #9

     Name: Primary
   Points: 66
     Info: 

Data[x,y]:
2.5	  854.67773
2.6	  678.85425
2.7	  539.2654
2.8	  428.31213
2.9	  340.21692
3.0	  270.258
3.1	  214.69844
3.2	  170.54788
3.3	  135.45308
3.4	  107.58162
3.5	  85.4399
3.6	  67.86022
3.7	  53.89821
3.8	  42.792927
3.9	  33.98088
4.0	  26.984554
4.1	  21.42284
4.2	  17.003654
4.3	  13.493987
4.4	  10.703301
4.5	  8.485842
4.6	  6.726077
4.7	  5.3301177
4.8	  4.217385
4.9	  3.336388
5.0	  2.6393032
5.1	  2.0830119
5.2	  1.6431297
5.3	  1.2949839
5.4	  1.0144051
5.5	  0.7933655
5.6	  0.6218864
5.7	  0.48234728
5.8	  0.3716613
5.9	  0.28352627
6.0	  0.22137192
6.1	  0.166806
6.2	  0.111993566
6.3	  0.08682744
6.4	  0.06511254
6.5	  0.05080386
6.6	  0.043569133
6.7	  0.035819937
6.8	  0.03028939
6.9	  0.024866024
7.0	  0.020557342
7.1	  0.017599143
7.2	  0.013269025
7.3	  0.008992497
7.4	  0.007824223
7.5	  0.005948553
7.6	  0.0031618434
7.7	  0.0010503752
7.8	  6.752412E-4
7.9	  4.1800644E-4
8.0	  1.07181135E-4
8.1	  0.0
8.2	  0.0
8.3	  0.0
8.4	  0.0
8.5	  0.0
8.6	  0.0
8.7	  0.0
8.8	  0.0
8.9	  0.0
9.0	  0.0


