
X-Axis: Magnitude
Y-Axis: 10 Year Cumulative Number
Number of Data Sets: 9


DATASET #1

     Name: Mean
   Points: 66
     Info: 

Data[x,y]:
2.5	  2005.32
2.6	  1592.8431
2.7	  1265.3472
2.8	  1005.1094
2.9	  798.407
3.0	  634.12146
3.1	  503.64038
3.2	  400.0606
3.3	  317.69254
3.4	  252.309
3.5	  200.34946
3.6	  159.04396
3.7	  126.31321
3.8	  100.27186
3.9	  79.5953
4.0	  63.191387
4.1	  50.15557
4.2	  39.789375
4.3	  31.565773
4.4	  25.044264
4.5	  19.838987
4.6	  15.722108
4.7	  12.448653
4.8	  9.847788
4.9	  7.780928
5.0	  6.133794
5.1	  4.8341227
5.2	  3.8058264
5.3	  2.9878943
5.4	  2.3370097
5.5	  1.8201044
5.6	  1.4109991
5.7	  1.0762732
5.8	  0.81650233
5.9	  0.6108914
6.0	  0.4620769
6.1	  0.3272805
6.2	  0.2240851
6.3	  0.16015893
6.4	  0.11799328
6.5	  0.08713493
6.6	  0.065838575
6.7	  0.05037227
6.8	  0.03800665
6.9	  0.02814757
7.0	  0.020887874
7.1	  0.01639466
7.2	  0.011957147
7.3	  0.008540819
7.4	  0.0069997585
7.5	  0.0052544605
7.6	  0.0028407509
7.7	  9.0978295E-4
7.8	  5.7557697E-4
7.9	  3.5277297E-4
8.0	  1.1140199E-4
8.1	  1.8567E-5
8.2	  0.0
8.3	  0.0
8.4	  0.0
8.5	  0.0
8.6	  0.0
8.7	  0.0
8.8	  0.0
8.9	  0.0
9.0	  0.0



DATASET #2

     Name: 2.5%,97.5%
   Points: 66
     Info: 

Data[x,y]:
2.5	  1309.0
2.6	  1035.0
2.7	  819.0
2.8	  647.0
2.9	  510.0
3.0	  402.0
3.1	  316.0
3.2	  248.0
3.3	  194.0
3.4	  152.0
3.5	  118.0
3.6	  92.0
3.7	  71.0
3.8	  55.0
3.9	  42.0
4.0	  32.0
4.1	  24.0
4.2	  18.0
4.3	  13.0
4.4	  10.0
4.5	  7.0
4.6	  5.0
4.7	  3.0
4.8	  2.0
4.9	  1.0
5.0	  1.0
5.1	  0.0
5.2	  0.0
5.3	  0.0
5.4	  0.0
5.5	  0.0
5.6	  0.0
5.7	  0.0
5.8	  0.0
5.9	  0.0
6.0	  0.0
6.1	  0.0
6.2	  0.0
6.3	  0.0
6.4	  0.0
6.5	  0.0
6.6	  0.0
6.7	  0.0
6.8	  0.0
6.9	  0.0
7.0	  0.0
7.1	  0.0
7.2	  0.0
7.3	  0.0
7.4	  0.0
7.5	  0.0
7.6	  0.0
7.7	  0.0
7.8	  0.0
7.9	  0.0
8.0	  0.0
8.1	  0.0
8.2	  0.0
8.3	  0.0
8.4	  0.0
8.5	  0.0
8.6	  0.0
8.7	  0.0
8.8	  0.0
8.9	  0.0
9.0	  0.0



DATASET #3

     Name: null
   Points: 66
     Info: 

Data[x,y]:
2.5	  4787.0
2.6	  3808.0
2.7	  3030.0
2.8	  2402.0
2.9	  1908.0
3.0	  1520.0
3.1	  1206.0
3.2	  961.0
3.3	  764.0
3.4	  608.0
3.5	  484.0
3.6	  384.0
3.7	  307.0
3.8	  245.0
3.9	  195.0
4.0	  155.0
4.1	  124.0
4.2	  99.0
4.3	  79.0
4.4	  64.0
4.5	  51.0
4.6	  41.0
4.7	  33.0
4.8	  27.0
4.9	  22.0
5.0	  18.0
5.1	  15.0
5.2	  12.0
5.3	  10.0
5.4	  8.0
5.5	  7.0
5.6	  6.0
5.7	  5.0
5.8	  4.0
5.9	  3.0
6.0	  3.0
6.1	  2.0
6.2	  2.0
6.3	  1.0
6.4	  1.0
6.5	  1.0
6.6	  1.0
6.7	  1.0
6.8	  1.0
6.9	  1.0
7.0	  0.0
7.1	  0.0
7.2	  0.0
7.3	  0.0
7.4	  0.0
7.5	  0.0
7.6	  0.0
7.7	  0.0
7.8	  0.0
7.9	  0.0
8.0	  0.0
8.1	  0.0
8.2	  0.0
8.3	  0.0
8.4	  0.0
8.5	  0.0
8.6	  0.0
8.7	  0.0
8.8	  0.0
8.9	  0.0
9.0	  0.0



DATASET #4

     Name: Median
   Points: 66
     Info: 

Data[x,y]:
2.5	  1676.0
2.6	  1332.0
2.7	  1058.0
2.8	  841.0
2.9	  669.0
3.0	  532.0
3.1	  423.0
3.2	  336.0
3.3	  267.0
3.4	  213.0
3.5	  169.0
3.6	  134.0
3.7	  107.0
3.8	  85.0
3.9	  67.0
4.0	  54.0
4.1	  43.0
4.2	  34.0
4.3	  27.0
4.4	  21.0
4.5	  17.0
4.6	  13.0
4.7	  10.0
4.8	  8.0
4.9	  6.0
5.0	  5.0
5.1	  4.0
5.2	  3.0
5.3	  2.0
5.4	  2.0
5.5	  1.0
5.6	  1.0
5.7	  1.0
5.8	  0.0
5.9	  0.0
6.0	  0.0
6.1	  0.0
6.2	  0.0
6.3	  0.0
6.4	  0.0
6.5	  0.0
6.6	  0.0
6.7	  0.0
6.8	  0.0
6.9	  0.0
7.0	  0.0
7.1	  0.0
7.2	  0.0
7.3	  0.0
7.4	  0.0
7.5	  0.0
7.6	  0.0
7.7	  0.0
7.8	  0.0
7.9	  0.0
8.0	  0.0
8.1	  0.0
8.2	  0.0
8.3	  0.0
8.4	  0.0
8.5	  0.0
8.6	  0.0
8.7	  0.0
8.8	  0.0
8.9	  0.0
9.0	  0.0



DATASET #5

     Name: Mode
   Points: 66
     Info: 

Data[x,y]:
2.5	  1441.0
2.6	  1249.0
2.7	  979.0
2.8	  764.0
2.9	  609.0
3.0	  475.0
3.1	  387.0
3.2	  306.0
3.3	  235.0
3.4	  195.0
3.5	  160.0
3.6	  127.0
3.7	  100.0
3.8	  78.0
3.9	  65.0
4.0	  49.0
4.1	  39.0
4.2	  29.0
4.3	  25.0
4.4	  18.0
4.5	  15.0
4.6	  11.0
4.7	  9.0
4.8	  6.0
4.9	  5.0
5.0	  4.0
5.1	  3.0
5.2	  2.0
5.3	  1.0
5.4	  1.0
5.5	  1.0
5.6	  0.0
5.7	  0.0
5.8	  0.0
5.9	  0.0
6.0	  0.0
6.1	  0.0
6.2	  0.0
6.3	  0.0
6.4	  0.0
6.5	  0.0
6.6	  0.0
6.7	  0.0
6.8	  0.0
6.9	  0.0
7.0	  0.0
7.1	  0.0
7.2	  0.0
7.3	  0.0
7.4	  0.0
7.5	  0.0
7.6	  0.0
7.7	  0.0
7.8	  0.0
7.9	  0.0
8.0	  0.0
8.1	  0.0
8.2	  0.0
8.3	  0.0
8.4	  0.0
8.5	  0.0
8.6	  0.0
8.7	  0.0
8.8	  0.0
8.9	  0.0
9.0	  0.0



DATASET #6

     Name: 10 yr Prob
   Points: 66
     Info: 

Data[x,y]:
2.5	  1.0
2.6	  1.0
2.7	  1.0
2.8	  1.0
2.9	  1.0
3.0	  1.0
3.1	  1.0
3.2	  1.0
3.3	  1.0
3.4	  1.0
3.5	  1.0
3.6	  1.0
3.7	  1.0
3.8	  1.0
3.9	  1.0
4.0	  1.0
4.1	  1.0
4.2	  1.0
4.3	  1.0
4.4	  1.0
4.5	  1.0
4.6	  0.99996287
4.7	  0.99951726
4.8	  0.99827325
4.9	  0.99352014
5.0	  0.982807
5.1	  0.9625318
5.2	  0.9270317
5.3	  0.87630665
5.4	  0.8108208
5.5	  0.7340463
5.6	  0.647487
5.7	  0.55548745
5.8	  0.4659017
5.9	  0.37962085
6.0	  0.30490726
6.1	  0.23375852
6.2	  0.17020369
6.3	  0.12716538
6.4	  0.09571288
6.5	  0.072615534
6.6	  0.056777883
6.7	  0.04443083
6.8	  0.034497485
6.9	  0.026383705
7.0	  0.019866688
7.1	  0.015744815
7.2	  0.011567241
7.3	  0.008336582
7.4	  0.0068697897
7.5	  0.0051987595
7.6	  0.0028221838
7.7	  9.0978295E-4
7.8	  5.7557697E-4
7.9	  3.5277297E-4
8.0	  1.1140199E-4
8.1	  1.8567E-5
8.2	  0.0
8.3	  0.0
8.4	  0.0
8.5	  0.0
8.6	  0.0
8.7	  0.0
8.8	  0.0
8.9	  0.0
9.0	  0.0



DATASET #7

Name: 95% Conf
Num Points: 66
Info: 

X, Y Data:
2.5	1.0	[1.0	1.0]
2.6	1.0	[1.0	1.0]
2.7	1.0	[1.0	1.0]
2.8	1.0	[1.0	1.0]
2.9	1.0	[1.0	1.0]
3.0	1.0	[1.0	1.0]
3.1	1.0	[1.0	1.0]
3.2	1.0	[1.0	1.0]
3.3	1.0	[1.0	1.0]
3.4	1.0	[1.0	1.0]
3.5	1.0	[1.0	1.0]
3.6	1.0	[1.0	1.0]
3.7	1.0	[1.0	1.0]
3.8	1.0	[1.0	1.0]
3.9	1.0	[1.0	1.0]
4.0	1.0	[1.0	1.0]
4.1	1.0	[1.0	1.0]
4.2	1.0	[1.0	1.0]
4.3	1.0	[1.0	1.0]
4.4	1.0	[1.0	1.0]
4.5	1.0	[1.0	1.0]
4.6	0.99996287	[0.9998502	0.99999356]
4.7	0.99951726	[0.9992817	0.9996781]
4.8	0.99827325	[0.9978751	0.9985985]
4.9	0.99352014	[0.9927966	0.9941723]
5.0	0.982807	[0.9816646	0.98387986]
5.1	0.9625318	[0.96088517	0.96411204]
5.2	0.9270317	[0.92479515	0.9292071]
5.3	0.87630665	[0.87348986	0.87906957]
5.4	0.8108208	[0.8074817	0.8141156]
5.5	0.7340463	[0.7302888	0.7377703]
5.6	0.647487	[0.6434324	0.65152043]
5.7	0.55548745	[0.5512777	0.55968934]
5.8	0.4659017	[0.46168208	0.4701262]
5.9	0.37962085	[0.37552178	0.38373718]
6.0	0.30490726	[0.301024	0.30881843]
6.1	0.23375852	[0.23019403	0.23736109]
6.2	0.17020369	[0.16704409	0.17341046]
6.3	0.12716538	[0.12436905	0.13001506]
6.4	0.09571288	[0.09324781	0.09823583]
6.5	0.072615534	[0.070445076	0.074847214]
6.6	0.056777883	[0.05484573	0.05877356]
6.7	0.04443083	[0.042713765	0.04621322]
6.8	0.034497485	[0.03297996	0.036081806]
6.9	0.026383705	[0.025054466	0.027780967]
7.0	0.019866688	[0.018712956	0.021089448]
7.1	0.015744815	[0.01471849	0.016840827]
7.2	0.011567241	[0.010689454	0.012515414]
7.3	0.008336582	[0.0075941198	0.009150025]
7.4	0.0068697897	[0.006197692	0.0076131644]
7.5	0.0051987595	[0.0046169446	0.005852232]
7.6	0.0028221838	[0.0023996797	0.003317072]
7.7	9.0978295E-4	[6.8029424E-4	0.0012130344]
7.8	5.7557697E-4	[3.978673E-4	8.277421E-4]
7.9	3.5277297E-4	[2.1862714E-4	5.62261E-4]
8.0	1.1140199E-4	[4.528581E-5	2.557238E-4]
8.1	1.8567E-5	[9.691719E-7	1.20587094E-4]
8.2	0.0	[0.0	8.89184E-5]
8.3	0.0	[0.0	8.89184E-5]
8.4	0.0	[0.0	0.0]
8.5	0.0	[0.0	0.0]
8.6	0.0	[0.0	0.0]
8.7	0.0	[0.0	0.0]
8.8	0.0	[0.0	0.0]
8.9	0.0	[0.0	0.0]
9.0	0.0	[0.0	0.0]



DATASET #8

     Name: Supra
   Points: 66
     Info: 

Data[x,y]:
2.5	  0.096307024
2.6	  0.096307024
2.7	  0.096307024
2.8	  0.096307024
2.9	  0.096307024
3.0	  0.096307024
3.1	  0.096307024
3.2	  0.096307024
3.3	  0.096307024
3.4	  0.096307024
3.5	  0.096307024
3.6	  0.096307024
3.7	  0.096307024
3.8	  0.096307024
3.9	  0.096307024
4.0	  0.096307024
4.1	  0.096307024
4.2	  0.096307024
4.3	  0.096307024
4.4	  0.096307024
4.5	  0.096307024
4.6	  0.096307024
4.7	  0.096307024
4.8	  0.096307024
4.9	  0.096307024
5.0	  0.096307024
5.1	  0.096307024
5.2	  0.096307024
5.3	  0.096307024
5.4	  0.096307024
5.5	  0.096307024
5.6	  0.096307024
5.7	  0.096307024
5.8	  0.096307024
5.9	  0.096307024
6.0	  0.09628846
6.1	  0.07293117
6.2	  0.061159696
6.3	  0.047680054
6.4	  0.0409588
6.5	  0.03327206
6.6	  0.028593179
6.7	  0.024081398
6.8	  0.020683637
6.9	  0.016933104
7.0	  0.013906682
7.1	  0.012328487
7.2	  0.009951912
7.3	  0.0075567686
7.4	  0.00668412
7.5	  0.005161626
7.6	  0.002803617
7.7	  9.0978295E-4
7.8	  5.7557697E-4
7.9	  3.5277297E-4
8.0	  1.1140199E-4
8.1	  1.8567E-5
8.2	  0.0
8.3	  0.0
8.4	  0.0
8.5	  0.0
8.6	  0.0
8.7	  0.0
8.8	  0.0
8.9	  0.0
9.0	  0.0



DATASET #9

     Name: Primary
   Points: 66
     Info: 

Data[x,y]:
2.5	  935.28925
2.6	  742.8067
2.7	  590.05695
2.8	  468.70538
2.9	  372.2878
3.0	  295.68338
3.1	  234.80733
3.2	  186.56902
3.3	  148.16676
3.4	  117.63544
3.5	  93.41811
3.6	  74.16376
3.7	  58.885815
3.8	  46.732876
3.9	  37.091293
4.0	  29.442415
4.1	  23.377207
4.2	  18.547113
4.3	  14.718859
4.4	  11.672534
4.5	  9.243469
4.6	  7.321562
4.7	  5.802763
4.8	  4.592529
4.9	  3.6241667
5.0	  2.8567927
5.1	  2.2502832
5.2	  1.7678939
5.3	  1.3881431
5.4	  1.0833472
5.5	  0.8417906
5.6	  0.6507919
5.7	  0.49377078
5.8	  0.3713771
5.9	  0.2749587
6.0	  0.20377281
6.1	  0.14682783
6.2	  0.09976049
6.3	  0.07031322
6.4	  0.050557937
6.5	  0.037208267
6.6	  0.028908817
6.7	  0.022280399
6.8	  0.016617464
6.9	  0.012662693
7.0	  0.009116396
7.1	  0.0072039957
7.2	  0.0050130896
7.3	  0.0035648637
7.4	  0.002859318
7.5	  0.002098071
7.6	  0.0011511539
7.7	  3.15639E-4
7.8	  2.5993798E-4
7.9	  1.6710299E-4
8.0	  5.5700995E-5
8.1	  1.8567E-5
8.2	  0.0
8.3	  0.0
8.4	  0.0
8.5	  0.0
8.6	  0.0
8.7	  0.0
8.8	  0.0
8.9	  0.0
9.0	  0.0


