
X-Axis: Magnitude
Y-Axis: 1 Day Cumulative Number
Number of Data Sets: 9


DATASET #1

     Name: Mean
   Points: 66
     Info: 

Data[x,y]:
2.5	  10.66355
2.6	  8.47468
2.7	  6.72922
2.8	  5.33857
2.9	  4.23768
3.0	  3.36533
3.1	  2.67427
3.2	  2.12101
3.3	  1.68194
3.4	  1.3378
3.5	  1.06114
3.6	  0.84351
3.7	  0.66769
3.8	  0.52951
3.9	  0.42083
4.0	  0.33352
4.1	  0.26593
4.2	  0.21154
4.3	  0.16831
4.4	  0.13262
4.5	  0.10435
4.6	  0.08267
4.7	  0.06523
4.8	  0.05197
4.9	  0.04096
5.0	  0.03232
5.1	  0.02538
5.2	  0.02016
5.3	  0.01583
5.4	  0.01238
5.5	  0.00959
5.6	  0.0074
5.7	  0.0057
5.8	  0.00441
5.9	  0.00306
6.0	  0.00233
6.1	  0.00171
6.2	  0.00121
6.3	  8.5E-4
6.4	  6.0E-4
6.5	  4.7E-4
6.6	  3.9E-4
6.7	  2.8E-4
6.8	  2.4E-4
6.9	  2.0E-4
7.0	  1.3E-4
7.1	  1.0E-4
7.2	  8.0E-5
7.3	  6.0E-5
7.4	  5.0E-5
7.5	  3.0E-5
7.6	  2.0E-5
7.7	  1.0E-5
7.8	  0.0
7.9	  0.0
8.0	  0.0
8.1	  0.0
8.2	  0.0
8.3	  0.0
8.4	  0.0
8.5	  0.0
8.6	  0.0
8.7	  0.0
8.8	  0.0
8.9	  0.0
9.0	  0.0



DATASET #2

     Name: 2.5%,97.5%
   Points: 66
     Info: 

Data[x,y]:
2.5	  3.0
2.6	  2.0
2.7	  1.0
2.8	  1.0
2.9	  0.0
3.0	  0.0
3.1	  0.0
3.2	  0.0
3.3	  0.0
3.4	  0.0
3.5	  0.0
3.6	  0.0
3.7	  0.0
3.8	  0.0
3.9	  0.0
4.0	  0.0
4.1	  0.0
4.2	  0.0
4.3	  0.0
4.4	  0.0
4.5	  0.0
4.6	  0.0
4.7	  0.0
4.8	  0.0
4.9	  0.0
5.0	  0.0
5.1	  0.0
5.2	  0.0
5.3	  0.0
5.4	  0.0
5.5	  0.0
5.6	  0.0
5.7	  0.0
5.8	  0.0
5.9	  0.0
6.0	  0.0
6.1	  0.0
6.2	  0.0
6.3	  0.0
6.4	  0.0
6.5	  0.0
6.6	  0.0
6.7	  0.0
6.8	  0.0
6.9	  0.0
7.0	  0.0
7.1	  0.0
7.2	  0.0
7.3	  0.0
7.4	  0.0
7.5	  0.0
7.6	  0.0
7.7	  0.0
7.8	  0.0
7.9	  0.0
8.0	  0.0
8.1	  0.0
8.2	  0.0
8.3	  0.0
8.4	  0.0
8.5	  0.0
8.6	  0.0
8.7	  0.0
8.8	  0.0
8.9	  0.0
9.0	  0.0



DATASET #3

     Name: null
   Points: 66
     Info: 

Data[x,y]:
2.5	  22.0
2.6	  18.0
2.7	  15.0
2.8	  12.0
2.9	  10.0
3.0	  9.0
3.1	  7.0
3.2	  6.0
3.3	  5.0
3.4	  5.0
3.5	  4.0
3.6	  3.0
3.7	  3.0
3.8	  3.0
3.9	  2.0
4.0	  2.0
4.1	  2.0
4.2	  2.0
4.3	  1.0
4.4	  1.0
4.5	  1.0
4.6	  1.0
4.7	  1.0
4.8	  1.0
4.9	  1.0
5.0	  1.0
5.1	  0.0
5.2	  0.0
5.3	  0.0
5.4	  0.0
5.5	  0.0
5.6	  0.0
5.7	  0.0
5.8	  0.0
5.9	  0.0
6.0	  0.0
6.1	  0.0
6.2	  0.0
6.3	  0.0
6.4	  0.0
6.5	  0.0
6.6	  0.0
6.7	  0.0
6.8	  0.0
6.9	  0.0
7.0	  0.0
7.1	  0.0
7.2	  0.0
7.3	  0.0
7.4	  0.0
7.5	  0.0
7.6	  0.0
7.7	  0.0
7.8	  0.0
7.9	  0.0
8.0	  0.0
8.1	  0.0
8.2	  0.0
8.3	  0.0
8.4	  0.0
8.5	  0.0
8.6	  0.0
8.7	  0.0
8.8	  0.0
8.9	  0.0
9.0	  0.0



DATASET #4

     Name: Median
   Points: 66
     Info: 

Data[x,y]:
2.5	  9.0
2.6	  7.0
2.7	  6.0
2.8	  4.0
2.9	  4.0
3.0	  3.0
3.1	  2.0
3.2	  2.0
3.3	  1.0
3.4	  1.0
3.5	  1.0
3.6	  1.0
3.7	  0.0
3.8	  0.0
3.9	  0.0
4.0	  0.0
4.1	  0.0
4.2	  0.0
4.3	  0.0
4.4	  0.0
4.5	  0.0
4.6	  0.0
4.7	  0.0
4.8	  0.0
4.9	  0.0
5.0	  0.0
5.1	  0.0
5.2	  0.0
5.3	  0.0
5.4	  0.0
5.5	  0.0
5.6	  0.0
5.7	  0.0
5.8	  0.0
5.9	  0.0
6.0	  0.0
6.1	  0.0
6.2	  0.0
6.3	  0.0
6.4	  0.0
6.5	  0.0
6.6	  0.0
6.7	  0.0
6.8	  0.0
6.9	  0.0
7.0	  0.0
7.1	  0.0
7.2	  0.0
7.3	  0.0
7.4	  0.0
7.5	  0.0
7.6	  0.0
7.7	  0.0
7.8	  0.0
7.9	  0.0
8.0	  0.0
8.1	  0.0
8.2	  0.0
8.3	  0.0
8.4	  0.0
8.5	  0.0
8.6	  0.0
8.7	  0.0
8.8	  0.0
8.9	  0.0
9.0	  0.0



DATASET #5

     Name: Mode
   Points: 66
     Info: 

Data[x,y]:
2.5	  8.0
2.6	  7.0
2.7	  5.0
2.8	  4.0
2.9	  3.0
3.0	  2.0
3.1	  2.0
3.2	  1.0
3.3	  1.0
3.4	  0.0
3.5	  0.0
3.6	  0.0
3.7	  0.0
3.8	  0.0
3.9	  0.0
4.0	  0.0
4.1	  0.0
4.2	  0.0
4.3	  0.0
4.4	  0.0
4.5	  0.0
4.6	  0.0
4.7	  0.0
4.8	  0.0
4.9	  0.0
5.0	  0.0
5.1	  0.0
5.2	  0.0
5.3	  0.0
5.4	  0.0
5.5	  0.0
5.6	  0.0
5.7	  0.0
5.8	  0.0
5.9	  0.0
6.0	  0.0
6.1	  0.0
6.2	  0.0
6.3	  0.0
6.4	  0.0
6.5	  0.0
6.6	  0.0
6.7	  0.0
6.8	  0.0
6.9	  0.0
7.0	  0.0
7.1	  0.0
7.2	  0.0
7.3	  0.0
7.4	  0.0
7.5	  0.0
7.6	  0.0
7.7	  0.0
7.8	  0.0
7.9	  0.0
8.0	  0.0
8.1	  0.0
8.2	  0.0
8.3	  0.0
8.4	  0.0
8.5	  0.0
8.6	  0.0
8.7	  0.0
8.8	  0.0
8.9	  0.0
9.0	  0.0



DATASET #6

     Name: 1 d Prob
   Points: 66
     Info: 

Data[x,y]:
2.5	  0.99964
2.6	  0.99862
2.7	  0.99502
2.8	  0.9854
2.9	  0.96641
3.0	  0.93276
3.1	  0.88347
3.2	  0.81997
3.3	  0.74509
3.4	  0.66338
3.5	  0.57956
3.6	  0.50084
3.7	  0.42412
3.8	  0.35578
3.9	  0.29673
4.0	  0.24468
4.1	  0.2015
4.2	  0.16424
4.3	  0.13381
4.4	  0.10717
4.5	  0.086
4.6	  0.06918
4.7	  0.0554
4.8	  0.04462
4.9	  0.03546
5.0	  0.02822
5.1	  0.0224
5.2	  0.0178
5.3	  0.0141
5.4	  0.01109
5.5	  0.00858
5.6	  0.00665
5.7	  0.00516
5.8	  0.00403
5.9	  0.00285
6.0	  0.00219
6.1	  0.00163
6.2	  0.00117
6.3	  8.2E-4
6.4	  5.8E-4
6.5	  4.7E-4
6.6	  3.9E-4
6.7	  2.8E-4
6.8	  2.4E-4
6.9	  2.0E-4
7.0	  1.3E-4
7.1	  1.0E-4
7.2	  8.0E-5
7.3	  6.0E-5
7.4	  5.0E-5
7.5	  3.0E-5
7.6	  2.0E-5
7.7	  1.0E-5
7.8	  0.0
7.9	  0.0
8.0	  0.0
8.1	  0.0
8.2	  0.0
8.3	  0.0
8.4	  0.0
8.5	  0.0
8.6	  0.0
8.7	  0.0
8.8	  0.0
8.9	  0.0
9.0	  0.0



DATASET #7

Name: 95% Conf
Num Points: 66
Info: 

X, Y Data:
2.5	0.99964	[0.99949586	0.9997441]
2.6	0.99862	[0.99836457	0.99883634]
2.7	0.99502	[0.99455905	0.99544245]
2.8	0.9854	[0.98463255	0.9861299]
2.9	0.96641	[0.96527016	0.96751386]
3.0	0.93276	[0.931186	0.9343006]
3.1	0.88347	[0.8814615	0.88544893]
3.2	0.81997	[0.81757134	0.82234406]
3.3	0.74509	[0.7423744	0.7477867]
3.4	0.66338	[0.66043985	0.66630757]
3.5	0.57956	[0.5764924	0.58262146]
3.6	0.50084	[0.497736	0.5039439]
3.7	0.42412	[0.42105484	0.427191]
3.8	0.35578	[0.35281327	0.35875782]
3.9	0.29673	[0.29390147	0.29957417]
4.0	0.24468	[0.24202032	0.24735932]
4.1	0.2015	[0.19902034	0.20400263]
4.2	0.16424	[0.16195159	0.16655426]
4.3	0.13381	[0.13170898	0.13593923]
4.4	0.10717	[0.10526287	0.1091074]
4.5	0.086	[0.0842732	0.087758705]
4.6	0.06918	[0.06761873	0.07077448]
4.7	0.0554	[0.053994197	0.05684008]
4.8	0.04462	[0.043352764	0.045922358]
4.9	0.03546	[0.03432654	0.036629304]
5.0	0.02822	[0.027206667	0.029269757]
5.1	0.0224	[0.021496087	0.023340805]
5.2	0.0178	[0.01699391	0.018643362]
5.3	0.0141	[0.013382797	0.01485479]
5.4	0.01109	[0.010454584	0.011763268]
5.5	0.00858	[0.008022094	0.009175991]
5.6	0.00665	[0.00616004	0.0071782395]
5.7	0.00516	[0.0047297487	0.005628697]
5.8	0.00403	[0.003651167	0.0044474225]
5.9	0.00285	[0.0025334272	0.0032053452]
6.0	0.00219	[0.0019140922	0.0025048126]
6.1	0.00163	[0.0013937678	0.0019052849]
6.2	0.00117	[9.7187026E-4	0.0014073551]
6.3	8.2E-4	[6.5627135E-4	0.0010231547]
6.4	5.8E-4	[4.4437288E-4	7.552722E-4]
6.5	4.7E-4	[3.49198E-4	6.305945E-4]
6.6	3.9E-4	[2.81098E-4	5.388359E-4]
6.7	2.8E-4	[1.8965195E-4	4.1056133E-4]
6.8	2.4E-4	[1.5727628E-4	3.6308065E-4]
6.9	2.0E-4	[1.2555439E-4	3.1498473E-4]
7.0	1.3E-4	[7.23001E-5	2.287271E-4]
7.1	1.0E-4	[5.08174E-5	1.9054979E-4]
7.2	8.0E-5	[3.7198402E-5	1.6448459E-4]
7.3	6.0E-5	[2.4390289E-5	1.377361E-4]
7.4	5.0E-5	[1.8407845E-5	1.2402E-4]
7.5	3.0E-5	[7.747817E-6	9.559829E-5]
7.6	2.0E-5	[3.4641096E-6	8.066479E-5]
7.7	1.0E-5	[5.219861E-7	6.4949265E-5]
7.8	0.0	[0.0	4.7892154E-5]
7.9	0.0	[0.0	4.7892154E-5]
8.0	0.0	[0.0	4.7892154E-5]
8.1	0.0	[0.0	4.7892154E-5]
8.2	0.0	[0.0	4.7892154E-5]
8.3	0.0	[0.0	4.7892154E-5]
8.4	0.0	[0.0	0.0]
8.5	0.0	[0.0	0.0]
8.6	0.0	[0.0	0.0]
8.7	0.0	[0.0	0.0]
8.8	0.0	[0.0	0.0]
8.9	0.0	[0.0	0.0]
9.0	0.0	[0.0	0.0]



DATASET #8

     Name: Supra
   Points: 66
     Info: 

Data[x,y]:
2.5	  5.5E-4
2.6	  5.5E-4
2.7	  5.5E-4
2.8	  5.5E-4
2.9	  5.5E-4
3.0	  5.5E-4
3.1	  5.5E-4
3.2	  5.5E-4
3.3	  5.5E-4
3.4	  5.5E-4
3.5	  5.5E-4
3.6	  5.5E-4
3.7	  5.5E-4
3.8	  5.5E-4
3.9	  5.5E-4
4.0	  5.5E-4
4.1	  5.5E-4
4.2	  5.5E-4
4.3	  5.5E-4
4.4	  5.5E-4
4.5	  5.5E-4
4.6	  5.5E-4
4.7	  5.5E-4
4.8	  5.5E-4
4.9	  5.5E-4
5.0	  5.5E-4
5.1	  5.5E-4
5.2	  5.5E-4
5.3	  5.5E-4
5.4	  5.5E-4
5.5	  5.5E-4
5.6	  5.5E-4
5.7	  5.5E-4
5.8	  5.5E-4
5.9	  5.5E-4
6.0	  5.5E-4
6.1	  4.1E-4
6.2	  3.5E-4
6.3	  2.7E-4
6.4	  2.4E-4
6.5	  2.1E-4
6.6	  1.9E-4
6.7	  1.7E-4
6.8	  1.5E-4
6.9	  1.4E-4
7.0	  1.0E-4
7.1	  8.0E-5
7.2	  7.0E-5
7.3	  5.0E-5
7.4	  5.0E-5
7.5	  3.0E-5
7.6	  2.0E-5
7.7	  1.0E-5
7.8	  0.0
7.9	  0.0
8.0	  0.0
8.1	  0.0
8.2	  0.0
8.3	  0.0
8.4	  0.0
8.5	  0.0
8.6	  0.0
8.7	  0.0
8.8	  0.0
8.9	  0.0
9.0	  0.0



DATASET #9

     Name: Primary
   Points: 66
     Info: 

Data[x,y]:
2.5	  8.30888
2.6	  6.60605
2.7	  5.24273
2.8	  4.16066
2.9	  3.30398
3.0	  2.62327
3.1	  2.08391
3.2	  1.6531
3.3	  1.31006
3.4	  1.04055
3.5	  0.82513
3.6	  0.65553
3.7	  0.5174
3.8	  0.41027
3.9	  0.32634
4.0	  0.2584
4.1	  0.20575
4.2	  0.16356
4.3	  0.1302
4.4	  0.10199
4.5	  0.08041
4.6	  0.06375
4.7	  0.05039
4.8	  0.04024
4.9	  0.03186
5.0	  0.02513
5.1	  0.01962
5.2	  0.01549
5.3	  0.0122
5.4	  0.00954
5.5	  0.00737
5.6	  0.00576
5.7	  0.00444
5.8	  0.00342
5.9	  0.00237
6.0	  0.0018
6.1	  0.00132
6.2	  9.6E-4
6.3	  6.5E-4
6.4	  4.5E-4
6.5	  3.5E-4
6.6	  3.0E-4
6.7	  2.1E-4
6.8	  1.8E-4
6.9	  1.4E-4
7.0	  9.0E-5
7.1	  6.0E-5
7.2	  5.0E-5
7.3	  4.0E-5
7.4	  3.0E-5
7.5	  2.0E-5
7.6	  2.0E-5
7.7	  1.0E-5
7.8	  0.0
7.9	  0.0
8.0	  0.0
8.1	  0.0
8.2	  0.0
8.3	  0.0
8.4	  0.0
8.5	  0.0
8.6	  0.0
8.7	  0.0
8.8	  0.0
8.9	  0.0
9.0	  0.0


