
X-Axis: Magnitude
Y-Axis: 1 Hour Cumulative Number
Number of Data Sets: 9


DATASET #1

     Name: Mean
   Points: 66
     Info: 

Data[x,y]:
2.5	  0.40167597
2.6	  0.31675977
2.7	  0.2519553
2.8	  0.20893855
2.9	  0.16815643
3.0	  0.13128492
3.1	  0.107821226
3.2	  0.08826815
3.3	  0.06480447
3.4	  0.05642458
3.5	  0.042458102
3.6	  0.03407821
3.7	  0.025139665
3.8	  0.020111732
3.9	  0.017318435
4.0	  0.012849162
4.1	  0.0106145255
4.2	  0.008938547
4.3	  0.00726257
4.4	  0.0061452514
4.5	  0.005027933
4.6	  0.0044692736
4.7	  0.002793296
4.8	  0.0016759776
4.9	  0.0011173184
5.0	  5.586592E-4
5.1	  0.0
5.2	  0.0
5.3	  0.0
5.4	  0.0
5.5	  0.0
5.6	  0.0
5.7	  0.0
5.8	  0.0
5.9	  0.0
6.0	  0.0
6.1	  0.0
6.2	  0.0
6.3	  0.0
6.4	  0.0
6.5	  0.0
6.6	  0.0
6.7	  0.0
6.8	  0.0
6.9	  0.0
7.0	  0.0
7.1	  0.0
7.2	  0.0
7.3	  0.0
7.4	  0.0
7.5	  0.0
7.6	  0.0
7.7	  0.0
7.8	  0.0
7.9	  0.0
8.0	  0.0
8.1	  0.0
8.2	  0.0
8.3	  0.0
8.4	  0.0
8.5	  0.0
8.6	  0.0
8.7	  0.0
8.8	  0.0
8.9	  0.0
9.0	  0.0



DATASET #2

     Name: 2.5%,97.5%
   Points: 66
     Info: 

Data[x,y]:
2.5	  0.0
2.6	  0.0
2.7	  0.0
2.8	  0.0
2.9	  0.0
3.0	  0.0
3.1	  0.0
3.2	  0.0
3.3	  0.0
3.4	  0.0
3.5	  0.0
3.6	  0.0
3.7	  0.0
3.8	  0.0
3.9	  0.0
4.0	  0.0
4.1	  0.0
4.2	  0.0
4.3	  0.0
4.4	  0.0
4.5	  0.0
4.6	  0.0
4.7	  0.0
4.8	  0.0
4.9	  0.0
5.0	  0.0
5.1	  0.0
5.2	  0.0
5.3	  0.0
5.4	  0.0
5.5	  0.0
5.6	  0.0
5.7	  0.0
5.8	  0.0
5.9	  0.0
6.0	  0.0
6.1	  0.0
6.2	  0.0
6.3	  0.0
6.4	  0.0
6.5	  0.0
6.6	  0.0
6.7	  0.0
6.8	  0.0
6.9	  0.0
7.0	  0.0
7.1	  0.0
7.2	  0.0
7.3	  0.0
7.4	  0.0
7.5	  0.0
7.6	  0.0
7.7	  0.0
7.8	  0.0
7.9	  0.0
8.0	  0.0
8.1	  0.0
8.2	  0.0
8.3	  0.0
8.4	  0.0
8.5	  0.0
8.6	  0.0
8.7	  0.0
8.8	  0.0
8.9	  0.0
9.0	  0.0



DATASET #3

     Name: null
   Points: 66
     Info: 

Data[x,y]:
2.5	  2.0
2.6	  2.0
2.7	  2.0
2.8	  1.0
2.9	  1.0
3.0	  1.0
3.1	  1.0
3.2	  1.0
3.3	  1.0
3.4	  1.0
3.5	  1.0
3.6	  1.0
3.7	  0.0
3.8	  0.0
3.9	  0.0
4.0	  0.0
4.1	  0.0
4.2	  0.0
4.3	  0.0
4.4	  0.0
4.5	  0.0
4.6	  0.0
4.7	  0.0
4.8	  0.0
4.9	  0.0
5.0	  0.0
5.1	  0.0
5.2	  0.0
5.3	  0.0
5.4	  0.0
5.5	  0.0
5.6	  0.0
5.7	  0.0
5.8	  0.0
5.9	  0.0
6.0	  0.0
6.1	  0.0
6.2	  0.0
6.3	  0.0
6.4	  0.0
6.5	  0.0
6.6	  0.0
6.7	  0.0
6.8	  0.0
6.9	  0.0
7.0	  0.0
7.1	  0.0
7.2	  0.0
7.3	  0.0
7.4	  0.0
7.5	  0.0
7.6	  0.0
7.7	  0.0
7.8	  0.0
7.9	  0.0
8.0	  0.0
8.1	  0.0
8.2	  0.0
8.3	  0.0
8.4	  0.0
8.5	  0.0
8.6	  0.0
8.7	  0.0
8.8	  0.0
8.9	  0.0
9.0	  0.0



DATASET #4

     Name: Median
   Points: 66
     Info: 

Data[x,y]:
2.5	  0.0
2.6	  0.0
2.7	  0.0
2.8	  0.0
2.9	  0.0
3.0	  0.0
3.1	  0.0
3.2	  0.0
3.3	  0.0
3.4	  0.0
3.5	  0.0
3.6	  0.0
3.7	  0.0
3.8	  0.0
3.9	  0.0
4.0	  0.0
4.1	  0.0
4.2	  0.0
4.3	  0.0
4.4	  0.0
4.5	  0.0
4.6	  0.0
4.7	  0.0
4.8	  0.0
4.9	  0.0
5.0	  0.0
5.1	  0.0
5.2	  0.0
5.3	  0.0
5.4	  0.0
5.5	  0.0
5.6	  0.0
5.7	  0.0
5.8	  0.0
5.9	  0.0
6.0	  0.0
6.1	  0.0
6.2	  0.0
6.3	  0.0
6.4	  0.0
6.5	  0.0
6.6	  0.0
6.7	  0.0
6.8	  0.0
6.9	  0.0
7.0	  0.0
7.1	  0.0
7.2	  0.0
7.3	  0.0
7.4	  0.0
7.5	  0.0
7.6	  0.0
7.7	  0.0
7.8	  0.0
7.9	  0.0
8.0	  0.0
8.1	  0.0
8.2	  0.0
8.3	  0.0
8.4	  0.0
8.5	  0.0
8.6	  0.0
8.7	  0.0
8.8	  0.0
8.9	  0.0
9.0	  0.0



DATASET #5

     Name: Mode
   Points: 66
     Info: 

Data[x,y]:
2.5	  0.0
2.6	  0.0
2.7	  0.0
2.8	  0.0
2.9	  0.0
3.0	  0.0
3.1	  0.0
3.2	  0.0
3.3	  0.0
3.4	  0.0
3.5	  0.0
3.6	  0.0
3.7	  0.0
3.8	  0.0
3.9	  0.0
4.0	  0.0
4.1	  0.0
4.2	  0.0
4.3	  0.0
4.4	  0.0
4.5	  0.0
4.6	  0.0
4.7	  0.0
4.8	  0.0
4.9	  0.0
5.0	  0.0
5.1	  0.0
5.2	  0.0
5.3	  0.0
5.4	  0.0
5.5	  0.0
5.6	  0.0
5.7	  0.0
5.8	  0.0
5.9	  0.0
6.0	  0.0
6.1	  0.0
6.2	  0.0
6.3	  0.0
6.4	  0.0
6.5	  0.0
6.6	  0.0
6.7	  0.0
6.8	  0.0
6.9	  0.0
7.0	  0.0
7.1	  0.0
7.2	  0.0
7.3	  0.0
7.4	  0.0
7.5	  0.0
7.6	  0.0
7.7	  0.0
7.8	  0.0
7.9	  0.0
8.0	  0.0
8.1	  0.0
8.2	  0.0
8.3	  0.0
8.4	  0.0
8.5	  0.0
8.6	  0.0
8.7	  0.0
8.8	  0.0
8.9	  0.0
9.0	  0.0



DATASET #6

     Name: 1 hr Prob
   Points: 66
     Info: 

Data[x,y]:
2.5	  0.31061453
2.6	  0.25810057
2.7	  0.20949721
2.8	  0.17988826
2.9	  0.14692737
3.0	  0.11452514
3.1	  0.095530726
3.2	  0.07988827
3.3	  0.05810056
3.4	  0.05083799
3.5	  0.037430167
3.6	  0.030167598
3.7	  0.022346368
3.8	  0.017877094
3.9	  0.015642459
4.0	  0.011731843
4.1	  0.010055866
4.2	  0.008379889
4.3	  0.00726257
4.4	  0.0061452514
4.5	  0.005027933
4.6	  0.0044692736
4.7	  0.002793296
4.8	  0.0016759776
4.9	  0.0011173184
5.0	  5.586592E-4
5.1	  0.0
5.2	  0.0
5.3	  0.0
5.4	  0.0
5.5	  0.0
5.6	  0.0
5.7	  0.0
5.8	  0.0
5.9	  0.0
6.0	  0.0
6.1	  0.0
6.2	  0.0
6.3	  0.0
6.4	  0.0
6.5	  0.0
6.6	  0.0
6.7	  0.0
6.8	  0.0
6.9	  0.0
7.0	  0.0
7.1	  0.0
7.2	  0.0
7.3	  0.0
7.4	  0.0
7.5	  0.0
7.6	  0.0
7.7	  0.0
7.8	  0.0
7.9	  0.0
8.0	  0.0
8.1	  0.0
8.2	  0.0
8.3	  0.0
8.4	  0.0
8.5	  0.0
8.6	  0.0
8.7	  0.0
8.8	  0.0
8.9	  0.0
9.0	  0.0



DATASET #7

Name: 95% Conf
Num Points: 66
Info: 

X, Y Data:
2.5	0.31061453	[0.28932843	0.33272237]
2.6	0.25810057	[0.2380901	0.27916136]
2.7	0.20949721	[0.19100717	0.2292499]
2.8	0.17988826	[0.16251792	0.19865116]
2.9	0.14692737	[0.13101663	0.16437607]
3.0	0.11452514	[0.10032764	0.13040484]
3.1	0.095530726	[0.082505435	0.110323824]
3.2	0.07988827	[0.067950375	0.09366541]
3.3	0.05810056	[0.047925487	0.07021687]
3.4	0.05083799	[0.04133656	0.06231574]
3.5	0.037430167	[0.029333698	0.047570344]
3.6	0.030167598	[0.022951	0.03946683]
3.7	0.022346368	[0.01621579	0.030605236]
3.8	0.017877094	[0.012459099	0.025452636]
3.9	0.015642459	[0.010615449	0.022843115]
4.0	0.011731843	[0.00746489	0.018204594]
4.1	0.010055866	[0.0061536445	0.01618011]
4.2	0.008379889	[0.0048741577	0.014126281]
4.3	0.00726257	[0.004043403	0.012736784]
4.4	0.0061452514	[0.0032351934	0.011327042]
4.5	0.005027933	[0.0024557088	0.009891978]
4.6	0.0044692736	[0.0020795544	0.009162708]
4.7	0.002793296	[0.0010288073	0.0069103506]
4.8	0.0016759776	[4.3293592E-4	0.0053277146]
4.9	0.0011173184	[1.9354865E-4	0.0044959276]
5.0	5.586592E-4	[2.9161913E-5	0.003620389]
5.1	0.0	[0.0	0.0026698501]
5.2	0.0	[0.0	0.0026698501]
5.3	0.0	[0.0	0.0026698501]
5.4	0.0	[0.0	0.0026698501]
5.5	0.0	[0.0	0.0026698501]
5.6	0.0	[0.0	0.0026698501]
5.7	0.0	[0.0	0.0026698501]
5.8	0.0	[0.0	0.0026698501]
5.9	0.0	[0.0	0.0026698501]
6.0	0.0	[0.0	0.0026698501]
6.1	0.0	[0.0	0.0026698501]
6.2	0.0	[0.0	0.0026698501]
6.3	0.0	[0.0	0.0026698501]
6.4	0.0	[0.0	0.0026698501]
6.5	0.0	[0.0	0.0026698501]
6.6	0.0	[0.0	0.0026698501]
6.7	0.0	[0.0	0.0026698501]
6.8	0.0	[0.0	0.0026698501]
6.9	0.0	[0.0	0.0026698501]
7.0	0.0	[0.0	0.0026698501]
7.1	0.0	[0.0	0.0026698501]
7.2	0.0	[0.0	0.0026698501]
7.3	0.0	[0.0	0.0026698501]
7.4	0.0	[0.0	0.0026698501]
7.5	0.0	[0.0	0.0026698501]
7.6	0.0	[0.0	0.0026698501]
7.7	0.0	[0.0	0.0026698501]
7.8	0.0	[0.0	0.0026698501]
7.9	0.0	[0.0	0.0026698501]
8.0	0.0	[0.0	0.0026698501]
8.1	0.0	[0.0	0.0026698501]
8.2	0.0	[0.0	0.0026698501]
8.3	0.0	[0.0	0.0026698501]
8.4	0.0	[0.0	0.0]
8.5	0.0	[0.0	0.0]
8.6	0.0	[0.0	0.0]
8.7	0.0	[0.0	0.0]
8.8	0.0	[0.0	0.0]
8.9	0.0	[0.0	0.0]
9.0	0.0	[0.0	0.0]



DATASET #8

     Name: Supra
   Points: 66
     Info: 

Data[x,y]:
2.5	  0.0
2.6	  0.0
2.7	  0.0
2.8	  0.0
2.9	  0.0
3.0	  0.0
3.1	  0.0
3.2	  0.0
3.3	  0.0
3.4	  0.0
3.5	  0.0
3.6	  0.0
3.7	  0.0
3.8	  0.0
3.9	  0.0
4.0	  0.0
4.1	  0.0
4.2	  0.0
4.3	  0.0
4.4	  0.0
4.5	  0.0
4.6	  0.0
4.7	  0.0
4.8	  0.0
4.9	  0.0
5.0	  0.0
5.1	  0.0
5.2	  0.0
5.3	  0.0
5.4	  0.0
5.5	  0.0
5.6	  0.0
5.7	  0.0
5.8	  0.0
5.9	  0.0
6.0	  0.0
6.1	  0.0
6.2	  0.0
6.3	  0.0
6.4	  0.0
6.5	  0.0
6.6	  0.0
6.7	  0.0
6.8	  0.0
6.9	  0.0
7.0	  0.0
7.1	  0.0
7.2	  0.0
7.3	  0.0
7.4	  0.0
7.5	  0.0
7.6	  0.0
7.7	  0.0
7.8	  0.0
7.9	  0.0
8.0	  0.0
8.1	  0.0
8.2	  0.0
8.3	  0.0
8.4	  0.0
8.5	  0.0
8.6	  0.0
8.7	  0.0
8.8	  0.0
8.9	  0.0
9.0	  0.0



DATASET #9

     Name: Primary
   Points: 66
     Info: 

Data[x,y]:
2.5	  0.37374303
2.6	  0.29441342
2.7	  0.23240224
2.8	  0.19441341
2.9	  0.1575419
3.0	  0.12234637
3.1	  0.09944134
3.2	  0.08268157
3.3	  0.059217878
3.4	  0.05083799
3.5	  0.037430167
3.6	  0.030167598
3.7	  0.022346368
3.8	  0.017877094
3.9	  0.015083799
4.0	  0.011173184
4.1	  0.009497207
4.2	  0.007821229
4.3	  0.0061452514
4.4	  0.005027933
4.5	  0.0044692736
4.6	  0.0039106146
4.7	  0.0022346368
4.8	  0.0011173184
4.9	  5.586592E-4
5.0	  5.586592E-4
5.1	  0.0
5.2	  0.0
5.3	  0.0
5.4	  0.0
5.5	  0.0
5.6	  0.0
5.7	  0.0
5.8	  0.0
5.9	  0.0
6.0	  0.0
6.1	  0.0
6.2	  0.0
6.3	  0.0
6.4	  0.0
6.5	  0.0
6.6	  0.0
6.7	  0.0
6.8	  0.0
6.9	  0.0
7.0	  0.0
7.1	  0.0
7.2	  0.0
7.3	  0.0
7.4	  0.0
7.5	  0.0
7.6	  0.0
7.7	  0.0
7.8	  0.0
7.9	  0.0
8.0	  0.0
8.1	  0.0
8.2	  0.0
8.3	  0.0
8.4	  0.0
8.5	  0.0
8.6	  0.0
8.7	  0.0
8.8	  0.0
8.9	  0.0
9.0	  0.0


