
X-Axis: Magnitude
Y-Axis: Cumulative Annual Rate (1/yr)
Number of Data Sets: 8


DATASET #1

     Name: Mean
   Points: 41
     Info: 

Data[x,y]:
5.0	  7.4423456
5.1	  5.8914094
5.2	  4.660131
5.3	  3.6800613
5.4	  2.903764
5.5	  2.2880476
5.6	  1.7947236
5.7	  1.4062939
5.8	  1.096489
5.9	  0.8401782
6.0	  0.66735536
6.1	  0.5102884
6.2	  0.40041885
6.3	  0.3135436
6.4	  0.24007702
6.5	  0.18280205
6.6	  0.1380362
6.7	  0.103010625
6.8	  0.07800641
6.9	  0.058244787
7.0	  0.04303705
7.1	  0.031160397
7.2	  0.02185585
7.3	  0.015784
7.4	  0.010625738
7.5	  0.006409175
7.6	  0.0038932927
7.7	  0.002080171
7.8	  8.8547816E-4
7.9	  4.638219E-4
8.0	  1.8271772E-4
8.1	  5.6220837E-5
8.2	  0.0
8.3	  0.0
8.4	  0.0
8.5	  0.0
8.6	  0.0
8.7	  0.0
8.8	  0.0
8.9	  0.0
9.0	  0.0



DATASET #2

     Name: 2.5%,16%,84%,97.5%
   Points: 41
     Info: 

Data[x,y]:
5.0	  5.357143
5.1	  4.178571
5.2	  3.2142856
5.3	  2.5
5.4	  1.9285715
5.5	  1.4642857
5.6	  1.1071428
5.7	  0.8214286
5.8	  0.60714287
5.9	  0.42857143
6.0	  0.32142857
6.1	  0.21428572
6.2	  0.14285715
6.3	  0.10714286
6.4	  0.071428575
6.5	  0.035714287
6.6	  0.0
6.7	  0.0
6.8	  0.0
6.9	  0.0
7.0	  0.0
7.1	  0.0
7.2	  0.0
7.3	  0.0
7.4	  0.0
7.5	  0.0
7.6	  0.0
7.7	  0.0
7.8	  0.0
7.9	  0.0
8.0	  0.0
8.1	  0.0
8.2	  0.0
8.3	  0.0
8.4	  0.0
8.5	  0.0
8.6	  0.0
8.7	  0.0
8.8	  0.0
8.9	  0.0
9.0	  0.0



DATASET #3

     Name: 
   Points: 41
     Info: 

Data[x,y]:
5.0	  6.142857
5.1	  4.821429
5.2	  3.7857144
5.3	  2.9642856
5.4	  2.3214285
5.5	  1.7857143
5.6	  1.3928572
5.7	  1.0714285
5.8	  0.8214286
5.9	  0.60714287
6.0	  0.4642857
6.1	  0.35714287
6.2	  0.25
6.3	  0.17857143
6.4	  0.14285715
6.5	  0.10714286
6.6	  0.071428575
6.7	  0.035714287
6.8	  0.035714287
6.9	  0.0
7.0	  0.0
7.1	  0.0
7.2	  0.0
7.3	  0.0
7.4	  0.0
7.5	  0.0
7.6	  0.0
7.7	  0.0
7.8	  0.0
7.9	  0.0
8.0	  0.0
8.1	  0.0
8.2	  0.0
8.3	  0.0
8.4	  0.0
8.5	  0.0
8.6	  0.0
8.7	  0.0
8.8	  0.0
8.9	  0.0
9.0	  0.0



DATASET #4

     Name: 
   Points: 41
     Info: 

Data[x,y]:
5.0	  8.75
5.1	  6.964286
5.2	  5.535714
5.3	  4.392857
5.4	  3.5
5.5	  2.7857144
5.6	  2.1785715
5.7	  1.75
5.8	  1.3928572
5.9	  1.0714285
6.0	  0.85714287
6.1	  0.6785714
6.2	  0.53571427
6.3	  0.42857143
6.4	  0.35714287
6.5	  0.2857143
6.6	  0.21428572
6.7	  0.17857143
6.8	  0.14285715
6.9	  0.10714286
7.0	  0.071428575
7.1	  0.071428575
7.2	  0.035714287
7.3	  0.035714287
7.4	  0.035714287
7.5	  0.035714287
7.6	  0.0
7.7	  0.0
7.8	  0.0
7.9	  0.0
8.0	  0.0
8.1	  0.0
8.2	  0.0
8.3	  0.0
8.4	  0.0
8.5	  0.0
8.6	  0.0
8.7	  0.0
8.8	  0.0
8.9	  0.0
9.0	  0.0



DATASET #5

     Name: 
   Points: 41
     Info: 

Data[x,y]:
5.0	  10.678572
5.1	  8.571428
5.2	  6.785714
5.3	  5.428571
5.4	  4.321429
5.5	  3.5
5.6	  2.75
5.7	  2.1785715
5.8	  1.75
5.9	  1.3928572
6.0	  1.1428572
6.1	  0.89285713
6.2	  0.71428573
6.3	  0.60714287
6.4	  0.4642857
6.5	  0.39285713
6.6	  0.32142857
6.7	  0.25
6.8	  0.21428572
6.9	  0.17857143
7.0	  0.14285715
7.1	  0.10714286
7.2	  0.10714286
7.3	  0.071428575
7.4	  0.071428575
7.5	  0.035714287
7.6	  0.035714287
7.7	  0.035714287
7.8	  0.0
7.9	  0.0
8.0	  0.0
8.1	  0.0
8.2	  0.0
8.3	  0.0
8.4	  0.0
8.5	  0.0
8.6	  0.0
8.7	  0.0
8.8	  0.0
8.9	  0.0
9.0	  0.0



DATASET #6

     Name: Median
   Points: 41
     Info: 

Data[x,y]:
5.0	  7.25
5.1	  5.75
5.2	  4.535714
5.3	  3.607143
5.4	  2.8214285
5.5	  2.2142856
5.6	  1.75
5.7	  1.3571428
5.8	  1.0714285
5.9	  0.8214286
6.0	  0.64285713
6.1	  0.5
6.2	  0.39285713
6.3	  0.2857143
6.4	  0.21428572
6.5	  0.17857143
6.6	  0.14285715
6.7	  0.10714286
6.8	  0.071428575
6.9	  0.035714287
7.0	  0.035714287
7.1	  0.035714287
7.2	  0.0
7.3	  0.0
7.4	  0.0
7.5	  0.0
7.6	  0.0
7.7	  0.0
7.8	  0.0
7.9	  0.0
8.0	  0.0
8.1	  0.0
8.2	  0.0
8.3	  0.0
8.4	  0.0
8.5	  0.0
8.6	  0.0
8.7	  0.0
8.8	  0.0
8.9	  0.0
9.0	  0.0



DATASET #7

     Name: Mode
   Points: 41
     Info: 

Data[x,y]:
5.0	  6.857143
5.1	  5.821429
5.2	  4.071429
5.3	  3.6785715
5.4	  2.607143
5.5	  2.2142856
5.6	  1.7857143
5.7	  1.2142857
5.8	  1.0714285
5.9	  0.8214286
6.0	  0.5714286
6.1	  0.4642857
6.2	  0.35714287
6.3	  0.25
6.4	  0.21428572
6.5	  0.17857143
6.6	  0.10714286
6.7	  0.071428575
6.8	  0.071428575
6.9	  0.035714287
7.0	  0.035714287
7.1	  0.0
7.2	  0.0
7.3	  0.0
7.4	  0.0
7.5	  0.0
7.6	  0.0
7.7	  0.0
7.8	  0.0
7.9	  0.0
8.0	  0.0
8.1	  0.0
8.2	  0.0
8.3	  0.0
8.4	  0.0
8.5	  0.0
8.6	  0.0
8.7	  0.0
8.8	  0.0
8.9	  0.0
9.0	  0.0



DATASET #8

     Name: Std. Dev.
   Points: 41
     Info: 

Data[x,y]:
5.0	  1.3635867
5.1	  1.1168379
5.2	  0.9144829
5.3	  0.7513438
5.4	  0.61639345
5.5	  0.51109886
5.6	  0.42283213
5.7	  0.3508045
5.8	  0.29270303
5.9	  0.24065958
6.0	  0.20419554
6.1	  0.17313015
6.2	  0.1494743
6.3	  0.1251689
6.4	  0.10602587
6.5	  0.09002602
6.6	  0.07782361
6.7	  0.06524863
6.8	  0.055227514
6.9	  0.047440417
7.0	  0.04117538
7.1	  0.03506645
7.2	  0.028866902
7.3	  0.02424631
7.4	  0.01967765
7.5	  0.015068668
7.6	  0.011704427
7.7	  0.008425947
7.8	  0.0055544837
7.9	  0.0040443013
8.0	  0.0025484904
8.1	  0.0014161622
8.2	  0.0
8.3	  0.0
8.4	  0.0
8.5	  0.0
8.6	  0.0
8.7	  0.0
8.8	  0.0
8.9	  0.0
9.0	  0.0


