
X-Axis: Magnitude
Y-Axis: Cumulative Annual Rate
Number of Data Sets: 8


DATASET #1

     Name: Mean
   Points: 41
     Info: 

Data[x,y]:
5.0	  7.8320065
5.1	  6.1966486
5.2	  4.8987637
5.3	  3.8654664
5.4	  3.0530803
5.5	  2.4030695
5.6	  1.88859
5.7	  1.4737636
5.8	  1.1500434
5.9	  0.87964207
6.0	  0.6953579
6.1	  0.53432757
6.2	  0.41860086
6.3	  0.3256074
6.4	  0.24836226
6.5	  0.18873101
6.6	  0.14352494
6.7	  0.10588937
6.8	  0.07986985
6.9	  0.059501085
7.0	  0.043850325
7.1	  0.03206074
7.2	  0.022201736
7.3	  0.016941432
7.4	  0.011279826
7.5	  0.007266811
7.6	  0.004295011
7.7	  0.0022342734
7.8	  0.0011930586
7.9	  5.965293E-4
8.0	  3.253796E-4
8.1	  1.3015185E-4
8.2	  1.0845987E-5
8.3	  0.0
8.4	  0.0
8.5	  0.0
8.6	  0.0
8.7	  0.0
8.8	  0.0
8.9	  0.0
9.0	  0.0



DATASET #2

     Name: 2.5%,97.5%
   Points: 41
     Info: 

Data[x,y]:
5.0	  6.49
5.1	  5.09
5.2	  3.99
5.3	  3.13
5.4	  2.43
5.5	  1.89
5.6	  1.45
5.7	  1.12
5.8	  0.86
5.9	  0.63
6.0	  0.49
6.1	  0.36
6.2	  0.27
6.3	  0.2
6.4	  0.14
6.5	  0.09
6.6	  0.07
6.7	  0.05
6.8	  0.03
6.9	  0.02
7.0	  0.01
7.1	  0.0
7.2	  0.0
7.3	  0.0
7.4	  0.0
7.5	  0.0
7.6	  0.0
7.7	  0.0
7.8	  0.0
7.9	  0.0
8.0	  0.0
8.1	  0.0
8.2	  0.0
8.3	  0.0
8.4	  0.0
8.5	  0.0
8.6	  0.0
8.7	  0.0
8.8	  0.0
8.9	  0.0
9.0	  0.0



DATASET #3

     Name: null
   Points: 41
     Info: 

Data[x,y]:
5.0	  9.66
5.1	  7.7
5.2	  6.13
5.3	  4.88
5.4	  3.83
5.5	  3.04
5.6	  2.41
5.7	  1.9
5.8	  1.49
5.9	  1.16
6.0	  0.93
6.1	  0.72
6.2	  0.58
6.3	  0.47
6.4	  0.37
6.5	  0.3
6.6	  0.23
6.7	  0.18
6.8	  0.15
6.9	  0.12
7.0	  0.09
7.1	  0.07
7.2	  0.05
7.3	  0.05
7.4	  0.03
7.5	  0.03
7.6	  0.02
7.7	  0.01
7.8	  0.01
7.9	  0.01
8.0	  0.01
8.1	  0.0
8.2	  0.0
8.3	  0.0
8.4	  0.0
8.5	  0.0
8.6	  0.0
8.7	  0.0
8.8	  0.0
8.9	  0.0
9.0	  0.0



DATASET #4

     Name: Median
   Points: 41
     Info: 

Data[x,y]:
5.0	  7.76
5.1	  6.14
5.2	  4.86
5.3	  3.83
5.4	  3.03
5.5	  2.38
5.6	  1.87
5.7	  1.46
5.8	  1.14
5.9	  0.87
6.0	  0.69
6.1	  0.53
6.2	  0.42
6.3	  0.32
6.4	  0.24
6.5	  0.19
6.6	  0.14
6.7	  0.1
6.8	  0.08
6.9	  0.06
7.0	  0.04
7.1	  0.03
7.2	  0.02
7.3	  0.02
7.4	  0.01
7.5	  0.01
7.6	  0.0
7.7	  0.0
7.8	  0.0
7.9	  0.0
8.0	  0.0
8.1	  0.0
8.2	  0.0
8.3	  0.0
8.4	  0.0
8.5	  0.0
8.6	  0.0
8.7	  0.0
8.8	  0.0
8.9	  0.0
9.0	  0.0



DATASET #5

     Name: Mode
   Points: 41
     Info: 

Data[x,y]:
5.0	  7.55
5.1	  5.83
5.2	  4.88
5.3	  3.72
5.4	  2.97
5.5	  2.31
5.6	  1.87
5.7	  1.51
5.8	  1.12
5.9	  0.89
6.0	  0.72
6.1	  0.52
6.2	  0.44
6.3	  0.31
6.4	  0.24
6.5	  0.21
6.6	  0.15
6.7	  0.11
6.8	  0.06
6.9	  0.06
7.0	  0.03
7.1	  0.03
7.2	  0.02
7.3	  0.01
7.4	  0.01
7.5	  0.0
7.6	  0.0
7.7	  0.0
7.8	  0.0
7.9	  0.0
8.0	  0.0
8.1	  0.0
8.2	  0.0
8.3	  0.0
8.4	  0.0
8.5	  0.0
8.6	  0.0
8.7	  0.0
8.8	  0.0
8.9	  0.0
9.0	  0.0



DATASET #6

     Name: 100 yr Prob
   Points: 41
     Info: 

Data[x,y]:
5.0	  1.0
5.1	  1.0
5.2	  1.0
5.3	  1.0
5.4	  1.0
5.5	  1.0
5.6	  1.0
5.7	  1.0
5.8	  1.0
5.9	  1.0
6.0	  1.0
6.1	  1.0
6.2	  1.0
6.3	  1.0
6.4	  1.0
6.5	  1.0
6.6	  1.0
6.7	  1.0
6.8	  1.0
6.9	  0.9967462
7.0	  0.9902386
7.1	  0.9652929
7.2	  0.9067245
7.3	  0.840564
7.4	  0.6898048
7.5	  0.5173536
7.6	  0.34815618
7.7	  0.20065077
7.8	  0.11388286
7.9	  0.05965293
8.0	  0.03253796
8.1	  0.013015185
8.2	  0.0010845987
8.3	  0.0
8.4	  0.0
8.5	  0.0
8.6	  0.0
8.7	  0.0
8.8	  0.0
8.9	  0.0
9.0	  0.0



DATASET #7

Name: 95% Conf
Num Points: 41
Info: 

X, Y Data:
5.0	1.0	[1.0	1.0]
5.1	1.0	[1.0	1.0]
5.2	1.0	[1.0	1.0]
5.3	1.0	[1.0	1.0]
5.4	1.0	[1.0	1.0]
5.5	1.0	[1.0	1.0]
5.6	1.0	[1.0	1.0]
5.7	1.0	[1.0	1.0]
5.8	1.0	[1.0	1.0]
5.9	1.0	[1.0	1.0]
6.0	1.0	[1.0	1.0]
6.1	1.0	[1.0	1.0]
6.2	1.0	[1.0	1.0]
6.3	1.0	[1.0	1.0]
6.4	1.0	[1.0	1.0]
6.5	1.0	[1.0	1.0]
6.6	1.0	[1.0	1.0]
6.7	1.0	[1.0	1.0]
6.8	1.0	[1.0	1.0]
6.9	0.9967462	[0.98968065	0.9991593]
7.0	0.9902386	[0.9808496	0.9952289]
7.1	0.9652929	[0.95078784	0.975762]
7.2	0.9067245	[0.88563955	0.9243373]
7.3	0.840564	[0.81495506	0.8632821]
7.4	0.6898048	[0.6586558	0.7193501]
7.5	0.5173536	[0.48455212	0.55000865]
7.6	0.34815618	[0.31756437	0.38003024]
7.7	0.20065077	[0.1755515	0.22828615]
7.8	0.11388286	[0.09446186	0.13659242]
7.9	0.05965293	[0.04563914	0.077449426]
8.0	0.03253796	[0.02243612	0.04669982]
8.1	0.013015185	[0.007066086	0.023293747]
8.2	0.0010845987	[5.6617122E-5	0.007013797]
8.3	0.0	[0.0	0.0051727872]
8.4	0.0	[0.0	0.0]
8.5	0.0	[0.0	0.0]
8.6	0.0	[0.0	0.0]
8.7	0.0	[0.0	0.0]
8.8	0.0	[0.0	0.0]
8.9	0.0	[0.0	0.0]
9.0	0.0	[0.0	0.0]



DATASET #8

     Name: Supra
   Points: 41
     Info: 

Data[x,y]:
5.0	  1.0
5.1	  1.0
5.2	  1.0
5.3	  1.0
5.4	  1.0
5.5	  1.0
5.6	  1.0
5.7	  1.0
5.8	  1.0
5.9	  1.0
6.0	  1.0
6.1	  1.0
6.2	  1.0
6.3	  1.0
6.4	  1.0
6.5	  1.0
6.6	  1.0
6.7	  0.9978308
6.8	  0.9967462
6.9	  0.9934924
7.0	  0.97939265
7.1	  0.94902384
7.2	  0.8817787
7.3	  0.8221258
7.4	  0.675705
7.5	  0.5151844
7.6	  0.3449024
7.7	  0.19848156
7.8	  0.112798266
7.9	  0.05965293
8.0	  0.03253796
8.1	  0.013015185
8.2	  0.0010845987
8.3	  0.0
8.4	  0.0
8.5	  0.0
8.6	  0.0
8.7	  0.0
8.8	  0.0
8.9	  0.0
9.0	  0.0


