
X-Axis: Magnitude
Y-Axis: Cumulative Annual Rate (1/yr)
Number of Data Sets: 8


DATASET #1

     Name: Mean
   Points: 41
     Info: 

Data[x,y]:
5.0	  6.820721
5.1	  5.3981566
5.2	  4.263756
5.3	  3.3632958
5.4	  2.6475327
5.5	  2.0807822
5.6	  1.6279311
5.7	  1.2692338
5.8	  0.984329
5.9	  0.7484725
6.0	  0.5920026
6.1	  0.45445856
6.2	  0.35791346
6.3	  0.28164187
6.4	  0.21992563
6.5	  0.16902591
6.6	  0.13074216
6.7	  0.10027991
6.8	  0.07915067
6.9	  0.06118442
7.0	  0.047796704
7.1	  0.03615243
7.2	  0.027247282
7.3	  0.021301184
7.4	  0.016426744
7.5	  0.011672265
7.6	  0.0087492
7.7	  0.006150032
7.8	  0.0042386437
7.9	  0.0023432502
8.0	  0.0012356046
8.1	  6.038068E-4
8.2	  2.5191938E-4
8.3	  7.197697E-5
8.4	  0.0
8.5	  0.0
8.6	  0.0
8.7	  0.0
8.8	  0.0
8.9	  0.0
9.0	  0.0



DATASET #2

     Name: 2.5%,16%,84%,97.5%
   Points: 41
     Info: 

Data[x,y]:
5.0	  5.1625
5.1	  4.1
5.2	  3.1875
5.3	  2.4875
5.4	  1.9375
5.5	  1.5
5.6	  1.15
5.7	  0.8875
5.8	  0.675
5.9	  0.5
6.0	  0.3875
6.1	  0.2875
6.2	  0.2125
6.3	  0.1625
6.4	  0.1125
6.5	  0.075
6.6	  0.0625
6.7	  0.0375
6.8	  0.025
6.9	  0.0125
7.0	  0.0125
7.1	  0.0
7.2	  0.0
7.3	  0.0
7.4	  0.0
7.5	  0.0
7.6	  0.0
7.7	  0.0
7.8	  0.0
7.9	  0.0
8.0	  0.0
8.1	  0.0
8.2	  0.0
8.3	  0.0
8.4	  0.0
8.5	  0.0
8.6	  0.0
8.7	  0.0
8.8	  0.0
8.9	  0.0
9.0	  0.0



DATASET #3

     Name: 
   Points: 41
     Info: 

Data[x,y]:
5.0	  5.85
5.1	  4.625
5.2	  3.65
5.3	  2.875
5.4	  2.25
5.5	  1.75
5.6	  1.3625
5.7	  1.0625
5.8	  0.8125
5.9	  0.6125
6.0	  0.475
6.1	  0.3625
6.2	  0.275
6.3	  0.2125
6.4	  0.1625
6.5	  0.1125
6.6	  0.0875
6.7	  0.0625
6.8	  0.05
6.9	  0.0375
7.0	  0.025
7.1	  0.0125
7.2	  0.0125
7.3	  0.0
7.4	  0.0
7.5	  0.0
7.6	  0.0
7.7	  0.0
7.8	  0.0
7.9	  0.0
8.0	  0.0
8.1	  0.0
8.2	  0.0
8.3	  0.0
8.4	  0.0
8.5	  0.0
8.6	  0.0
8.7	  0.0
8.8	  0.0
8.9	  0.0
9.0	  0.0



DATASET #4

     Name: 
   Points: 41
     Info: 

Data[x,y]:
5.0	  7.775
5.1	  6.1625
5.2	  4.8875
5.3	  3.8875
5.4	  3.05
5.5	  2.4125
5.6	  1.9
5.7	  1.4875
5.8	  1.1625
5.9	  0.8875
6.0	  0.7125
6.1	  0.55
6.2	  0.4375
6.3	  0.35
6.4	  0.275
6.5	  0.225
6.6	  0.175
6.7	  0.1375
6.8	  0.1125
6.9	  0.0875
7.0	  0.075
7.1	  0.0625
7.2	  0.05
7.3	  0.0375
7.4	  0.025
7.5	  0.025
7.6	  0.0125
7.7	  0.0125
7.8	  0.0125
7.9	  0.0125
8.0	  0.0
8.1	  0.0
8.2	  0.0
8.3	  0.0
8.4	  0.0
8.5	  0.0
8.6	  0.0
8.7	  0.0
8.8	  0.0
8.9	  0.0
9.0	  0.0



DATASET #5

     Name: 
   Points: 41
     Info: 

Data[x,y]:
5.0	  9.0875
5.1	  7.225
5.2	  5.725
5.3	  4.4875
5.4	  3.5625
5.5	  2.8125
5.6	  2.2
5.7	  1.725
5.8	  1.35
5.9	  1.0625
6.0	  0.8375
6.1	  0.6625
6.2	  0.5375
6.3	  0.425
6.4	  0.35
6.5	  0.275
6.6	  0.225
6.7	  0.1875
6.8	  0.15
6.9	  0.125
7.0	  0.1
7.1	  0.0875
7.2	  0.0625
7.3	  0.05
7.4	  0.05
7.5	  0.0375
7.6	  0.025
7.7	  0.025
7.8	  0.025
7.9	  0.0125
8.0	  0.0125
8.1	  0.0125
8.2	  0.0
8.3	  0.0
8.4	  0.0
8.5	  0.0
8.6	  0.0
8.7	  0.0
8.8	  0.0
8.9	  0.0
9.0	  0.0



DATASET #6

     Name: Median
   Points: 41
     Info: 

Data[x,y]:
5.0	  6.725
5.1	  5.3125
5.2	  4.2
5.3	  3.3125
5.4	  2.6125
5.5	  2.05
5.6	  1.6125
5.7	  1.25
5.8	  0.975
5.9	  0.7375
6.0	  0.5875
6.1	  0.45
6.2	  0.35
6.3	  0.275
6.4	  0.2125
6.5	  0.1625
6.6	  0.125
6.7	  0.1
6.8	  0.075
6.9	  0.0625
7.0	  0.05
7.1	  0.0375
7.2	  0.025
7.3	  0.025
7.4	  0.0125
7.5	  0.0125
7.6	  0.0125
7.7	  0.0
7.8	  0.0
7.9	  0.0
8.0	  0.0
8.1	  0.0
8.2	  0.0
8.3	  0.0
8.4	  0.0
8.5	  0.0
8.6	  0.0
8.7	  0.0
8.8	  0.0
8.9	  0.0
9.0	  0.0



DATASET #7

     Name: Mode
   Points: 41
     Info: 

Data[x,y]:
5.0	  6.6375
5.1	  5.225
5.2	  4.0375
5.3	  2.9625
5.4	  2.5625
5.5	  1.925
5.6	  1.6625
5.7	  1.225
5.8	  0.875
5.9	  0.7375
6.0	  0.5625
6.1	  0.425
6.2	  0.3375
6.3	  0.275
6.4	  0.2
6.5	  0.15
6.6	  0.125
6.7	  0.0875
6.8	  0.0625
6.9	  0.05
7.0	  0.0375
7.1	  0.025
7.2	  0.025
7.3	  0.0125
7.4	  0.0125
7.5	  0.0125
7.6	  0.0
7.7	  0.0
7.8	  0.0
7.9	  0.0
8.0	  0.0
8.1	  0.0
8.2	  0.0
8.3	  0.0
8.4	  0.0
8.5	  0.0
8.6	  0.0
8.7	  0.0
8.8	  0.0
8.9	  0.0
9.0	  0.0



DATASET #8

     Name: Std. Dev.
   Points: 41
     Info: 

Data[x,y]:
5.0	  0.99333364
5.1	  0.796722
5.2	  0.63870347
5.3	  0.515484
5.4	  0.4162178
5.5	  0.33688894
5.6	  0.27262402
5.7	  0.21955624
5.8	  0.17574923
5.9	  0.14153822
6.0	  0.116968885
6.1	  0.09735484
6.2	  0.08200614
6.3	  0.07024828
6.4	  0.05980629
6.5	  0.050884172
6.6	  0.04336262
6.7	  0.036847275
6.8	  0.03251102
6.9	  0.027894778
7.0	  0.024590526
7.1	  0.021202205
7.2	  0.017906649
7.3	  0.015545558
7.4	  0.013337007
7.5	  0.0112500945
7.6	  0.009546046
7.7	  0.007972767
7.8	  0.0066654445
7.9	  0.0050306483
8.0	  0.003731326
8.1	  0.002680541
8.2	  0.0017568484
8.3	  9.45948E-4
8.4	  0.0
8.5	  0.0
8.6	  0.0
8.7	  0.0
8.8	  0.0
8.9	  0.0
9.0	  0.0


