
X-Axis: Magnitude
Y-Axis: Cumulative Annual Rate (1/yr)
Number of Data Sets: 8


DATASET #1

     Name: Mean
   Points: 41
     Info: 

Data[x,y]:
5.0	  6.899503
5.1	  5.4523683
5.2	  4.2996564
5.3	  3.3842247
5.4	  2.6584415
5.5	  2.0886555
5.6	  1.6382353
5.7	  1.2788388
5.8	  0.9902979
5.9	  0.75580597
6.0	  0.5961039
6.1	  0.45966387
6.2	  0.3603132
6.3	  0.28311688
6.4	  0.22043544
6.5	  0.17131399
6.6	  0.13242933
6.7	  0.101527885
6.8	  0.08139801
6.9	  0.06359816
7.0	  0.04908327
7.1	  0.03831169
7.2	  0.028495034
7.3	  0.022192514
7.4	  0.01657754
7.5	  0.011650114
7.6	  0.008861726
7.7	  0.006646295
7.8	  0.004201681
7.9	  0.0024446142
8.0	  0.0015278839
8.1	  7.257448E-4
8.2	  3.0557677E-4
8.3	  7.639419E-5
8.4	  0.0
8.5	  0.0
8.6	  0.0
8.7	  0.0
8.8	  0.0
8.9	  0.0
9.0	  0.0



DATASET #2

     Name: 2.5%,16%,84%,97.5%
   Points: 41
     Info: 

Data[x,y]:
5.0	  4.571429
5.1	  3.4642856
5.2	  2.7142856
5.3	  2.0714285
5.4	  1.5357143
5.5	  1.1785715
5.6	  0.89285713
5.7	  0.6785714
5.8	  0.5
5.9	  0.35714287
6.0	  0.25
6.1	  0.17857143
6.2	  0.14285715
6.3	  0.071428575
6.4	  0.035714287
6.5	  0.035714287
6.6	  0.0
6.7	  0.0
6.8	  0.0
6.9	  0.0
7.0	  0.0
7.1	  0.0
7.2	  0.0
7.3	  0.0
7.4	  0.0
7.5	  0.0
7.6	  0.0
7.7	  0.0
7.8	  0.0
7.9	  0.0
8.0	  0.0
8.1	  0.0
8.2	  0.0
8.3	  0.0
8.4	  0.0
8.5	  0.0
8.6	  0.0
8.7	  0.0
8.8	  0.0
8.9	  0.0
9.0	  0.0



DATASET #3

     Name: 
   Points: 41
     Info: 

Data[x,y]:
5.0	  5.285714
5.1	  4.142857
5.2	  3.2142856
5.3	  2.5
5.4	  1.9642857
5.5	  1.5
5.6	  1.1785715
5.7	  0.89285713
5.8	  0.71428573
5.9	  0.5
6.0	  0.39285713
6.1	  0.2857143
6.2	  0.21428572
6.3	  0.17857143
6.4	  0.10714286
6.5	  0.071428575
6.6	  0.071428575
6.7	  0.035714287
6.8	  0.035714287
6.9	  0.0
7.0	  0.0
7.1	  0.0
7.2	  0.0
7.3	  0.0
7.4	  0.0
7.5	  0.0
7.6	  0.0
7.7	  0.0
7.8	  0.0
7.9	  0.0
8.0	  0.0
8.1	  0.0
8.2	  0.0
8.3	  0.0
8.4	  0.0
8.5	  0.0
8.6	  0.0
8.7	  0.0
8.8	  0.0
8.9	  0.0
9.0	  0.0



DATASET #4

     Name: 
   Points: 41
     Info: 

Data[x,y]:
5.0	  8.5
5.1	  6.75
5.2	  5.357143
5.3	  4.285714
5.4	  3.357143
5.5	  2.642857
5.6	  2.107143
5.7	  1.6428572
5.8	  1.2857143
5.9	  1.0
6.0	  0.8214286
6.1	  0.64285713
6.2	  0.5
6.3	  0.39285713
6.4	  0.32142857
6.5	  0.25
6.6	  0.21428572
6.7	  0.17857143
6.8	  0.14285715
6.9	  0.10714286
7.0	  0.10714286
7.1	  0.071428575
7.2	  0.071428575
7.3	  0.035714287
7.4	  0.035714287
7.5	  0.035714287
7.6	  0.035714287
7.7	  0.035714287
7.8	  0.0
7.9	  0.0
8.0	  0.0
8.1	  0.0
8.2	  0.0
8.3	  0.0
8.4	  0.0
8.5	  0.0
8.6	  0.0
8.7	  0.0
8.8	  0.0
8.9	  0.0
9.0	  0.0



DATASET #5

     Name: 
   Points: 41
     Info: 

Data[x,y]:
5.0	  11.392858
5.1	  9.142858
5.2	  7.214286
5.3	  5.678571
5.4	  4.464286
5.5	  3.5357144
5.6	  2.8214285
5.7	  2.1785715
5.8	  1.7142857
5.9	  1.3214285
6.0	  1.0357143
6.1	  0.8214286
6.2	  0.6785714
6.3	  0.53571427
6.4	  0.4642857
6.5	  0.35714287
6.6	  0.2857143
6.7	  0.25
6.8	  0.21428572
6.9	  0.17857143
7.0	  0.14285715
7.1	  0.14285715
7.2	  0.10714286
7.3	  0.10714286
7.4	  0.071428575
7.5	  0.071428575
7.6	  0.035714287
7.7	  0.035714287
7.8	  0.035714287
7.9	  0.035714287
8.0	  0.035714287
8.1	  0.0
8.2	  0.0
8.3	  0.0
8.4	  0.0
8.5	  0.0
8.6	  0.0
8.7	  0.0
8.8	  0.0
8.9	  0.0
9.0	  0.0



DATASET #6

     Name: Median
   Points: 41
     Info: 

Data[x,y]:
5.0	  6.5
5.1	  5.178571
5.2	  4.107143
5.3	  3.25
5.4	  2.5357144
5.5	  2.0
5.6	  1.5714285
5.7	  1.2142857
5.8	  0.9285714
5.9	  0.71428573
6.0	  0.5714286
6.1	  0.42857143
6.2	  0.35714287
6.3	  0.25
6.4	  0.21428572
6.5	  0.17857143
6.6	  0.10714286
6.7	  0.10714286
6.8	  0.071428575
6.9	  0.071428575
7.0	  0.035714287
7.1	  0.035714287
7.2	  0.035714287
7.3	  0.0
7.4	  0.0
7.5	  0.0
7.6	  0.0
7.7	  0.0
7.8	  0.0
7.9	  0.0
8.0	  0.0
8.1	  0.0
8.2	  0.0
8.3	  0.0
8.4	  0.0
8.5	  0.0
8.6	  0.0
8.7	  0.0
8.8	  0.0
8.9	  0.0
9.0	  0.0



DATASET #7

     Name: Mode
   Points: 41
     Info: 

Data[x,y]:
5.0	  5.678571
5.1	  5.214286
5.2	  3.857143
5.3	  3.357143
5.4	  2.5357144
5.5	  1.7142857
5.6	  1.3571428
5.7	  1.0714285
5.8	  0.85714287
5.9	  0.5714286
6.0	  0.53571427
6.1	  0.42857143
6.2	  0.32142857
6.3	  0.25
6.4	  0.21428572
6.5	  0.14285715
6.6	  0.10714286
6.7	  0.071428575
6.8	  0.071428575
6.9	  0.035714287
7.0	  0.035714287
7.1	  0.0
7.2	  0.0
7.3	  0.0
7.4	  0.0
7.5	  0.0
7.6	  0.0
7.7	  0.0
7.8	  0.0
7.9	  0.0
8.0	  0.0
8.1	  0.0
8.2	  0.0
8.3	  0.0
8.4	  0.0
8.5	  0.0
8.6	  0.0
8.7	  0.0
8.8	  0.0
8.9	  0.0
9.0	  0.0



DATASET #8

     Name: Std. Dev.
   Points: 41
     Info: 

Data[x,y]:
5.0	  1.7766333
5.1	  1.4281
5.2	  1.1515617
5.3	  0.92830324
5.4	  0.7499945
5.5	  0.60856885
5.6	  0.49203682
5.7	  0.3948878
5.8	  0.3135419
5.9	  0.25466865
6.0	  0.20708323
6.1	  0.174797
6.2	  0.14240538
6.3	  0.1235249
6.4	  0.10746915
6.5	  0.09190774
6.6	  0.0791147
6.7	  0.06743469
6.8	  0.059405524
6.9	  0.05231463
7.0	  0.044880964
7.1	  0.039819412
7.2	  0.033561528
7.3	  0.029003412
7.4	  0.024078688
7.5	  0.019814974
7.6	  0.017271454
7.7	  0.014948091
7.8	  0.011747776
7.9	  0.009023225
8.0	  0.0072310977
8.1	  0.005041819
8.2	  0.0032911494
8.3	  0.0016508915
8.4	  0.0
8.5	  0.0
8.6	  0.0
8.7	  0.0
8.8	  0.0
8.9	  0.0
9.0	  0.0


