
X-Axis: Magnitude
Y-Axis: Cumulative Annual Rate (1/yr)
Number of Data Sets: 8


DATASET #1

     Name: Mean
   Points: 41
     Info: 

Data[x,y]:
5.0	  6.8195066
5.1	  5.397147
5.2	  4.263173
5.3	  3.3627717
5.4	  2.6471488
5.5	  2.0806024
5.6	  1.6277577
5.7	  1.2689352
5.8	  0.98425394
5.9	  0.7482406
6.0	  0.59197646
6.1	  0.4545074
6.2	  0.3579615
6.3	  0.28169948
6.4	  0.2199237
6.5	  0.1689415
6.6	  0.13073939
6.7	  0.10024644
6.8	  0.079117395
6.9	  0.06114784
7.0	  0.04778323
7.1	  0.036124736
7.2	  0.02724264
7.3	  0.021298863
7.4	  0.01642931
7.5	  0.011682187
7.6	  0.008767565
7.7	  0.006157042
7.8	  0.0042337067
7.9	  0.0023340678
8.0	  0.0012282489
8.1	  6.003017E-4
8.2	  2.4880926E-4
8.3	  7.108836E-5
8.4	  0.0
8.5	  0.0
8.6	  0.0
8.7	  0.0
8.8	  0.0
8.9	  0.0
9.0	  0.0



DATASET #2

     Name: 2.5%,16%,84%,97.5%
   Points: 41
     Info: 

Data[x,y]:
5.0	  5.617284
5.1	  4.4074073
5.2	  3.4567902
5.3	  2.728395
5.4	  2.1296296
5.5	  1.6728395
5.6	  1.2901235
5.7	  0.99382716
5.8	  0.77160496
5.9	  0.5740741
6.0	  0.44444445
6.1	  0.33333334
6.2	  0.25308642
6.3	  0.19753087
6.4	  0.14814815
6.5	  0.10493827
6.6	  0.074074075
6.7	  0.055555556
6.8	  0.037037037
6.9	  0.024691358
7.0	  0.018518519
7.1	  0.012345679
7.2	  0.0061728396
7.3	  0.0061728396
7.4	  0.0
7.5	  0.0
7.6	  0.0
7.7	  0.0
7.8	  0.0
7.9	  0.0
8.0	  0.0
8.1	  0.0
8.2	  0.0
8.3	  0.0
8.4	  0.0
8.5	  0.0
8.6	  0.0
8.7	  0.0
8.8	  0.0
8.9	  0.0
9.0	  0.0



DATASET #3

     Name: 
   Points: 41
     Info: 

Data[x,y]:
5.0	  6.1666665
5.1	  4.8703704
5.2	  3.845679
5.3	  3.0123458
5.4	  2.3765433
5.5	  1.8580247
5.6	  1.4444444
5.7	  1.1172839
5.8	  0.86419755
5.9	  0.654321
6.0	  0.5123457
6.1	  0.3888889
6.2	  0.30246913
6.3	  0.2345679
6.4	  0.17901234
6.5	  0.13580246
6.6	  0.09876543
6.7	  0.074074075
6.8	  0.055555556
6.9	  0.043209877
7.0	  0.030864198
7.1	  0.024691358
7.2	  0.018518519
7.3	  0.012345679
7.4	  0.0061728396
7.5	  0.0061728396
7.6	  0.0
7.7	  0.0
7.8	  0.0
7.9	  0.0
8.0	  0.0
8.1	  0.0
8.2	  0.0
8.3	  0.0
8.4	  0.0
8.5	  0.0
8.6	  0.0
8.7	  0.0
8.8	  0.0
8.9	  0.0
9.0	  0.0



DATASET #4

     Name: 
   Points: 41
     Info: 

Data[x,y]:
5.0	  7.4506173
5.1	  5.9074073
5.2	  4.685185
5.3	  3.6975307
5.4	  2.9135802
5.5	  2.3024693
5.6	  1.808642
5.7	  1.425926
5.8	  1.0987654
5.9	  0.83950615
6.0	  0.6728395
6.1	  0.5185185
6.2	  0.41358024
6.3	  0.3271605
6.4	  0.25925925
6.5	  0.2037037
6.6	  0.16049382
6.7	  0.12345679
6.8	  0.09876543
6.9	  0.08024691
7.0	  0.061728396
7.1	  0.049382716
7.2	  0.037037037
7.3	  0.030864198
7.4	  0.024691358
7.5	  0.018518519
7.6	  0.012345679
7.7	  0.012345679
7.8	  0.0061728396
7.9	  0.0061728396
8.0	  0.0061728396
8.1	  0.0
8.2	  0.0
8.3	  0.0
8.4	  0.0
8.5	  0.0
8.6	  0.0
8.7	  0.0
8.8	  0.0
8.9	  0.0
9.0	  0.0



DATASET #5

     Name: 
   Points: 41
     Info: 

Data[x,y]:
5.0	  8.185185
5.1	  6.5061727
5.2	  5.1728396
5.3	  4.1049385
5.4	  3.2407408
5.5	  2.5555556
5.6	  2.006173
5.7	  1.5679013
5.8	  1.2345679
5.9	  0.9506173
6.0	  0.7592593
6.1	  0.58641976
6.2	  0.47530866
6.3	  0.38271606
6.4	  0.30864197
6.5	  0.24074075
6.6	  0.19135803
6.7	  0.15432099
6.8	  0.12962963
6.9	  0.09876543
7.0	  0.086419754
7.1	  0.06790123
7.2	  0.055555556
7.3	  0.043209877
7.4	  0.037037037
7.5	  0.030864198
7.6	  0.024691358
7.7	  0.018518519
7.8	  0.012345679
7.9	  0.0061728396
8.0	  0.0061728396
8.1	  0.0061728396
8.2	  0.0061728396
8.3	  0.0
8.4	  0.0
8.5	  0.0
8.6	  0.0
8.7	  0.0
8.8	  0.0
8.9	  0.0
9.0	  0.0



DATASET #6

     Name: Median
   Points: 41
     Info: 

Data[x,y]:
5.0	  6.7777777
5.1	  5.376543
5.2	  4.2469134
5.3	  3.351852
5.4	  2.6419754
5.5	  2.0679011
5.6	  1.6172839
5.7	  1.2654321
5.8	  0.9814815
5.9	  0.74691355
6.0	  0.58641976
6.1	  0.45061728
6.2	  0.3580247
6.3	  0.2777778
6.4	  0.21604939
6.5	  0.16666667
6.6	  0.12962963
6.7	  0.09876543
6.8	  0.08024691
6.9	  0.061728396
7.0	  0.049382716
7.1	  0.037037037
7.2	  0.024691358
7.3	  0.018518519
7.4	  0.018518519
7.5	  0.012345679
7.6	  0.0061728396
7.7	  0.0061728396
7.8	  0.0061728396
7.9	  0.0
8.0	  0.0
8.1	  0.0
8.2	  0.0
8.3	  0.0
8.4	  0.0
8.5	  0.0
8.6	  0.0
8.7	  0.0
8.8	  0.0
8.9	  0.0
9.0	  0.0



DATASET #7

     Name: Mode
   Points: 41
     Info: 

Data[x,y]:
5.0	  7.0
5.1	  5.432099
5.2	  4.283951
5.3	  3.2777777
5.4	  2.5987654
5.5	  1.9938271
5.6	  1.5555556
5.7	  1.2160494
5.8	  0.9814815
5.9	  0.74691355
6.0	  0.5925926
6.1	  0.44444445
6.2	  0.34567901
6.3	  0.2777778
6.4	  0.2345679
6.5	  0.16666667
6.6	  0.12345679
6.7	  0.09259259
6.8	  0.08024691
6.9	  0.061728396
7.0	  0.043209877
7.1	  0.037037037
7.2	  0.024691358
7.3	  0.018518519
7.4	  0.012345679
7.5	  0.012345679
7.6	  0.0061728396
7.7	  0.0061728396
7.8	  0.0061728396
7.9	  0.0
8.0	  0.0
8.1	  0.0
8.2	  0.0
8.3	  0.0
8.4	  0.0
8.5	  0.0
8.6	  0.0
8.7	  0.0
8.8	  0.0
8.9	  0.0
9.0	  0.0



DATASET #8

     Name: Std. Dev.
   Points: 41
     Info: 

Data[x,y]:
5.0	  0.6622517
5.1	  0.53405935
5.2	  0.42951387
5.3	  0.34866524
5.4	  0.282476
5.5	  0.22778003
5.6	  0.18598217
5.7	  0.1494761
5.8	  0.119899705
5.9	  0.096592665
6.0	  0.07984623
6.1	  0.06664079
6.2	  0.056420397
6.3	  0.04803149
6.4	  0.040768445
6.5	  0.03453027
6.6	  0.0294264
6.7	  0.024677042
6.8	  0.02191612
6.9	  0.019004272
7.0	  0.016629359
7.1	  0.014281373
7.2	  0.012028419
7.3	  0.010180828
7.4	  0.008887511
7.5	  0.007431512
7.6	  0.006284135
7.7	  0.0051422957
7.8	  0.0042738086
7.9	  0.0032670007
8.0	  0.0025044421
8.1	  0.0018295753
8.2	  0.0012144535
8.3	  6.5881805E-4
8.4	  0.0
8.5	  0.0
8.6	  0.0
8.7	  0.0
8.8	  0.0
8.9	  0.0
9.0	  0.0


