
X-Axis: Duration (years)
Y-Axis: Cumulative Annual Rate (1/yr)
Number of Data Sets: 8


DATASET #1

Name: Mean
Num Points: 30
Info: 

X, Y Data:
1.0	6.891164
4.0	6.891164
8.0	6.8943915
12.0	6.8944197
16.0	6.8943915
20.0	6.891164
24.0	6.899015
28.0	6.899503
32.0	6.899015
36.0	6.898524
40.0	6.899015
44.0	6.900526
48.0	6.899015
52.0	6.898524
56.0	6.9141235
60.0	6.899015
64.0	6.9141235
68.0	6.899503
72.0	6.9176345
76.0	6.9038677
80.0	6.899015
84.0	6.907316
88.0	6.9258676
92.0	6.9042687
96.0	6.899015
100.0	6.891164
200.0	6.877182
300.0	6.79097
400.0	6.877182
500.0	6.891164



DATASET #2

Name: 2.5%,16%,84%,97.5%
Num Points: 30
Info: 

X, Y Data:
1.0	1.0
4.0	2.75
8.0	3.5
12.0	3.8333333
16.0	4.125
20.0	4.2
24.0	4.3333335
28.0	4.571429
32.0	4.5625
36.0	4.611111
40.0	4.775
44.0	4.7954545
48.0	5.0
52.0	4.8653846
56.0	4.964286
60.0	5.0666666
64.0	5.0625
68.0	5.0735292
72.0	5.1944447
76.0	5.2763157
80.0	5.2125
84.0	5.202381
88.0	5.2613635
92.0	5.3586955
96.0	5.4166665
100.0	5.41
200.0	5.715
300.0	5.8533335
400.0	6.1425
500.0	6.148



DATASET #3

Name: 
Num Points: 30
Info: 

X, Y Data:
1.0	3.0
4.0	4.0
8.0	4.625
12.0	4.8333335
16.0	5.0
20.0	5.1
24.0	5.2083335
28.0	5.285714
32.0	5.40625
36.0	5.4722223
40.0	5.525
44.0	5.568182
48.0	5.5833335
52.0	5.6923075
56.0	5.767857
60.0	5.7166667
64.0	5.796875
68.0	5.8088236
72.0	5.7916665
76.0	5.868421
80.0	5.8375
84.0	5.821429
88.0	5.9204545
92.0	5.880435
96.0	5.8958335
100.0	5.93
200.0	6.34
300.0	6.28
400.0	6.465
500.0	6.49



DATASET #4

Name: 
Num Points: 30
Info: 

X, Y Data:
1.0	10.0
4.0	9.0
8.0	9.0
12.0	8.916667
16.0	8.75
20.0	8.7
24.0	8.666667
28.0	8.5
32.0	8.53125
36.0	8.472222
40.0	8.225
44.0	8.318182
48.0	8.125
52.0	8.173077
56.0	8.107142
60.0	8.066667
64.0	8.125
68.0	8.014706
72.0	8.097222
76.0	7.986842
80.0	7.9375
84.0	7.964286
88.0	8.011364
92.0	7.8586955
96.0	7.8125
100.0	7.85
200.0	7.48
300.0	7.26
400.0	7.3575
500.0	7.326



DATASET #5

Name: 
Num Points: 30
Info: 

X, Y Data:
1.0	22.0
4.0	18.0
8.0	15.125
12.0	13.75
16.0	12.875
20.0	12.1
24.0	11.666667
28.0	11.392858
32.0	11.03125
36.0	10.777778
40.0	10.475
44.0	10.318182
48.0	10.041667
52.0	9.923077
56.0	9.732142
60.0	9.583333
64.0	9.46875
68.0	9.426471
72.0	9.305555
76.0	9.0
80.0	8.9625
84.0	9.071428
88.0	8.852273
92.0	8.75
96.0	8.708333
100.0	8.67
200.0	8.33
300.0	7.9166665
400.0	7.8675
500.0	7.644



DATASET #6

Name: Median
Num Points: 30
Info: 

X, Y Data:
1.0	5.0
4.0	6.0
8.0	6.125
12.0	6.25
16.0	6.375
20.0	6.4
24.0	6.5
28.0	6.5
32.0	6.5625
36.0	6.611111
40.0	6.675
44.0	6.659091
48.0	6.7291665
52.0	6.7115383
56.0	6.785714
60.0	6.7833333
64.0	6.796875
68.0	6.7647057
72.0	6.7916665
76.0	6.7763157
80.0	6.775
84.0	6.797619
88.0	6.818182
92.0	6.8586955
96.0	6.8229165
100.0	6.77
200.0	6.805
300.0	6.7166667
400.0	6.8425
500.0	6.926



DATASET #7

Name: Mode
Num Points: 30
Info: 

X, Y Data:
1.0	4.0
4.0	5.0
8.0	5.625
12.0	5.4166665
16.0	5.4375
20.0	5.8
24.0	5.875
28.0	5.678571
32.0	6.25
36.0	7.0277777
40.0	6.65
44.0	5.7272725
48.0	5.9166665
52.0	6.0
56.0	6.982143
60.0	6.9
64.0	6.5
68.0	6.25
72.0	7.4444447
76.0	6.5921054
80.0	6.125
84.0	6.142857
88.0	5.6477275
92.0	6.9130435
96.0	6.8125
100.0	6.77
200.0	6.89
300.0	6.576667
400.0	6.5325
500.0	7.056



DATASET #8

Name: Std. Dev.
Num Points: 30
Info: 

X, Y Data:
1.0	7.4068375
4.0	4.15352
8.0	3.0633416
12.0	2.564496
16.0	2.22244
20.0	2.0324712
24.0	1.8861653
28.0	1.7766333
32.0	1.6230788
36.0	1.5647335
40.0	1.4321765
44.0	1.3996133
48.0	1.2909116
52.0	1.2858236
56.0	1.2121897
60.0	1.1894293
64.0	1.1529589
68.0	1.1152326
72.0	1.0899495
76.0	0.99873996
80.0	1.0109972
84.0	1.0209471
88.0	0.9804525
92.0	0.9352398
96.0	0.9186984
100.0	0.922929
200.0	0.60748184
300.0	0.5263023
400.0	0.45540276
500.0	0.38957027


