
X-Axis: Magnitude
Y-Axis: Cumulative Annual Rate
Number of Data Sets: 8


DATASET #1

     Name: Mean
   Points: 41
     Info: 

Data[x,y]:
5.0	  6.819447
5.1	  5.397194
5.2	  4.2628098
5.3	  3.3622189
5.4	  2.6466372
5.5	  2.0801268
5.6	  1.6274089
5.7	  1.2684261
5.8	  0.98401535
5.9	  0.7481459
6.0	  0.591785
6.1	  0.45440307
6.2	  0.35797697
6.3	  0.28181958
6.4	  0.22011133
6.5	  0.16904415
6.6	  0.13084836
6.7	  0.10027255
6.8	  0.07914779
6.9	  0.061201535
7.0	  0.04786948
7.1	  0.036172744
7.2	  0.027278312
7.3	  0.02134357
7.4	  0.016449137
7.5	  0.011708253
7.6	  0.008775432
7.7	  0.0061880997
7.8	  0.0042648753
7.9	  0.0023454893
8.0	  0.0012399232
8.1	  5.950096E-4
8.2	  2.4952015E-4
8.3	  6.909789E-5
8.4	  0.0
8.5	  0.0
8.6	  0.0
8.7	  0.0
8.8	  0.0
8.9	  0.0
9.0	  0.0



DATASET #2

     Name: 2.5%,97.5%
   Points: 41
     Info: 

Data[x,y]:
5.0	  6.172
5.1	  4.862
5.2	  3.824
5.3	  3.004
5.4	  2.338
5.5	  1.822
5.6	  1.428
5.7	  1.104
5.8	  0.86
5.9	  0.644
6.0	  0.504
6.1	  0.386
6.2	  0.302
6.3	  0.236
6.4	  0.18
6.5	  0.134
6.6	  0.102
6.7	  0.074
6.8	  0.058
6.9	  0.042
7.0	  0.032
7.1	  0.022
7.2	  0.016
7.3	  0.012
7.4	  0.008
7.5	  0.006
7.6	  0.004
7.7	  0.002
7.8	  0.002
7.9	  0.0
8.0	  0.0
8.1	  0.0
8.2	  0.0
8.3	  0.0
8.4	  0.0
8.5	  0.0
8.6	  0.0
8.7	  0.0
8.8	  0.0
8.9	  0.0
9.0	  0.0



DATASET #3

     Name: null
   Points: 41
     Info: 

Data[x,y]:
5.0	  7.544
5.1	  5.968
5.2	  4.724
5.3	  3.728
5.4	  2.942
5.5	  2.316
5.6	  1.826
5.7	  1.426
5.8	  1.112
5.9	  0.852
6.0	  0.682
6.1	  0.53
6.2	  0.424
6.3	  0.336
6.4	  0.264
6.5	  0.21
6.6	  0.164
6.7	  0.13
6.8	  0.102
6.9	  0.08
7.0	  0.066
7.1	  0.052
7.2	  0.04
7.3	  0.032
7.4	  0.026
7.5	  0.02
7.6	  0.014
7.7	  0.01
7.8	  0.008
7.9	  0.006
8.0	  0.004
8.1	  0.002
8.2	  0.002
8.3	  0.002
8.4	  0.0
8.5	  0.0
8.6	  0.0
8.7	  0.0
8.8	  0.0
8.9	  0.0
9.0	  0.0



DATASET #4

     Name: Median
   Points: 41
     Info: 

Data[x,y]:
5.0	  6.814
5.1	  5.386
5.2	  4.264
5.3	  3.368
5.4	  2.644
5.5	  2.076
5.6	  1.628
5.7	  1.264
5.8	  0.984
5.9	  0.746
6.0	  0.588
6.1	  0.452
6.2	  0.356
6.3	  0.282
6.4	  0.22
6.5	  0.17
6.6	  0.132
6.7	  0.1
6.8	  0.08
6.9	  0.062
7.0	  0.048
7.1	  0.036
7.2	  0.026
7.3	  0.022
7.4	  0.016
7.5	  0.012
7.6	  0.008
7.7	  0.006
7.8	  0.004
7.9	  0.002
8.0	  0.002
8.1	  0.0
8.2	  0.0
8.3	  0.0
8.4	  0.0
8.5	  0.0
8.6	  0.0
8.7	  0.0
8.8	  0.0
8.9	  0.0
9.0	  0.0



DATASET #5

     Name: Mode
   Points: 41
     Info: 

Data[x,y]:
5.0	  7.19
5.1	  5.43
5.2	  4.3
5.3	  3.424
5.4	  2.562
5.5	  2.096
5.6	  1.64
5.7	  1.248
5.8	  0.998
5.9	  0.742
6.0	  0.598
6.1	  0.452
6.2	  0.356
6.3	  0.288
6.4	  0.228
6.5	  0.174
6.6	  0.134
6.7	  0.102
6.8	  0.082
6.9	  0.064
7.0	  0.048
7.1	  0.036
7.2	  0.026
7.3	  0.02
7.4	  0.014
7.5	  0.01
7.6	  0.008
7.7	  0.006
7.8	  0.004
7.9	  0.002
8.0	  0.0
8.1	  0.0
8.2	  0.0
8.3	  0.0
8.4	  0.0
8.5	  0.0
8.6	  0.0
8.7	  0.0
8.8	  0.0
8.9	  0.0
9.0	  0.0



DATASET #6

     Name: 500 yr Prob
   Points: 41
     Info: 

Data[x,y]:
5.0	  1.0
5.1	  1.0
5.2	  1.0
5.3	  1.0
5.4	  1.0
5.5	  1.0
5.6	  1.0
5.7	  1.0
5.8	  1.0
5.9	  1.0
6.0	  1.0
6.1	  1.0
6.2	  1.0
6.3	  1.0
6.4	  1.0
6.5	  1.0
6.6	  1.0
6.7	  1.0
6.8	  1.0
6.9	  1.0
7.0	  1.0
7.1	  1.0
7.2	  1.0
7.3	  1.0
7.4	  1.0
7.5	  1.0
7.6	  1.0
7.7	  0.9961612
7.8	  0.9788868
7.9	  0.78119004
8.0	  0.5220729
8.1	  0.27831095
8.2	  0.12284069
8.3	  0.034548946
8.4	  0.0
8.5	  0.0
8.6	  0.0
8.7	  0.0
8.8	  0.0
8.9	  0.0
9.0	  0.0



DATASET #7

Name: 95% Conf
Num Points: 41
Info: 

X, Y Data:
5.0	1.0	[1.0	1.0]
5.1	1.0	[1.0	1.0]
5.2	1.0	[1.0	1.0]
5.3	1.0	[1.0	1.0]
5.4	1.0	[1.0	1.0]
5.5	1.0	[1.0	1.0]
5.6	1.0	[1.0	1.0]
5.7	1.0	[1.0	1.0]
5.8	1.0	[1.0	1.0]
5.9	1.0	[1.0	1.0]
6.0	1.0	[1.0	1.0]
6.1	1.0	[1.0	1.0]
6.2	1.0	[1.0	1.0]
6.3	1.0	[1.0	1.0]
6.4	1.0	[1.0	1.0]
6.5	1.0	[1.0	1.0]
6.6	1.0	[1.0	1.0]
6.7	1.0	[1.0	1.0]
6.8	1.0	[1.0	1.0]
6.9	1.0	[1.0	1.0]
7.0	1.0	[1.0	1.0]
7.1	1.0	[1.0	1.0]
7.2	1.0	[1.0	1.0]
7.3	1.0	[1.0	1.0]
7.4	1.0	[1.0	1.0]
7.5	1.0	[1.0	1.0]
7.6	1.0	[1.0	1.0]
7.7	0.9961612	[0.984642	0.9993348]
7.8	0.9788868	[0.96138144	0.9888593]
7.9	0.78119004	[0.7426926	0.8154604]
8.0	0.5220729	[0.47821942	0.5655961]
8.1	0.27831095	[0.24064435	0.31930342]
8.2	0.12284069	[0.096523196	0.15486585]
8.3	0.034548946	[0.021215366	0.055102237]
8.4	0.0	[0.0	0.0]
8.5	0.0	[0.0	0.0]
8.6	0.0	[0.0	0.0]
8.7	0.0	[0.0	0.0]
8.8	0.0	[0.0	0.0]
8.9	0.0	[0.0	0.0]
9.0	0.0	[0.0	0.0]



DATASET #8

     Name: Supra
   Points: 41
     Info: 

Data[x,y]:
5.0	  1.0
5.1	  1.0
5.2	  1.0
5.3	  1.0
5.4	  1.0
5.5	  1.0
5.6	  1.0
5.7	  1.0
5.8	  1.0
5.9	  1.0
6.0	  1.0
6.1	  1.0
6.2	  1.0
6.3	  1.0
6.4	  1.0
6.5	  1.0
6.6	  1.0
6.7	  1.0
6.8	  1.0
6.9	  1.0
7.0	  1.0
7.1	  1.0
7.2	  1.0
7.3	  1.0
7.4	  1.0
7.5	  1.0
7.6	  1.0
7.7	  0.9961612
7.8	  0.9788868
7.9	  0.78119004
8.0	  0.5220729
8.1	  0.27831095
8.2	  0.12284069
8.3	  0.034548946
8.4	  0.0
8.5	  0.0
8.6	  0.0
8.7	  0.0
8.8	  0.0
8.9	  0.0
9.0	  0.0


