
X-Axis: Magnitude
Y-Axis: 10 Year Cumulative Number
Number of Data Sets: 9


DATASET #1

     Name: Mean
   Points: 66
     Info: 

Data[x,y]:
2.5	  5001.0273
2.6	  3972.8586
2.7	  3155.339
2.8	  2506.5264
2.9	  1991.0386
3.0	  1581.8013
3.1	  1256.3922
3.2	  998.1185
3.3	  792.43616
3.4	  629.38403
3.5	  499.78998
3.6	  397.00058
3.7	  315.32782
3.8	  250.38141
3.9	  198.8873
4.0	  157.90007
4.1	  125.29673
4.2	  99.45577
4.3	  78.83515
4.4	  62.431374
4.5	  49.46536
4.6	  39.186928
4.7	  31.050255
4.8	  24.574001
4.9	  19.467392
5.0	  15.352215
5.1	  12.0809
5.2	  9.453449
5.3	  7.416122
5.4	  5.8039217
5.5	  4.5183735
5.6	  3.484822
5.7	  2.6559186
5.8	  1.9991286
5.9	  1.4804648
6.0	  1.1125635
6.1	  0.77371097
6.2	  0.534931
6.3	  0.3792302
6.4	  0.27436456
6.5	  0.20363109
6.6	  0.1493101
6.7	  0.10835149
6.8	  0.07625272
6.9	  0.05039942
7.0	  0.0379085
7.1	  0.02701525
7.2	  0.01859114
7.3	  0.012926652
7.4	  0.010602759
7.5	  0.0074074073
7.6	  0.0029048657
7.7	  7.262164E-4
7.8	  4.3572986E-4
7.9	  1.4524328E-4
8.0	  1.4524328E-4
8.1	  0.0
8.2	  0.0
8.3	  0.0
8.4	  0.0
8.5	  0.0
8.6	  0.0
8.7	  0.0
8.8	  0.0
8.9	  0.0
9.0	  0.0



DATASET #2

     Name: 2.5%,97.5%
   Points: 66
     Info: 

Data[x,y]:
2.5	  3650.0
2.6	  2899.0
2.7	  2291.0
2.8	  1819.0
2.9	  1439.0
3.0	  1138.0
3.1	  900.0
3.2	  711.0
3.3	  562.0
3.4	  441.0
3.5	  347.0
3.6	  274.0
3.7	  214.0
3.8	  168.0
3.9	  131.0
4.0	  101.0
4.1	  78.0
4.2	  61.0
4.3	  47.0
4.4	  35.0
4.5	  27.0
4.6	  20.0
4.7	  15.0
4.8	  11.0
4.9	  8.0
5.0	  5.0
5.1	  4.0
5.2	  2.0
5.3	  1.0
5.4	  1.0
5.5	  0.0
5.6	  0.0
5.7	  0.0
5.8	  0.0
5.9	  0.0
6.0	  0.0
6.1	  0.0
6.2	  0.0
6.3	  0.0
6.4	  0.0
6.5	  0.0
6.6	  0.0
6.7	  0.0
6.8	  0.0
6.9	  0.0
7.0	  0.0
7.1	  0.0
7.2	  0.0
7.3	  0.0
7.4	  0.0
7.5	  0.0
7.6	  0.0
7.7	  0.0
7.8	  0.0
7.9	  0.0
8.0	  0.0
8.1	  0.0
8.2	  0.0
8.3	  0.0
8.4	  0.0
8.5	  0.0
8.6	  0.0
8.7	  0.0
8.8	  0.0
8.9	  0.0
9.0	  0.0



DATASET #3

     Name: null
   Points: 66
     Info: 

Data[x,y]:
2.5	  9812.0
2.6	  7785.0
2.7	  6172.0
2.8	  4896.0
2.9	  3896.0
3.0	  3112.0
3.1	  2463.0
3.2	  1973.0
3.3	  1568.0
3.4	  1250.0
3.5	  996.0
3.6	  796.0
3.7	  630.0
3.8	  501.0
3.9	  399.0
4.0	  316.0
4.1	  251.0
4.2	  201.0
4.3	  162.0
4.4	  128.0
4.5	  103.0
4.6	  83.0
4.7	  66.0
4.8	  53.0
4.9	  43.0
5.0	  35.0
5.1	  28.0
5.2	  23.0
5.3	  19.0
5.4	  15.0
5.5	  13.0
5.6	  10.0
5.7	  8.0
5.8	  7.0
5.9	  5.0
6.0	  5.0
6.1	  4.0
6.2	  3.0
6.3	  2.0
6.4	  2.0
6.5	  2.0
6.6	  1.0
6.7	  1.0
6.8	  1.0
6.9	  1.0
7.0	  1.0
7.1	  1.0
7.2	  0.0
7.3	  0.0
7.4	  0.0
7.5	  0.0
7.6	  0.0
7.7	  0.0
7.8	  0.0
7.9	  0.0
8.0	  0.0
8.1	  0.0
8.2	  0.0
8.3	  0.0
8.4	  0.0
8.5	  0.0
8.6	  0.0
8.7	  0.0
8.8	  0.0
8.9	  0.0
9.0	  0.0



DATASET #4

     Name: Median
   Points: 66
     Info: 

Data[x,y]:
2.5	  4507.0
2.6	  3579.0
2.7	  2844.0
2.8	  2258.0
2.9	  1794.0
3.0	  1427.0
3.1	  1134.0
3.2	  901.0
3.3	  716.0
3.4	  569.0
3.5	  452.0
3.6	  359.0
3.7	  286.0
3.8	  227.0
3.9	  181.0
4.0	  144.0
4.1	  114.0
4.2	  91.0
4.3	  72.0
4.4	  57.0
4.5	  45.0
4.6	  36.0
4.7	  28.0
4.8	  22.0
4.9	  18.0
5.0	  14.0
5.1	  11.0
5.2	  8.0
5.3	  7.0
5.4	  5.0
5.5	  4.0
5.6	  3.0
5.7	  2.0
5.8	  2.0
5.9	  1.0
6.0	  1.0
6.1	  0.0
6.2	  0.0
6.3	  0.0
6.4	  0.0
6.5	  0.0
6.6	  0.0
6.7	  0.0
6.8	  0.0
6.9	  0.0
7.0	  0.0
7.1	  0.0
7.2	  0.0
7.3	  0.0
7.4	  0.0
7.5	  0.0
7.6	  0.0
7.7	  0.0
7.8	  0.0
7.9	  0.0
8.0	  0.0
8.1	  0.0
8.2	  0.0
8.3	  0.0
8.4	  0.0
8.5	  0.0
8.6	  0.0
8.7	  0.0
8.8	  0.0
8.9	  0.0
9.0	  0.0



DATASET #5

     Name: Mode
   Points: 66
     Info: 

Data[x,y]:
2.5	  4195.0
2.6	  3315.0
2.7	  2598.0
2.8	  2149.0
2.9	  1646.0
3.0	  1350.0
3.1	  1027.0
3.2	  874.0
3.3	  656.0
3.4	  504.0
3.5	  398.0
3.6	  325.0
3.7	  255.0
3.8	  221.0
3.9	  159.0
4.0	  141.0
4.1	  108.0
4.2	  91.0
4.3	  66.0
4.4	  49.0
4.5	  43.0
4.6	  33.0
4.7	  26.0
4.8	  21.0
4.9	  14.0
5.0	  12.0
5.1	  10.0
5.2	  7.0
5.3	  5.0
5.4	  4.0
5.5	  3.0
5.6	  2.0
5.7	  1.0
5.8	  1.0
5.9	  0.0
6.0	  0.0
6.1	  0.0
6.2	  0.0
6.3	  0.0
6.4	  0.0
6.5	  0.0
6.6	  0.0
6.7	  0.0
6.8	  0.0
6.9	  0.0
7.0	  0.0
7.1	  0.0
7.2	  0.0
7.3	  0.0
7.4	  0.0
7.5	  0.0
7.6	  0.0
7.7	  0.0
7.8	  0.0
7.9	  0.0
8.0	  0.0
8.1	  0.0
8.2	  0.0
8.3	  0.0
8.4	  0.0
8.5	  0.0
8.6	  0.0
8.7	  0.0
8.8	  0.0
8.9	  0.0
9.0	  0.0



DATASET #6

     Name: 10 yr Prob
   Points: 66
     Info: 

Data[x,y]:
2.5	  1.0
2.6	  1.0
2.7	  1.0
2.8	  1.0
2.9	  1.0
3.0	  1.0
3.1	  1.0
3.2	  1.0
3.3	  1.0
3.4	  1.0
3.5	  1.0
3.6	  1.0
3.7	  1.0
3.8	  1.0
3.9	  1.0
4.0	  1.0
4.1	  1.0
4.2	  1.0
4.3	  1.0
4.4	  1.0
4.5	  1.0
4.6	  1.0
4.7	  1.0
4.8	  1.0
4.9	  1.0
5.0	  1.0
5.1	  0.99985474
5.2	  0.99941903
5.3	  0.99651414
5.4	  0.9873638
5.5	  0.9676108
5.6	  0.9327524
5.7	  0.8721859
5.8	  0.78983295
5.9	  0.6861293
6.0	  0.58518517
6.1	  0.46448803
6.2	  0.356427
6.3	  0.270443
6.4	  0.20784314
6.5	  0.16180101
6.6	  0.12447349
6.7	  0.09440813
6.8	  0.068700075
6.9	  0.04734931
7.0	  0.03631082
7.1	  0.026143791
7.2	  0.01815541
7.3	  0.012636165
7.4	  0.010457517
7.5	  0.0072621643
7.6	  0.0029048657
7.7	  7.262164E-4
7.8	  4.3572986E-4
7.9	  1.4524328E-4
8.0	  1.4524328E-4
8.1	  0.0
8.2	  0.0
8.3	  0.0
8.4	  0.0
8.5	  0.0
8.6	  0.0
8.7	  0.0
8.8	  0.0
8.9	  0.0
9.0	  0.0



DATASET #7

Name: 95% Conf
Num Points: 66
Info: 

X, Y Data:
2.5	1.0	[1.0	1.0]
2.6	1.0	[1.0	1.0]
2.7	1.0	[1.0	1.0]
2.8	1.0	[1.0	1.0]
2.9	1.0	[1.0	1.0]
3.0	1.0	[1.0	1.0]
3.1	1.0	[1.0	1.0]
3.2	1.0	[1.0	1.0]
3.3	1.0	[1.0	1.0]
3.4	1.0	[1.0	1.0]
3.5	1.0	[1.0	1.0]
3.6	1.0	[1.0	1.0]
3.7	1.0	[1.0	1.0]
3.8	1.0	[1.0	1.0]
3.9	1.0	[1.0	1.0]
4.0	1.0	[1.0	1.0]
4.1	1.0	[1.0	1.0]
4.2	1.0	[1.0	1.0]
4.3	1.0	[1.0	1.0]
4.4	1.0	[1.0	1.0]
4.5	1.0	[1.0	1.0]
4.6	1.0	[1.0	1.0]
4.7	1.0	[1.0	1.0]
4.8	1.0	[1.0	1.0]
4.9	1.0	[1.0	1.0]
5.0	1.0	[1.0	1.0]
5.1	0.99985474	[0.9990572	0.99999243]
5.2	0.99941903	[0.99840325	0.99981385]
5.3	0.99651414	[0.99473155	0.9977147]
5.4	0.9873638	[0.98436034	0.98980886]
5.5	0.9676108	[0.9630842	0.97160673]
5.6	0.9327524	[0.92651623	0.93849987]
5.7	0.8721859	[0.8640166	0.87993634]
5.8	0.78983295	[0.7799749	0.79936534]
5.9	0.6861293	[0.674993	0.6970566]
6.0	0.58518517	[0.57342994	0.5968448]
6.1	0.46448803	[0.4526578	0.4763581]
6.2	0.356427	[0.3451246	0.36789057]
6.3	0.270443	[0.26000914	0.28113464]
6.4	0.20784314	[0.19835132	0.21766326]
6.5	0.16180101	[0.15322001	0.17076237]
6.6	0.12447349	[0.11681375	0.13255596]
6.7	0.09440813	[0.08765556	0.10161782]
6.8	0.068700075	[0.0628929	0.07499412]
6.9	0.04734931	[0.042511042	0.052699722]
7.0	0.03631082	[0.032076072	0.04107121]
7.1	0.026143791	[0.022563253	0.03026298]
7.2	0.01815541	[0.015193393	0.02166716]
7.3	0.012636165	[0.010191128	0.015639644]
7.4	0.010457517	[0.008248449	0.013228966]
7.5	0.0072621643	[0.0054504126	0.00964318]
7.6	0.0029048657	[0.0018242649	0.0045708194]
7.7	7.262164E-4	[2.673895E-4	0.0018001429]
7.8	4.3572986E-4	[1.12538044E-4	0.0013876683]
7.9	1.4524328E-4	[7.581541E-6	9.4282697E-4]
8.0	1.4524328E-4	[7.581541E-6	9.4282697E-4]
8.1	0.0	[0.0	6.952362E-4]
8.2	0.0	[0.0	6.952362E-4]
8.3	0.0	[0.0	6.952362E-4]
8.4	0.0	[0.0	0.0]
8.5	0.0	[0.0	0.0]
8.6	0.0	[0.0	0.0]
8.7	0.0	[0.0	0.0]
8.8	0.0	[0.0	0.0]
8.9	0.0	[0.0	0.0]
9.0	0.0	[0.0	0.0]



DATASET #8

     Name: Supra
   Points: 66
     Info: 

Data[x,y]:
2.5	  0.1902687
2.6	  0.1902687
2.7	  0.1902687
2.8	  0.1902687
2.9	  0.1902687
3.0	  0.1902687
3.1	  0.1902687
3.2	  0.1902687
3.3	  0.1902687
3.4	  0.1902687
3.5	  0.1902687
3.6	  0.1902687
3.7	  0.1902687
3.8	  0.1902687
3.9	  0.1902687
4.0	  0.1902687
4.1	  0.1902687
4.2	  0.1902687
4.3	  0.1902687
4.4	  0.1902687
4.5	  0.1902687
4.6	  0.1902687
4.7	  0.1902687
4.8	  0.1902687
4.9	  0.1902687
5.0	  0.1902687
5.1	  0.1902687
5.2	  0.1902687
5.3	  0.1902687
5.4	  0.1902687
5.5	  0.1902687
5.6	  0.1902687
5.7	  0.1902687
5.8	  0.1902687
5.9	  0.1902687
6.0	  0.18997821
6.1	  0.13594772
6.2	  0.11648511
6.3	  0.091938995
6.4	  0.07436456
6.5	  0.060421206
6.6	  0.050254177
6.7	  0.04153958
6.8	  0.033696443
6.9	  0.02396514
7.0	  0.019898329
7.1	  0.016557734
7.2	  0.014088598
7.3	  0.010457517
7.4	  0.009440813
7.5	  0.0069716778
7.6	  0.0029048657
7.7	  7.262164E-4
7.8	  4.3572986E-4
7.9	  1.4524328E-4
8.0	  1.4524328E-4
8.1	  0.0
8.2	  0.0
8.3	  0.0
8.4	  0.0
8.5	  0.0
8.6	  0.0
8.7	  0.0
8.8	  0.0
8.9	  0.0
9.0	  0.0



DATASET #9

     Name: Primary
   Points: 66
     Info: 

Data[x,y]:
2.5	  2390.5479
2.6	  1899.0625
2.7	  1508.5304
2.8	  1198.2573
2.9	  951.70123
3.0	  756.0205
3.1	  600.29675
3.2	  476.96036
3.3	  378.6616
3.4	  300.77255
3.5	  238.9175
3.6	  189.81656
3.7	  150.74452
3.8	  119.73493
3.9	  95.10385
4.0	  75.44982
4.1	  59.866085
4.2	  47.49223
4.3	  37.609295
4.4	  29.769499
4.5	  23.602613
4.6	  18.682499
4.7	  14.791141
4.8	  11.673347
4.9	  9.239506
5.0	  7.2732024
5.1	  5.7138705
5.2	  4.4630356
5.3	  3.4920843
5.4	  2.72244
5.5	  2.1114016
5.6	  1.626289
5.7	  1.2271605
5.8	  0.913435
5.9	  0.6646333
6.0	  0.4855483
6.1	  0.33667392
6.2	  0.23166303
6.3	  0.1587509
6.4	  0.11445171
6.5	  0.085257806
6.6	  0.061728396
6.7	  0.04517066
6.8	  0.032534495
6.9	  0.02076979
7.0	  0.016122004
7.1	  0.011619463
7.2	  0.0072621643
7.3	  0.0047930283
7.4	  0.0042120554
7.5	  0.002469136
7.6	  7.262164E-4
7.7	  0.0
7.8	  0.0
7.9	  0.0
8.0	  0.0
8.1	  0.0
8.2	  0.0
8.3	  0.0
8.4	  0.0
8.5	  0.0
8.6	  0.0
8.7	  0.0
8.8	  0.0
8.9	  0.0
9.0	  0.0


