
X-Axis: Magnitude
Y-Axis: 1 Month Cumulative Number
Number of Data Sets: 9


DATASET #1

     Name: Mean
   Points: 66
     Info: 

Data[x,y]:
2.5	  2699.7227
2.6	  2144.3035
2.7	  1703.1198
2.8	  1352.7823
2.9	  1074.5266
3.0	  853.66016
3.1	  678.061
3.2	  538.5698
3.3	  427.677
3.4	  339.61417
3.5	  269.73715
3.6	  214.26306
3.7	  170.1863
3.8	  135.0985
3.9	  107.36063
4.0	  85.21429
4.1	  67.63519
4.2	  53.674564
4.3	  42.53647
4.4	  33.670498
4.5	  26.663298
4.6	  21.143438
4.7	  16.75993
4.8	  13.25784
4.9	  10.470964
5.0	  8.2498255
5.1	  6.498142
5.2	  5.085482
5.3	  3.9811847
5.4	  3.1099885
5.5	  2.4211383
5.6	  1.8635308
5.7	  1.4108014
5.8	  1.0466899
5.9	  0.77456445
6.0	  0.5699187
6.1	  0.39140534
6.2	  0.26608595
6.3	  0.18757258
6.4	  0.13286875
6.5	  0.10092915
6.6	  0.07247387
6.7	  0.05377468
6.8	  0.037746806
6.9	  0.025319396
7.0	  0.018815331
7.1	  0.013356562
7.2	  0.009059234
7.3	  0.006155633
7.4	  0.004761905
7.5	  0.0031358886
7.6	  0.0011614402
7.7	  2.3228803E-4
7.8	  2.3228803E-4
7.9	  1.16144016E-4
8.0	  0.0
8.1	  0.0
8.2	  0.0
8.3	  0.0
8.4	  0.0
8.5	  0.0
8.6	  0.0
8.7	  0.0
8.8	  0.0
8.9	  0.0
9.0	  0.0



DATASET #2

     Name: 2.5%,97.5%
   Points: 66
     Info: 

Data[x,y]:
2.5	  2179.0
2.6	  1727.0
2.7	  1368.0
2.8	  1081.0
2.9	  854.0
3.0	  675.0
3.1	  531.0
3.2	  419.0
3.3	  329.0
3.4	  258.0
3.5	  202.0
3.6	  158.0
3.7	  123.0
3.8	  95.0
3.9	  74.0
4.0	  57.0
4.1	  44.0
4.2	  33.0
4.3	  25.0
4.4	  18.0
4.5	  14.0
4.6	  10.0
4.7	  7.0
4.8	  5.0
4.9	  4.0
5.0	  2.0
5.1	  1.0
5.2	  1.0
5.3	  0.0
5.4	  0.0
5.5	  0.0
5.6	  0.0
5.7	  0.0
5.8	  0.0
5.9	  0.0
6.0	  0.0
6.1	  0.0
6.2	  0.0
6.3	  0.0
6.4	  0.0
6.5	  0.0
6.6	  0.0
6.7	  0.0
6.8	  0.0
6.9	  0.0
7.0	  0.0
7.1	  0.0
7.2	  0.0
7.3	  0.0
7.4	  0.0
7.5	  0.0
7.6	  0.0
7.7	  0.0
7.8	  0.0
7.9	  0.0
8.0	  0.0
8.1	  0.0
8.2	  0.0
8.3	  0.0
8.4	  0.0
8.5	  0.0
8.6	  0.0
8.7	  0.0
8.8	  0.0
8.9	  0.0
9.0	  0.0



DATASET #3

     Name: null
   Points: 66
     Info: 

Data[x,y]:
2.5	  4270.0
2.6	  3389.0
2.7	  2689.0
2.8	  2137.0
2.9	  1697.0
3.0	  1351.0
3.1	  1072.0
3.2	  854.0
3.3	  678.0
3.4	  541.0
3.5	  430.0
3.6	  346.0
3.7	  278.0
3.8	  221.0
3.9	  177.0
4.0	  141.0
4.1	  114.0
4.2	  91.0
4.3	  73.0
4.4	  59.0
4.5	  48.0
4.6	  39.0
4.7	  32.0
4.8	  26.0
4.9	  22.0
5.0	  18.0
5.1	  15.0
5.2	  12.0
5.3	  10.0
5.4	  8.0
5.5	  7.0
5.6	  6.0
5.7	  5.0
5.8	  4.0
5.9	  3.0
6.0	  3.0
6.1	  2.0
6.2	  2.0
6.3	  1.0
6.4	  1.0
6.5	  1.0
6.6	  1.0
6.7	  1.0
6.8	  1.0
6.9	  0.0
7.0	  0.0
7.1	  0.0
7.2	  0.0
7.3	  0.0
7.4	  0.0
7.5	  0.0
7.6	  0.0
7.7	  0.0
7.8	  0.0
7.9	  0.0
8.0	  0.0
8.1	  0.0
8.2	  0.0
8.3	  0.0
8.4	  0.0
8.5	  0.0
8.6	  0.0
8.7	  0.0
8.8	  0.0
8.9	  0.0
9.0	  0.0



DATASET #4

     Name: Median
   Points: 66
     Info: 

Data[x,y]:
2.5	  2530.0
2.6	  2012.0
2.7	  1597.0
2.8	  1269.0
2.9	  1009.0
3.0	  802.0
3.1	  638.0
3.2	  507.0
3.3	  403.0
3.4	  321.0
3.5	  255.0
3.6	  202.0
3.7	  161.0
3.8	  128.0
3.9	  102.0
4.0	  81.0
4.1	  64.0
4.2	  51.0
4.3	  40.0
4.4	  32.0
4.5	  25.0
4.6	  20.0
4.7	  16.0
4.8	  12.0
4.9	  10.0
5.0	  8.0
5.1	  6.0
5.2	  5.0
5.3	  4.0
5.4	  3.0
5.5	  2.0
5.6	  2.0
5.7	  1.0
5.8	  1.0
5.9	  0.0
6.0	  0.0
6.1	  0.0
6.2	  0.0
6.3	  0.0
6.4	  0.0
6.5	  0.0
6.6	  0.0
6.7	  0.0
6.8	  0.0
6.9	  0.0
7.0	  0.0
7.1	  0.0
7.2	  0.0
7.3	  0.0
7.4	  0.0
7.5	  0.0
7.6	  0.0
7.7	  0.0
7.8	  0.0
7.9	  0.0
8.0	  0.0
8.1	  0.0
8.2	  0.0
8.3	  0.0
8.4	  0.0
8.5	  0.0
8.6	  0.0
8.7	  0.0
8.8	  0.0
8.9	  0.0
9.0	  0.0



DATASET #5

     Name: Mode
   Points: 66
     Info: 

Data[x,y]:
2.5	  2450.0
2.6	  1968.0
2.7	  1501.0
2.8	  1237.0
2.9	  920.0
3.0	  783.0
3.1	  628.0
3.2	  497.0
3.3	  389.0
3.4	  306.0
3.5	  248.0
3.6	  202.0
3.7	  154.0
3.8	  122.0
3.9	  99.0
4.0	  79.0
4.1	  62.0
4.2	  52.0
4.3	  40.0
4.4	  28.0
4.5	  23.0
4.6	  20.0
4.7	  15.0
4.8	  11.0
4.9	  9.0
5.0	  7.0
5.1	  5.0
5.2	  4.0
5.3	  3.0
5.4	  2.0
5.5	  1.0
5.6	  1.0
5.7	  1.0
5.8	  0.0
5.9	  0.0
6.0	  0.0
6.1	  0.0
6.2	  0.0
6.3	  0.0
6.4	  0.0
6.5	  0.0
6.6	  0.0
6.7	  0.0
6.8	  0.0
6.9	  0.0
7.0	  0.0
7.1	  0.0
7.2	  0.0
7.3	  0.0
7.4	  0.0
7.5	  0.0
7.6	  0.0
7.7	  0.0
7.8	  0.0
7.9	  0.0
8.0	  0.0
8.1	  0.0
8.2	  0.0
8.3	  0.0
8.4	  0.0
8.5	  0.0
8.6	  0.0
8.7	  0.0
8.8	  0.0
8.9	  0.0
9.0	  0.0



DATASET #6

     Name: 1 mo Prob
   Points: 66
     Info: 

Data[x,y]:
2.5	  1.0
2.6	  1.0
2.7	  1.0
2.8	  1.0
2.9	  1.0
3.0	  1.0
3.1	  1.0
3.2	  1.0
3.3	  1.0
3.4	  1.0
3.5	  1.0
3.6	  1.0
3.7	  1.0
3.8	  1.0
3.9	  1.0
4.0	  1.0
4.1	  1.0
4.2	  1.0
4.3	  1.0
4.4	  1.0
4.5	  1.0
4.6	  1.0
4.7	  1.0
4.8	  1.0
4.9	  0.99988383
5.0	  0.999187
5.1	  0.9955865
5.2	  0.985482
5.3	  0.96190476
5.4	  0.9259001
5.5	  0.8738676
5.6	  0.7994193
5.7	  0.70801395
5.8	  0.6002323
5.9	  0.49163762
6.0	  0.39814168
6.1	  0.29674795
6.2	  0.21358885
6.3	  0.15772358
6.4	  0.11649245
6.5	  0.090243906
6.6	  0.06689896
6.7	  0.05029036
6.8	  0.035423927
6.9	  0.024622532
7.0	  0.018350756
7.1	  0.01300813
7.2	  0.008826945
7.3	  0.006039489
7.4	  0.004761905
7.5	  0.0031358886
7.6	  0.0011614402
7.7	  2.3228803E-4
7.8	  2.3228803E-4
7.9	  1.16144016E-4
8.0	  0.0
8.1	  0.0
8.2	  0.0
8.3	  0.0
8.4	  0.0
8.5	  0.0
8.6	  0.0
8.7	  0.0
8.8	  0.0
8.9	  0.0
9.0	  0.0



DATASET #7

Name: 95% Conf
Num Points: 66
Info: 

X, Y Data:
2.5	1.0	[1.0	1.0]
2.6	1.0	[1.0	1.0]
2.7	1.0	[1.0	1.0]
2.8	1.0	[1.0	1.0]
2.9	1.0	[1.0	1.0]
3.0	1.0	[1.0	1.0]
3.1	1.0	[1.0	1.0]
3.2	1.0	[1.0	1.0]
3.3	1.0	[1.0	1.0]
3.4	1.0	[1.0	1.0]
3.5	1.0	[1.0	1.0]
3.6	1.0	[1.0	1.0]
3.7	1.0	[1.0	1.0]
3.8	1.0	[1.0	1.0]
3.9	1.0	[1.0	1.0]
4.0	1.0	[1.0	1.0]
4.1	1.0	[1.0	1.0]
4.2	1.0	[1.0	1.0]
4.3	1.0	[1.0	1.0]
4.4	1.0	[1.0	1.0]
4.5	1.0	[1.0	1.0]
4.6	1.0	[1.0	1.0]
4.7	1.0	[1.0	1.0]
4.8	1.0	[1.0	1.0]
4.9	0.99988383	[0.999246	0.9999939]
5.0	0.999187	[0.9982447	0.9996437]
5.1	0.9955865	[0.9938812	0.99683166]
5.2	0.985482	[0.9826672	0.9878538]
5.3	0.96190476	[0.9575899	0.96580166]
5.4	0.9259001	[0.9201153	0.93130106]
5.5	0.8738676	[0.8666282	0.88077074]
5.6	0.7994193	[0.7907693	0.8078004]
5.7	0.70801395	[0.6982602	0.71758103]
5.8	0.6002323	[0.58978444	0.6105903]
5.9	0.49163762	[0.4810257	0.50225705]
6.0	0.39814168	[0.38779154	0.40858322]
6.1	0.29674795	[0.28713337	0.30654496]
6.2	0.21358885	[0.20500337	0.22243153]
6.3	0.15772358	[0.1501206	0.16563414]
6.4	0.11649245	[0.10982971	0.12350019]
6.5	0.090243906	[0.08431657	0.09654023]
6.6	0.06689896	[0.061756328	0.07243214]
6.7	0.05029036	[0.04581579	0.055171095]
6.8	0.035423927	[0.031666975	0.03960141]
6.9	0.024622532	[0.021500658	0.028175928]
7.0	0.018350756	[0.015669366	0.021470528]
7.1	0.01300813	[0.010769804	0.015691327]
7.2	0.008826945	[0.0070069316	0.011097861]
7.3	0.006039489	[0.0045585176	0.007976544]
7.4	0.004761905	[0.0034629656	0.0065200133]
7.5	0.0031358886	[0.0021088317	0.0046275426]
7.6	0.0011614402	[5.903102E-4	0.0022118264]
7.7	2.3228803E-4	[4.0234485E-5	9.3645084E-4]
7.8	2.3228803E-4	[4.0234485E-5	9.3645084E-4]
7.9	1.16144016E-4	[6.062584E-6	7.5402204E-4]
8.0	0.0	[0.0	5.5600953E-4]
8.1	0.0	[0.0	5.5600953E-4]
8.2	0.0	[0.0	5.5600953E-4]
8.3	0.0	[0.0	5.5600953E-4]
8.4	0.0	[0.0	0.0]
8.5	0.0	[0.0	0.0]
8.6	0.0	[0.0	0.0]
8.7	0.0	[0.0	0.0]
8.8	0.0	[0.0	0.0]
8.9	0.0	[0.0	0.0]
9.0	0.0	[0.0	0.0]



DATASET #8

     Name: Supra
   Points: 66
     Info: 

Data[x,y]:
2.5	  0.09465738
2.6	  0.09465738
2.7	  0.09465738
2.8	  0.09465738
2.9	  0.09465738
3.0	  0.09465738
3.1	  0.09465738
3.2	  0.09465738
3.3	  0.09465738
3.4	  0.09465738
3.5	  0.09465738
3.6	  0.09465738
3.7	  0.09465738
3.8	  0.09465738
3.9	  0.09465738
4.0	  0.09465738
4.1	  0.09465738
4.2	  0.09465738
4.3	  0.09465738
4.4	  0.09465738
4.5	  0.09465738
4.6	  0.09465738
4.7	  0.09465738
4.8	  0.09465738
4.9	  0.09465738
5.0	  0.09465738
5.1	  0.09465738
5.2	  0.09465738
5.3	  0.09465738
5.4	  0.09465738
5.5	  0.09465738
5.6	  0.09465738
5.7	  0.09465738
5.8	  0.09465738
5.9	  0.09465738
6.0	  0.09454123
6.1	  0.06469222
6.2	  0.05423926
6.3	  0.043321718
6.4	  0.035075493
6.5	  0.028803717
6.6	  0.022996515
6.7	  0.018699188
6.8	  0.015214866
6.9	  0.010801394
7.0	  0.009059234
7.1	  0.007433217
7.2	  0.006504065
7.3	  0.004878049
7.4	  0.0040650405
7.5	  0.0029036005
7.6	  0.0011614402
7.7	  2.3228803E-4
7.8	  2.3228803E-4
7.9	  1.16144016E-4
8.0	  0.0
8.1	  0.0
8.2	  0.0
8.3	  0.0
8.4	  0.0
8.5	  0.0
8.6	  0.0
8.7	  0.0
8.8	  0.0
8.9	  0.0
9.0	  0.0



DATASET #9

     Name: Primary
   Points: 66
     Info: 

Data[x,y]:
2.5	  1689.0992
2.6	  1341.6594
2.7	  1065.6913
2.8	  846.428
2.9	  672.31287
3.0	  534.0193
3.1	  424.09988
3.2	  336.8863
3.3	  267.55505
3.4	  212.5202
3.5	  168.8101
3.6	  134.13449
3.7	  106.52915
3.8	  84.56213
3.9	  67.209526
4.0	  53.348663
4.1	  42.332752
4.2	  33.583275
4.3	  26.609058
4.4	  21.045645
4.5	  16.669106
4.6	  13.207898
4.7	  10.459002
4.8	  8.257956
4.9	  6.5164924
5.0	  5.1234612
5.1	  4.0285716
5.2	  3.15331
5.3	  2.4658537
5.4	  1.920906
5.5	  1.4939605
5.6	  1.148432
5.7	  0.8684088
5.8	  0.639489
5.9	  0.46655053
6.0	  0.33867595
6.1	  0.23333333
6.2	  0.15876888
6.3	  0.10940766
6.4	  0.077816494
6.5	  0.059117306
6.6	  0.04250871
6.7	  0.03066202
6.8	  0.021835076
6.9	  0.014866434
7.0	  0.010801394
7.1	  0.007897793
7.2	  0.004878049
7.3	  0.0034843206
7.4	  0.0029036005
7.5	  0.0018583043
7.6	  9.291521E-4
7.7	  1.16144016E-4
7.8	  1.16144016E-4
7.9	  1.16144016E-4
8.0	  0.0
8.1	  0.0
8.2	  0.0
8.3	  0.0
8.4	  0.0
8.5	  0.0
8.6	  0.0
8.7	  0.0
8.8	  0.0
8.9	  0.0
9.0	  0.0


