
X-Axis: Magnitude
Y-Axis: 1 Month Cumulative Number
Number of Data Sets: 9


DATASET #1

     Name: Mean
   Points: 66
     Info: 

Data[x,y]:
2.5	  514.6574
2.6	  408.83044
2.7	  324.69064
2.8	  257.92715
2.9	  204.87167
3.0	  162.73738
3.1	  129.29837
3.2	  102.67479
3.3	  81.54822
3.4	  64.77523
3.5	  51.439484
3.6	  40.844997
3.7	  32.449097
3.8	  25.769064
3.9	  20.452702
4.0	  16.242027
4.1	  12.890669
4.2	  10.23884
4.3	  8.134407
4.4	  6.450977
4.5	  5.115774
4.6	  4.0609345
4.7	  3.2200685
4.8	  2.5564957
4.9	  2.022612
5.0	  1.597281
5.1	  1.2611738
5.2	  0.9926528
5.3	  0.778707
5.4	  0.61129355
5.5	  0.47922465
5.6	  0.37307972
5.7	  0.28857285
5.8	  0.22299065
5.9	  0.17144884
6.0	  0.13389179
6.1	  0.09697484
6.2	  0.07082823
6.3	  0.052251477
6.4	  0.038558945
6.5	  0.027635533
6.6	  0.020371813
6.7	  0.01449961
6.8	  0.010325058
6.9	  0.0069575864
7.0	  0.0050929533
7.1	  0.0036596905
7.2	  0.0026717132
7.3	  0.0017811422
7.4	  0.0013497717
7.5	  0.0010575531
7.6	  4.4528555E-4
7.7	  1.3915173E-4
7.8	  9.740621E-5
7.9	  4.174552E-5
8.0	  0.0
8.1	  0.0
8.2	  0.0
8.3	  0.0
8.4	  0.0
8.5	  0.0
8.6	  0.0
8.7	  0.0
8.8	  0.0
8.9	  0.0
9.0	  0.0



DATASET #2

     Name: 2.5%,97.5%
   Points: 66
     Info: 

Data[x,y]:
2.5	  353.0
2.6	  277.0
2.7	  217.0
2.8	  170.0
2.9	  132.0
3.0	  103.0
3.1	  80.0
3.2	  62.0
3.3	  47.0
3.4	  36.0
3.5	  27.0
3.6	  21.0
3.7	  16.0
3.8	  11.0
3.9	  8.0
4.0	  6.0
4.1	  4.0
4.2	  3.0
4.3	  2.0
4.4	  1.0
4.5	  1.0
4.6	  0.0
4.7	  0.0
4.8	  0.0
4.9	  0.0
5.0	  0.0
5.1	  0.0
5.2	  0.0
5.3	  0.0
5.4	  0.0
5.5	  0.0
5.6	  0.0
5.7	  0.0
5.8	  0.0
5.9	  0.0
6.0	  0.0
6.1	  0.0
6.2	  0.0
6.3	  0.0
6.4	  0.0
6.5	  0.0
6.6	  0.0
6.7	  0.0
6.8	  0.0
6.9	  0.0
7.0	  0.0
7.1	  0.0
7.2	  0.0
7.3	  0.0
7.4	  0.0
7.5	  0.0
7.6	  0.0
7.7	  0.0
7.8	  0.0
7.9	  0.0
8.0	  0.0
8.1	  0.0
8.2	  0.0
8.3	  0.0
8.4	  0.0
8.5	  0.0
8.6	  0.0
8.7	  0.0
8.8	  0.0
8.9	  0.0
9.0	  0.0



DATASET #3

     Name: null
   Points: 66
     Info: 

Data[x,y]:
2.5	  1117.0
2.6	  887.0
2.7	  707.0
2.8	  563.0
2.9	  447.0
3.0	  356.0
3.1	  283.0
3.2	  226.0
3.3	  180.0
3.4	  144.0
3.5	  115.0
3.6	  92.0
3.7	  74.0
3.8	  59.0
3.9	  47.0
4.0	  38.0
4.1	  31.0
4.2	  25.0
4.3	  21.0
4.4	  17.0
4.5	  14.0
4.6	  12.0
4.7	  10.0
4.8	  8.0
4.9	  7.0
5.0	  6.0
5.1	  5.0
5.2	  4.0
5.3	  4.0
5.4	  3.0
5.5	  3.0
5.6	  2.0
5.7	  2.0
5.8	  2.0
5.9	  2.0
6.0	  1.0
6.1	  1.0
6.2	  1.0
6.3	  1.0
6.4	  1.0
6.5	  0.0
6.6	  0.0
6.7	  0.0
6.8	  0.0
6.9	  0.0
7.0	  0.0
7.1	  0.0
7.2	  0.0
7.3	  0.0
7.4	  0.0
7.5	  0.0
7.6	  0.0
7.7	  0.0
7.8	  0.0
7.9	  0.0
8.0	  0.0
8.1	  0.0
8.2	  0.0
8.3	  0.0
8.4	  0.0
8.5	  0.0
8.6	  0.0
8.7	  0.0
8.8	  0.0
8.9	  0.0
9.0	  0.0



DATASET #4

     Name: Median
   Points: 66
     Info: 

Data[x,y]:
2.5	  439.0
2.6	  349.0
2.7	  278.0
2.8	  221.0
2.9	  176.0
3.0	  140.0
3.1	  111.0
3.2	  89.0
3.3	  71.0
3.4	  56.0
3.5	  45.0
3.6	  35.0
3.7	  28.0
3.8	  22.0
3.9	  18.0
4.0	  14.0
4.1	  11.0
4.2	  9.0
4.3	  7.0
4.4	  5.0
4.5	  4.0
4.6	  3.0
4.7	  3.0
4.8	  2.0
4.9	  2.0
5.0	  1.0
5.1	  1.0
5.2	  1.0
5.3	  0.0
5.4	  0.0
5.5	  0.0
5.6	  0.0
5.7	  0.0
5.8	  0.0
5.9	  0.0
6.0	  0.0
6.1	  0.0
6.2	  0.0
6.3	  0.0
6.4	  0.0
6.5	  0.0
6.6	  0.0
6.7	  0.0
6.8	  0.0
6.9	  0.0
7.0	  0.0
7.1	  0.0
7.2	  0.0
7.3	  0.0
7.4	  0.0
7.5	  0.0
7.6	  0.0
7.7	  0.0
7.8	  0.0
7.9	  0.0
8.0	  0.0
8.1	  0.0
8.2	  0.0
8.3	  0.0
8.4	  0.0
8.5	  0.0
8.6	  0.0
8.7	  0.0
8.8	  0.0
8.9	  0.0
9.0	  0.0



DATASET #5

     Name: Mode
   Points: 66
     Info: 

Data[x,y]:
2.5	  404.0
2.6	  323.0
2.7	  270.0
2.8	  203.0
2.9	  161.0
3.0	  133.0
3.1	  103.0
3.2	  83.0
3.3	  67.0
3.4	  53.0
3.5	  42.0
3.6	  31.0
3.7	  26.0
3.8	  21.0
3.9	  16.0
4.0	  12.0
4.1	  10.0
4.2	  8.0
4.3	  6.0
4.4	  5.0
4.5	  3.0
4.6	  3.0
4.7	  2.0
4.8	  1.0
4.9	  1.0
5.0	  1.0
5.1	  0.0
5.2	  0.0
5.3	  0.0
5.4	  0.0
5.5	  0.0
5.6	  0.0
5.7	  0.0
5.8	  0.0
5.9	  0.0
6.0	  0.0
6.1	  0.0
6.2	  0.0
6.3	  0.0
6.4	  0.0
6.5	  0.0
6.6	  0.0
6.7	  0.0
6.8	  0.0
6.9	  0.0
7.0	  0.0
7.1	  0.0
7.2	  0.0
7.3	  0.0
7.4	  0.0
7.5	  0.0
7.6	  0.0
7.7	  0.0
7.8	  0.0
7.9	  0.0
8.0	  0.0
8.1	  0.0
8.2	  0.0
8.3	  0.0
8.4	  0.0
8.5	  0.0
8.6	  0.0
8.7	  0.0
8.8	  0.0
8.9	  0.0
9.0	  0.0



DATASET #6

     Name: 1 mo Prob
   Points: 66
     Info: 

Data[x,y]:
2.5	  1.0
2.6	  1.0
2.7	  1.0
2.8	  1.0
2.9	  1.0
3.0	  1.0
3.1	  1.0
3.2	  1.0
3.3	  1.0
3.4	  1.0
3.5	  1.0
3.6	  1.0
3.7	  1.0
3.8	  1.0
3.9	  1.0
4.0	  1.0
4.1	  0.99983305
4.2	  0.99906766
4.3	  0.9969665
4.4	  0.9905377
4.5	  0.9764277
4.6	  0.95043415
4.7	  0.9091757
4.8	  0.85365415
4.9	  0.78574806
5.0	  0.70878327
5.1	  0.6257793
5.2	  0.5421073
5.3	  0.46114883
5.4	  0.38798285
5.5	  0.3225259
5.6	  0.26459703
5.7	  0.21362574
5.8	  0.17124012
5.9	  0.13599299
6.0	  0.10855226
6.1	  0.0813481
6.2	  0.061240677
6.3	  0.04601748
6.4	  0.03437048
6.5	  0.02493599
6.6	  0.018743739
6.7	  0.013539463
6.8	  0.009810197
6.9	  0.0066931983
7.0	  0.004912056
7.1	  0.0035622844
7.2	  0.0026021374
7.3	  0.0017533118
7.4	  0.0013358566
7.5	  0.001043638
7.6	  4.3137037E-4
7.7	  1.3915173E-4
7.8	  9.740621E-5
7.9	  4.174552E-5
8.0	  0.0
8.1	  0.0
8.2	  0.0
8.3	  0.0
8.4	  0.0
8.5	  0.0
8.6	  0.0
8.7	  0.0
8.8	  0.0
8.9	  0.0
9.0	  0.0



DATASET #7

Name: 95% Conf
Num Points: 66
Info: 

X, Y Data:
2.5	1.0	[1.0	1.0]
2.6	1.0	[1.0	1.0]
2.7	1.0	[1.0	1.0]
2.8	1.0	[1.0	1.0]
2.9	1.0	[1.0	1.0]
3.0	1.0	[1.0	1.0]
3.1	1.0	[1.0	1.0]
3.2	1.0	[1.0	1.0]
3.3	1.0	[1.0	1.0]
3.4	1.0	[1.0	1.0]
3.5	1.0	[1.0	1.0]
3.6	1.0	[1.0	1.0]
3.7	1.0	[1.0	1.0]
3.8	1.0	[1.0	1.0]
3.9	1.0	[1.0	1.0]
4.0	1.0	[1.0	1.0]
4.1	0.99983305	[0.9996993	0.9999095]
4.2	0.99906766	[0.9988085	0.99927187]
4.3	0.9969665	[0.9965296	0.9973494]
4.4	0.9905377	[0.9897959	0.9912265]
4.5	0.9764277	[0.97528565	0.9775185]
4.6	0.95043415	[0.94881594	0.95200396]
4.7	0.9091757	[0.9070457	0.91126174]
4.8	0.85365415	[0.851044	0.8562264]
4.9	0.78574806	[0.782726	0.78873956]
5.0	0.70878327	[0.70544344	0.7121007]
5.1	0.6257793	[0.6222275	0.6293175]
5.2	0.5421073	[0.5384555	0.5457546]
5.3	0.46114883	[0.4574994	0.4648024]
5.4	0.38798285	[0.3844192	0.3915585]
5.5	0.3225259	[0.31911084	0.32595992]
5.6	0.26459703	[0.26137754	0.26784173]
5.7	0.21362574	[0.21063748	0.21664469]
5.8	0.17124012	[0.16849646	0.17401902]
5.9	0.13599299	[0.13349932	0.13852568]
6.0	0.10855226	[0.10629185	0.11085465]
6.1	0.0813481	[0.07936482	0.083376296]
6.2	0.061240677	[0.05950409	0.06302436]
6.3	0.04601748	[0.04450284	0.047580868]
6.4	0.03437048	[0.03305636	0.035734635]
6.5	0.02493599	[0.023814263	0.026108814]
6.6	0.018743739	[0.017770818	0.019768469]
6.7	0.013539463	[0.012713376	0.0144179845]
6.8	0.009810197	[0.009108631	0.010564674]
6.9	0.0066931983	[0.006116196	0.0073235533]
7.0	0.004912056	[0.004420085	0.005457675]
7.1	0.0035622844	[0.003145889	0.004032599]
7.2	0.0026021374	[0.0022488486	0.0030095924]
7.3	0.0017533118	[0.0014665643	0.0020945326]
7.4	0.0013358566	[0.0010878784	0.0016385277]
7.5	0.001043638	[8.265644E-4	0.0013156158]
7.6	4.3137037E-4	[2.9817934E-4	6.2037946E-4]
7.7	1.3915173E-4	[7.071372E-5	2.651476E-4]
7.8	9.740621E-5	[4.268278E-5	2.1040764E-4]
7.9	4.174552E-5	[1.0781238E-5	1.3302437E-4]
8.0	0.0	[0.0	6.664175E-5]
8.1	0.0	[0.0	6.664175E-5]
8.2	0.0	[0.0	6.664175E-5]
8.3	0.0	[0.0	6.664175E-5]
8.4	0.0	[0.0	0.0]
8.5	0.0	[0.0	0.0]
8.6	0.0	[0.0	0.0]
8.7	0.0	[0.0	0.0]
8.8	0.0	[0.0	0.0]
8.9	0.0	[0.0	0.0]
9.0	0.0	[0.0	0.0]



DATASET #8

     Name: Supra
   Points: 66
     Info: 

Data[x,y]:
2.5	  0.026299678
2.6	  0.026299678
2.7	  0.026299678
2.8	  0.026299678
2.9	  0.026299678
3.0	  0.026299678
3.1	  0.026299678
3.2	  0.026299678
3.3	  0.026299678
3.4	  0.026299678
3.5	  0.026299678
3.6	  0.026299678
3.7	  0.026299678
3.8	  0.026299678
3.9	  0.026299678
4.0	  0.026299678
4.1	  0.026299678
4.2	  0.026299678
4.3	  0.026299678
4.4	  0.026299678
4.5	  0.026299678
4.6	  0.026299678
4.7	  0.026299678
4.8	  0.026299678
4.9	  0.026299678
5.0	  0.026299678
5.1	  0.026299678
5.2	  0.026299678
5.3	  0.026299678
5.4	  0.026299678
5.5	  0.026299678
5.6	  0.026299678
5.7	  0.026299678
5.8	  0.026299678
5.9	  0.026299678
6.0	  0.026285762
6.1	  0.01675387
6.2	  0.013859512
6.3	  0.010589447
6.4	  0.008822219
6.5	  0.0071106534
6.6	  0.005872203
6.7	  0.004675498
6.8	  0.0039658244
6.9	  0.0029500166
7.0	  0.0024490706
7.1	  0.002170767
7.2	  0.0018089724
7.3	  0.0013219415
7.4	  0.0011967049
7.5	  0.0010018925
7.6	  4.3137037E-4
7.7	  1.3915173E-4
7.8	  9.740621E-5
7.9	  4.174552E-5
8.0	  0.0
8.1	  0.0
8.2	  0.0
8.3	  0.0
8.4	  0.0
8.5	  0.0
8.6	  0.0
8.7	  0.0
8.8	  0.0
8.9	  0.0
9.0	  0.0



DATASET #9

     Name: Primary
   Points: 66
     Info: 

Data[x,y]:
2.5	  309.40088
2.6	  245.81165
2.7	  195.23958
2.8	  155.08026
2.9	  123.15246
3.0	  97.82102
3.1	  77.72413
3.2	  61.708088
3.3	  49.009533
3.4	  38.91833
3.5	  30.895859
3.6	  24.54073
3.7	  19.491734
3.8	  15.480811
3.9	  12.291272
4.0	  9.762051
4.1	  7.746911
4.2	  6.149018
4.3	  4.883168
4.4	  3.8740258
4.5	  3.072164
4.6	  2.43734
4.7	  1.9310642
4.8	  1.532158
4.9	  1.2118585
5.0	  0.9555271
5.1	  0.75397974
5.2	  0.593176
5.3	  0.46480852
5.4	  0.36356172
5.5	  0.28432873
5.6	  0.22172436
5.7	  0.17053045
5.8	  0.13152622
5.9	  0.10119114
6.0	  0.07824502
6.1	  0.057706222
6.2	  0.042135146
6.3	  0.031016922
6.4	  0.022612156
6.5	  0.015988534
6.6	  0.011813982
6.7	  0.008335189
6.8	  0.0059000333
6.9	  0.0039797397
7.0	  0.0028804408
7.1	  0.0019759545
7.2	  0.0012941111
7.3	  7.653345E-4
7.4	  5.0094625E-4
7.5	  3.7570967E-4
7.6	  1.2523656E-4
7.7	  5.5660694E-5
7.8	  4.174552E-5
7.9	  1.3915173E-5
8.0	  0.0
8.1	  0.0
8.2	  0.0
8.3	  0.0
8.4	  0.0
8.5	  0.0
8.6	  0.0
8.7	  0.0
8.8	  0.0
8.9	  0.0
9.0	  0.0


