
X-Axis: Magnitude
Y-Axis: 1 Week Cumulative Number
Number of Data Sets: 9


DATASET #1

     Name: Mean
   Points: 66
     Info: 

Data[x,y]:
2.5	  407.3231
2.6	  323.54962
2.7	  256.95526
2.8	  204.14438
2.9	  162.15642
3.0	  128.82182
3.1	  102.36378
3.2	  81.27888
3.3	  64.551765
3.4	  51.272488
3.5	  40.71183
3.6	  32.32693
3.7	  25.677917
3.8	  20.390665
3.9	  16.188519
4.0	  12.857033
4.1	  10.205444
4.2	  8.102801
4.3	  6.436546
4.4	  5.107027
4.5	  4.0512176
4.6	  3.2156656
4.7	  2.5507047
4.8	  2.0238624
4.9	  1.5997851
5.0	  1.2634394
5.1	  0.9966539
5.2	  0.7848228
5.3	  0.61552644
5.4	  0.483648
5.5	  0.37941772
5.6	  0.29498327
5.7	  0.22837847
5.8	  0.17613511
5.9	  0.13581076
6.0	  0.10604987
6.1	  0.07696065
6.2	  0.056285568
6.3	  0.04128911
6.4	  0.030212734
6.5	  0.021481084
6.6	  0.015851306
6.7	  0.011393889
6.8	  0.0079134405
6.9	  0.005483233
7.0	  0.0040788413
7.1	  0.0028942677
7.2	  0.0020638448
7.3	  0.0013189068
7.4	  0.0010013921
7.5	  7.449381E-4
7.6	  2.930904E-4
7.7	  1.099089E-4
7.8	  8.5484695E-5
7.9	  4.88484E-5
8.0	  1.22121E-5
8.1	  0.0
8.2	  0.0
8.3	  0.0
8.4	  0.0
8.5	  0.0
8.6	  0.0
8.7	  0.0
8.8	  0.0
8.9	  0.0
9.0	  0.0



DATASET #2

     Name: 2.5%,97.5%
   Points: 66
     Info: 

Data[x,y]:
2.5	  292.0
2.6	  228.0
2.7	  179.0
2.8	  140.0
2.9	  109.0
3.0	  84.0
3.1	  65.0
3.2	  50.0
3.3	  38.0
3.4	  29.0
3.5	  22.0
3.6	  16.0
3.7	  12.0
3.8	  9.0
3.9	  6.0
4.0	  4.0
4.1	  3.0
4.2	  2.0
4.3	  1.0
4.4	  1.0
4.5	  0.0
4.6	  0.0
4.7	  0.0
4.8	  0.0
4.9	  0.0
5.0	  0.0
5.1	  0.0
5.2	  0.0
5.3	  0.0
5.4	  0.0
5.5	  0.0
5.6	  0.0
5.7	  0.0
5.8	  0.0
5.9	  0.0
6.0	  0.0
6.1	  0.0
6.2	  0.0
6.3	  0.0
6.4	  0.0
6.5	  0.0
6.6	  0.0
6.7	  0.0
6.8	  0.0
6.9	  0.0
7.0	  0.0
7.1	  0.0
7.2	  0.0
7.3	  0.0
7.4	  0.0
7.5	  0.0
7.6	  0.0
7.7	  0.0
7.8	  0.0
7.9	  0.0
8.0	  0.0
8.1	  0.0
8.2	  0.0
8.3	  0.0
8.4	  0.0
8.5	  0.0
8.6	  0.0
8.7	  0.0
8.8	  0.0
8.9	  0.0
9.0	  0.0



DATASET #3

     Name: null
   Points: 66
     Info: 

Data[x,y]:
2.5	  802.0
2.6	  638.0
2.7	  508.0
2.8	  405.0
2.9	  321.0
3.0	  255.0
3.1	  204.0
3.2	  163.0
3.3	  130.0
3.4	  105.0
3.5	  84.0
3.6	  67.0
3.7	  54.0
3.8	  44.0
3.9	  35.0
4.0	  29.0
4.1	  23.0
4.2	  19.0
4.3	  16.0
4.4	  13.0
4.5	  11.0
4.6	  9.0
4.7	  8.0
4.8	  7.0
4.9	  6.0
5.0	  5.0
5.1	  4.0
5.2	  4.0
5.3	  3.0
5.4	  3.0
5.5	  2.0
5.6	  2.0
5.7	  2.0
5.8	  1.0
5.9	  1.0
6.0	  1.0
6.1	  1.0
6.2	  1.0
6.3	  1.0
6.4	  1.0
6.5	  0.0
6.6	  0.0
6.7	  0.0
6.8	  0.0
6.9	  0.0
7.0	  0.0
7.1	  0.0
7.2	  0.0
7.3	  0.0
7.4	  0.0
7.5	  0.0
7.6	  0.0
7.7	  0.0
7.8	  0.0
7.9	  0.0
8.0	  0.0
8.1	  0.0
8.2	  0.0
8.3	  0.0
8.4	  0.0
8.5	  0.0
8.6	  0.0
8.7	  0.0
8.8	  0.0
8.9	  0.0
9.0	  0.0



DATASET #4

     Name: Median
   Points: 66
     Info: 

Data[x,y]:
2.5	  358.0
2.6	  285.0
2.7	  227.0
2.8	  180.0
2.9	  143.0
3.0	  114.0
3.1	  91.0
3.2	  72.0
3.3	  58.0
3.4	  46.0
3.5	  36.0
3.6	  29.0
3.7	  23.0
3.8	  18.0
3.9	  14.0
4.0	  11.0
4.1	  9.0
4.2	  7.0
4.3	  6.0
4.4	  4.0
4.5	  3.0
4.6	  3.0
4.7	  2.0
4.8	  2.0
4.9	  1.0
5.0	  1.0
5.1	  1.0
5.2	  0.0
5.3	  0.0
5.4	  0.0
5.5	  0.0
5.6	  0.0
5.7	  0.0
5.8	  0.0
5.9	  0.0
6.0	  0.0
6.1	  0.0
6.2	  0.0
6.3	  0.0
6.4	  0.0
6.5	  0.0
6.6	  0.0
6.7	  0.0
6.8	  0.0
6.9	  0.0
7.0	  0.0
7.1	  0.0
7.2	  0.0
7.3	  0.0
7.4	  0.0
7.5	  0.0
7.6	  0.0
7.7	  0.0
7.8	  0.0
7.9	  0.0
8.0	  0.0
8.1	  0.0
8.2	  0.0
8.3	  0.0
8.4	  0.0
8.5	  0.0
8.6	  0.0
8.7	  0.0
8.8	  0.0
8.9	  0.0
9.0	  0.0



DATASET #5

     Name: Mode
   Points: 66
     Info: 

Data[x,y]:
2.5	  337.0
2.6	  273.0
2.7	  214.0
2.8	  171.0
2.9	  132.0
3.0	  109.0
3.1	  86.0
3.2	  67.0
3.3	  53.0
3.4	  42.0
3.5	  35.0
3.6	  26.0
3.7	  22.0
3.8	  17.0
3.9	  13.0
4.0	  11.0
4.1	  8.0
4.2	  6.0
4.3	  5.0
4.4	  3.0
4.5	  3.0
4.6	  2.0
4.7	  1.0
4.8	  1.0
4.9	  1.0
5.0	  0.0
5.1	  0.0
5.2	  0.0
5.3	  0.0
5.4	  0.0
5.5	  0.0
5.6	  0.0
5.7	  0.0
5.8	  0.0
5.9	  0.0
6.0	  0.0
6.1	  0.0
6.2	  0.0
6.3	  0.0
6.4	  0.0
6.5	  0.0
6.6	  0.0
6.7	  0.0
6.8	  0.0
6.9	  0.0
7.0	  0.0
7.1	  0.0
7.2	  0.0
7.3	  0.0
7.4	  0.0
7.5	  0.0
7.6	  0.0
7.7	  0.0
7.8	  0.0
7.9	  0.0
8.0	  0.0
8.1	  0.0
8.2	  0.0
8.3	  0.0
8.4	  0.0
8.5	  0.0
8.6	  0.0
8.7	  0.0
8.8	  0.0
8.9	  0.0
9.0	  0.0



DATASET #6

     Name: 1 wk Prob
   Points: 66
     Info: 

Data[x,y]:
2.5	  1.0
2.6	  1.0
2.7	  1.0
2.8	  1.0
2.9	  1.0
3.0	  1.0
3.1	  1.0
3.2	  1.0
3.3	  1.0
3.4	  1.0
3.5	  1.0
3.6	  1.0
3.7	  1.0
3.8	  1.0
3.9	  1.0
4.0	  0.99993896
4.1	  0.99946266
4.2	  0.99774075
4.3	  0.9927338
4.4	  0.9805461
4.5	  0.9572576
4.6	  0.920084
4.7	  0.8673033
4.8	  0.80071074
4.9	  0.72428745
5.0	  0.6417214
5.1	  0.5577266
5.2	  0.47722444
5.3	  0.40061793
5.4	  0.3333781
5.5	  0.27446693
5.6	  0.2229441
5.7	  0.17901717
5.8	  0.1423076
5.9	  0.11255892
6.0	  0.08963681
6.1	  0.067093275
6.2	  0.050338276
6.3	  0.03756442
6.4	  0.027733678
6.5	  0.019844662
6.6	  0.01488655
6.7	  0.010795496
6.8	  0.0076203505
6.9	  0.0053489
7.0	  0.0040055686
7.1	  0.0028454193
7.2	  0.0020149965
7.3	  0.0012944826
7.4	  9.891801E-4
7.5	  7.32726E-4
7.6	  2.808783E-4
7.7	  1.099089E-4
7.8	  8.5484695E-5
7.9	  4.88484E-5
8.0	  1.22121E-5
8.1	  0.0
8.2	  0.0
8.3	  0.0
8.4	  0.0
8.5	  0.0
8.6	  0.0
8.7	  0.0
8.8	  0.0
8.9	  0.0
9.0	  0.0



DATASET #7

Name: 95% Conf
Num Points: 66
Info: 

X, Y Data:
2.5	1.0	[1.0	1.0]
2.6	1.0	[1.0	1.0]
2.7	1.0	[1.0	1.0]
2.8	1.0	[1.0	1.0]
2.9	1.0	[1.0	1.0]
3.0	1.0	[1.0	1.0]
3.1	1.0	[1.0	1.0]
3.2	1.0	[1.0	1.0]
3.3	1.0	[1.0	1.0]
3.4	1.0	[1.0	1.0]
3.5	1.0	[1.0	1.0]
3.6	1.0	[1.0	1.0]
3.7	1.0	[1.0	1.0]
3.8	1.0	[1.0	1.0]
3.9	1.0	[1.0	1.0]
4.0	0.99993896	[0.99984854	0.9999775]
4.1	0.99946266	[0.9992718	0.9996049]
4.2	0.99774075	[0.99738485	0.9980491]
4.3	0.9927338	[0.9921222	0.9932987]
4.4	0.9805461	[0.9795711	0.9814758]
4.5	0.9572576	[0.9558444	0.9586278]
4.6	0.920084	[0.9182008	0.9219277]
4.7	0.8673033	[0.8649563	0.8696158]
4.8	0.80071074	[0.79795444	0.8034388]
4.9	0.72428745	[0.72121	0.72734374]
5.0	0.6417214	[0.63842446	0.64500505]
5.1	0.5577266	[0.55431604	0.5611317]
5.2	0.47722444	[0.47379833	0.48065266]
5.3	0.40061793	[0.39726022	0.403985]
5.4	0.3333781	[0.33015096	0.33662093]
5.5	0.27446693	[0.271415	0.2775401]
5.6	0.2229441	[0.2201002	0.22581404]
5.7	0.17901717	[0.17640035	0.18166417]
5.8	0.1423076	[0.13992538	0.14472346]
5.9	0.11255892	[0.11040625	0.114748046]
6.0	0.08963681	[0.08769337	0.09161887]
6.1	0.067093275	[0.06539387	0.06883345]
6.2	0.050338276	[0.048855674	0.05186324]
6.3	0.03756442	[0.036277615	0.038894814]
6.4	0.027733678	[0.026624927	0.02888698]
6.5	0.019844662	[0.018905723	0.020828938]
6.6	0.01488655	[0.014073624	0.015745325]
6.7	0.010795496	[0.010104374	0.011532913]
6.8	0.0076203505	[0.0070415144	0.0082458565]
6.9	0.0053489	[0.0048661595	0.0058786166]
7.0	0.0040055686	[0.0035898187	0.0044685104]
7.1	0.0028454193	[0.0024974467	0.0032408156]
7.2	0.0020149965	[0.0017246857	0.0023529562]
7.3	0.0012944826	[0.0010649734	0.001571937]
7.4	9.891801E-4	[7.905661E-4	0.0012359329]
7.5	7.32726E-4	[5.640018E-4	9.498243E-4]
7.6	2.808783E-4	[1.8230108E-4	4.2878487E-4]
7.7	1.099089E-4	[5.363986E-5	2.1687188E-4]
7.8	8.5484695E-5	[3.745878E-5	1.8465752E-4]
7.9	4.88484E-5	[1.564805E-5	1.3433566E-4]
8.0	1.22121E-5	[6.374547E-7	7.931598E-5]
8.1	0.0	[0.0	5.8485875E-5]
8.2	0.0	[0.0	5.8485875E-5]
8.3	0.0	[0.0	5.8485875E-5]
8.4	0.0	[0.0	0.0]
8.5	0.0	[0.0	0.0]
8.6	0.0	[0.0	0.0]
8.7	0.0	[0.0	0.0]
8.8	0.0	[0.0	0.0]
8.9	0.0	[0.0	0.0]
9.0	0.0	[0.0	0.0]



DATASET #8

     Name: Supra
   Points: 66
     Info: 

Data[x,y]:
2.5	  0.020284297
2.6	  0.020284297
2.7	  0.020284297
2.8	  0.020284297
2.9	  0.020284297
3.0	  0.020284297
3.1	  0.020284297
3.2	  0.020284297
3.3	  0.020284297
3.4	  0.020284297
3.5	  0.020284297
3.6	  0.020284297
3.7	  0.020284297
3.8	  0.020284297
3.9	  0.020284297
4.0	  0.020284297
4.1	  0.020284297
4.2	  0.020284297
4.3	  0.020284297
4.4	  0.020284297
4.5	  0.020284297
4.6	  0.020284297
4.7	  0.020284297
4.8	  0.020284297
4.9	  0.020284297
5.0	  0.020284297
5.1	  0.020284297
5.2	  0.020284297
5.3	  0.020284297
5.4	  0.020284297
5.5	  0.020284297
5.6	  0.020284297
5.7	  0.020284297
5.8	  0.020284297
5.9	  0.020272085
6.0	  0.020259874
6.1	  0.012895977
6.2	  0.010587891
6.3	  0.008011137
6.4	  0.0065823216
6.5	  0.0052389908
6.6	  0.0043841437
6.7	  0.0035170848
6.8	  0.0029797524
6.9	  0.0021981779
7.0	  0.0018562392
7.1	  0.001587573
7.2	  0.0013311189
7.3	  9.647559E-4
7.4	  8.792712E-4
7.5	  7.083018E-4
7.6	  2.808783E-4
7.7	  1.099089E-4
7.8	  8.5484695E-5
7.9	  4.88484E-5
8.0	  1.22121E-5
8.1	  0.0
8.2	  0.0
8.3	  0.0
8.4	  0.0
8.5	  0.0
8.6	  0.0
8.7	  0.0
8.8	  0.0
8.9	  0.0
9.0	  0.0



DATASET #9

     Name: Primary
   Points: 66
     Info: 

Data[x,y]:
2.5	  268.22995
2.6	  213.08357
2.7	  169.25089
2.8	  134.45361
2.9	  106.77272
3.0	  84.8156
3.1	  67.39393
3.2	  53.51235
3.3	  42.50541
3.4	  33.753487
3.5	  26.792114
3.6	  21.278131
3.7	  16.903402
3.8	  13.424908
3.9	  10.658122
4.0	  8.465293
4.1	  6.717229
4.2	  5.332352
4.3	  4.2339473
4.4	  3.360147
4.5	  2.663984
4.6	  2.1129985
4.7	  1.6750482
4.8	  1.3276751
4.9	  1.0496422
5.0	  0.8269423
5.1	  0.6518453
5.2	  0.5128349
5.3	  0.40221772
5.4	  0.31513324
5.5	  0.24629363
5.6	  0.19194978
5.7	  0.14785188
5.8	  0.113682434
5.9	  0.087402
6.0	  0.067838214
6.1	  0.04967882
6.2	  0.03646533
6.3	  0.026597952
6.4	  0.019343967
6.5	  0.013604279
6.6	  0.009965073
6.7	  0.007083018
6.8	  0.0049214764
6.9	  0.0033705395
7.0	  0.0024912683
7.1	  0.0017463303
7.2	  0.0011479374
7.3	  6.716655E-4
7.4	  4.640598E-4
7.5	  3.297267E-4
7.6	  1.22121E-4
7.7	  4.88484E-5
7.8	  3.66363E-5
7.9	  1.22121E-5
8.0	  0.0
8.1	  0.0
8.2	  0.0
8.3	  0.0
8.4	  0.0
8.5	  0.0
8.6	  0.0
8.7	  0.0
8.8	  0.0
8.9	  0.0
9.0	  0.0


