
X-Axis: Magnitude
Y-Axis: Cumulative Annual Rate (1/yr)
Number of Data Sets: 8


DATASET #1

     Name: Mean
   Points: 41
     Info: 

Data[x,y]:
5.0	  7.9389973
5.1	  6.289837
5.2	  4.9790087
5.3	  3.9374266
5.4	  3.1096168
5.5	  2.4551718
5.6	  1.9369348
5.7	  1.522123
5.8	  1.1932772
5.9	  0.9193282
6.0	  0.7371602
6.1	  0.5745085
6.2	  0.4596259
6.3	  0.36917686
6.4	  0.29394746
6.5	  0.22969837
6.6	  0.18226346
6.7	  0.14143585
6.8	  0.112166174
6.9	  0.08892135
7.0	  0.07067973
7.1	  0.05424747
7.2	  0.041123617
7.3	  0.032902714
7.4	  0.025693906
7.5	  0.018007696
7.6	  0.013391195
7.7	  0.009295065
7.8	  0.0064545083
7.9	  0.003542341
8.0	  0.001823685
8.1	  8.497799E-4
8.2	  3.8192357E-4
8.3	  7.1610666E-5
8.4	  0.0
8.5	  0.0
8.6	  0.0
8.7	  0.0
8.8	  0.0
8.9	  0.0
9.0	  0.0



DATASET #2

     Name: 2.5%,16%,84%,97.5%
   Points: 41
     Info: 

Data[x,y]:
5.0	  6.5555553
5.1	  5.1790123
5.2	  4.0925927
5.3	  3.2222223
5.4	  2.5185184
5.5	  1.9691358
5.6	  1.5555556
5.7	  1.2037038
5.8	  0.9444444
5.9	  0.7160494
6.0	  0.5617284
6.1	  0.42592594
6.2	  0.33333334
6.3	  0.25925925
6.4	  0.2037037
6.5	  0.15432099
6.6	  0.11728395
6.7	  0.08024691
6.8	  0.061728396
6.9	  0.049382716
7.0	  0.037037037
7.1	  0.024691358
7.2	  0.018518519
7.3	  0.012345679
7.4	  0.0061728396
7.5	  0.0061728396
7.6	  0.0
7.7	  0.0
7.8	  0.0
7.9	  0.0
8.0	  0.0
8.1	  0.0
8.2	  0.0
8.3	  0.0
8.4	  0.0
8.5	  0.0
8.6	  0.0
8.7	  0.0
8.8	  0.0
8.9	  0.0
9.0	  0.0



DATASET #3

     Name: 
   Points: 41
     Info: 

Data[x,y]:
5.0	  7.203704
5.1	  5.6975307
5.2	  4.487654
5.3	  3.5370371
5.4	  2.7839506
5.5	  2.191358
5.6	  1.7222222
5.7	  1.345679
5.8	  1.0432099
5.9	  0.80246913
6.0	  0.6419753
6.1	  0.49382716
6.2	  0.3888889
6.3	  0.30864197
6.4	  0.24074075
6.5	  0.18518518
6.6	  0.14814815
6.7	  0.11111111
6.8	  0.086419754
6.9	  0.06790123
7.0	  0.049382716
7.1	  0.037037037
7.2	  0.024691358
7.3	  0.018518519
7.4	  0.012345679
7.5	  0.012345679
7.6	  0.0061728396
7.7	  0.0061728396
7.8	  0.0
7.9	  0.0
8.0	  0.0
8.1	  0.0
8.2	  0.0
8.3	  0.0
8.4	  0.0
8.5	  0.0
8.6	  0.0
8.7	  0.0
8.8	  0.0
8.9	  0.0
9.0	  0.0



DATASET #4

     Name: 
   Points: 41
     Info: 

Data[x,y]:
5.0	  8.716049
5.1	  6.8950615
5.2	  5.4814816
5.3	  4.3333335
5.4	  3.4320989
5.5	  2.7098765
5.6	  2.1419754
5.7	  1.691358
5.8	  1.3333334
5.9	  1.037037
6.0	  0.8271605
6.1	  0.654321
6.2	  0.52469134
6.3	  0.42592594
6.4	  0.34567901
6.5	  0.27160493
6.6	  0.21604939
6.7	  0.17283951
6.8	  0.13580246
6.9	  0.11111111
7.0	  0.09259259
7.1	  0.074074075
7.2	  0.055555556
7.3	  0.043209877
7.4	  0.037037037
7.5	  0.024691358
7.6	  0.018518519
7.7	  0.012345679
7.8	  0.012345679
7.9	  0.0061728396
8.0	  0.0061728396
8.1	  0.0
8.2	  0.0
8.3	  0.0
8.4	  0.0
8.5	  0.0
8.6	  0.0
8.7	  0.0
8.8	  0.0
8.9	  0.0
9.0	  0.0



DATASET #5

     Name: 
   Points: 41
     Info: 

Data[x,y]:
5.0	  9.5
5.1	  7.54321
5.2	  6.012346
5.3	  4.7901235
5.4	  3.7962964
5.5	  3.0185184
5.6	  2.3950617
5.7	  1.8765432
5.8	  1.4938271
5.9	  1.1728395
6.0	  0.9444444
6.1	  0.74691355
6.2	  0.59876543
6.3	  0.49382716
6.4	  0.39506173
6.5	  0.32098764
6.6	  0.25925925
6.7	  0.2037037
6.8	  0.16666667
6.9	  0.13580246
7.0	  0.11111111
7.1	  0.086419754
7.2	  0.06790123
7.3	  0.061728396
7.4	  0.049382716
7.5	  0.037037037
7.6	  0.030864198
7.7	  0.018518519
7.8	  0.018518519
7.9	  0.012345679
8.0	  0.0061728396
8.1	  0.0061728396
8.2	  0.0061728396
8.3	  0.0
8.4	  0.0
8.5	  0.0
8.6	  0.0
8.7	  0.0
8.8	  0.0
8.9	  0.0
9.0	  0.0



DATASET #6

     Name: Median
   Points: 41
     Info: 

Data[x,y]:
5.0	  7.9012346
5.1	  6.259259
5.2	  4.95679
5.3	  3.919753
5.4	  3.0925925
5.5	  2.4444444
5.6	  1.925926
5.7	  1.5185186
5.8	  1.191358
5.9	  0.91358024
6.0	  0.72839504
6.1	  0.56790125
6.2	  0.45679012
6.3	  0.36419752
6.4	  0.29012346
6.5	  0.22839506
6.6	  0.18518518
6.7	  0.14197531
6.8	  0.11111111
6.9	  0.086419754
7.0	  0.06790123
7.1	  0.055555556
7.2	  0.043209877
7.3	  0.030864198
7.4	  0.024691358
7.5	  0.018518519
7.6	  0.012345679
7.7	  0.0061728396
7.8	  0.0061728396
7.9	  0.0061728396
8.0	  0.0
8.1	  0.0
8.2	  0.0
8.3	  0.0
8.4	  0.0
8.5	  0.0
8.6	  0.0
8.7	  0.0
8.8	  0.0
8.9	  0.0
9.0	  0.0



DATASET #7

     Name: Mode
   Points: 41
     Info: 

Data[x,y]:
5.0	  7.9753084
5.1	  6.462963
5.2	  4.9691358
5.3	  3.9567902
5.4	  3.1728394
5.5	  2.4814816
5.6	  1.8827161
5.7	  1.537037
5.8	  1.1481482
5.9	  0.95679015
6.0	  0.6851852
6.1	  0.537037
6.2	  0.44444445
6.3	  0.34567901
6.4	  0.30246913
6.5	  0.21604939
6.6	  0.16666667
6.7	  0.12962963
6.8	  0.11728395
6.9	  0.09259259
7.0	  0.06790123
7.1	  0.055555556
7.2	  0.037037037
7.3	  0.024691358
7.4	  0.024691358
7.5	  0.018518519
7.6	  0.012345679
7.7	  0.0061728396
7.8	  0.0061728396
7.9	  0.0
8.0	  0.0
8.1	  0.0
8.2	  0.0
8.3	  0.0
8.4	  0.0
8.5	  0.0
8.6	  0.0
8.7	  0.0
8.8	  0.0
8.9	  0.0
9.0	  0.0



DATASET #8

     Name: Std. Dev.
   Points: 41
     Info: 

Data[x,y]:
5.0	  0.7642684
5.1	  0.61363435
5.2	  0.49698704
5.3	  0.4003294
5.4	  0.32252786
5.5	  0.26312107
5.6	  0.21348375
5.7	  0.17385623
5.8	  0.14191246
5.9	  0.11570865
6.0	  0.096318625
6.1	  0.08076356
6.2	  0.068824686
6.3	  0.059088543
6.4	  0.05020328
6.5	  0.042941958
6.6	  0.036410768
6.7	  0.03118887
6.8	  0.026269661
6.9	  0.02243969
7.0	  0.018853148
7.1	  0.016676623
7.2	  0.0138894785
7.3	  0.012167604
7.4	  0.0107273245
7.5	  0.0088006165
7.6	  0.007105487
7.7	  0.005652094
7.8	  0.004640948
7.9	  0.003707987
8.0	  0.002990044
8.1	  0.002155203
8.2	  0.0014877496
8.3	  6.6124974E-4
8.4	  0.0
8.5	  0.0
8.6	  0.0
8.7	  0.0
8.8	  0.0
8.9	  0.0
9.0	  0.0


