
X-Axis: Magnitude
Y-Axis: Cumulative Annual Rate
Number of Data Sets: 8


DATASET #1

     Name: Mean
   Points: 41
     Info: 

Data[x,y]:
5.0	  7.9326067
5.1	  6.2822223
5.2	  4.974564
5.3	  3.9336495
5.4	  3.1076667
5.5	  2.453171
5.6	  1.9336838
5.7	  1.5193504
5.8	  1.1915555
5.9	  0.9165385
6.0	  0.7343077
6.1	  0.5723162
6.2	  0.4575812
6.3	  0.36774358
6.4	  0.2927436
6.5	  0.22802565
6.6	  0.18145299
6.7	  0.14111966
6.8	  0.1124188
6.9	  0.08918803
7.0	  0.07057265
7.1	  0.05405983
7.2	  0.040982906
7.3	  0.032991454
7.4	  0.025786325
7.5	  0.018094016
7.6	  0.013444444
7.7	  0.009205128
7.8	  0.0064615384
7.9	  0.0035982905
8.0	  0.0018547009
8.1	  8.717949E-4
8.2	  3.931624E-4
8.3	  8.5470085E-5
8.4	  0.0
8.5	  0.0
8.6	  0.0
8.7	  0.0
8.8	  0.0
8.9	  0.0
9.0	  0.0



DATASET #2

     Name: 2.5%,97.5%
   Points: 41
     Info: 

Data[x,y]:
5.0	  7.232
5.1	  5.72
5.2	  4.492
5.3	  3.508
5.4	  2.762
5.5	  2.188
5.6	  1.736
5.7	  1.346
5.8	  1.06
5.9	  0.81
6.0	  0.652
6.1	  0.504
6.2	  0.398
6.3	  0.318
6.4	  0.248
6.5	  0.194
6.6	  0.152
6.7	  0.114
6.8	  0.088
6.9	  0.068
7.0	  0.056
7.1	  0.038
7.2	  0.026
7.3	  0.022
7.4	  0.014
7.5	  0.01
7.6	  0.008
7.7	  0.004
7.8	  0.002
7.9	  0.0
8.0	  0.0
8.1	  0.0
8.2	  0.0
8.3	  0.0
8.4	  0.0
8.5	  0.0
8.6	  0.0
8.7	  0.0
8.8	  0.0
8.9	  0.0
9.0	  0.0



DATASET #3

     Name: null
   Points: 41
     Info: 

Data[x,y]:
5.0	  8.638
5.1	  6.872
5.2	  5.472
5.3	  4.318
5.4	  3.416
5.5	  2.708
5.6	  2.142
5.7	  1.678
5.8	  1.332
5.9	  1.026
6.0	  0.822
6.1	  0.648
6.2	  0.526
6.3	  0.428
6.4	  0.342
6.5	  0.268
6.6	  0.216
6.7	  0.17
6.8	  0.138
6.9	  0.11
7.0	  0.088
7.1	  0.072
7.2	  0.054
7.3	  0.044
7.4	  0.038
7.5	  0.028
7.6	  0.02
7.7	  0.014
7.8	  0.012
7.9	  0.008
8.0	  0.004
8.1	  0.004
8.2	  0.002
8.3	  0.002
8.4	  0.0
8.5	  0.0
8.6	  0.0
8.7	  0.0
8.8	  0.0
8.9	  0.0
9.0	  0.0



DATASET #4

     Name: Median
   Points: 41
     Info: 

Data[x,y]:
5.0	  7.916
5.1	  6.276
5.2	  4.956
5.3	  3.926
5.4	  3.102
5.5	  2.45
5.6	  1.936
5.7	  1.51
5.8	  1.19
5.9	  0.916
6.0	  0.732
6.1	  0.572
6.2	  0.458
6.3	  0.366
6.4	  0.292
6.5	  0.228
6.6	  0.18
6.7	  0.142
6.8	  0.112
6.9	  0.09
7.0	  0.07
7.1	  0.054
7.2	  0.04
7.3	  0.034
7.4	  0.026
7.5	  0.018
7.6	  0.014
7.7	  0.008
7.8	  0.006
7.9	  0.004
8.0	  0.002
8.1	  0.0
8.2	  0.0
8.3	  0.0
8.4	  0.0
8.5	  0.0
8.6	  0.0
8.7	  0.0
8.8	  0.0
8.9	  0.0
9.0	  0.0



DATASET #5

     Name: Mode
   Points: 41
     Info: 

Data[x,y]:
5.0	  8.136
5.1	  6.384
5.2	  4.908
5.3	  3.772
5.4	  3.12
5.5	  2.346
5.6	  1.88
5.7	  1.502
5.8	  1.156
5.9	  0.914
6.0	  0.724
6.1	  0.59
6.2	  0.462
6.3	  0.364
6.4	  0.284
6.5	  0.226
6.6	  0.194
6.7	  0.144
6.8	  0.11
6.9	  0.092
7.0	  0.074
7.1	  0.052
7.2	  0.036
7.3	  0.034
7.4	  0.024
7.5	  0.018
7.6	  0.014
7.7	  0.008
7.8	  0.006
7.9	  0.004
8.0	  0.002
8.1	  0.0
8.2	  0.0
8.3	  0.0
8.4	  0.0
8.5	  0.0
8.6	  0.0
8.7	  0.0
8.8	  0.0
8.9	  0.0
9.0	  0.0



DATASET #6

     Name: 500 yr Prob
   Points: 41
     Info: 

Data[x,y]:
5.0	  1.0
5.1	  1.0
5.2	  1.0
5.3	  1.0
5.4	  1.0
5.5	  1.0
5.6	  1.0
5.7	  1.0
5.8	  1.0
5.9	  1.0
6.0	  1.0
6.1	  1.0
6.2	  1.0
6.3	  1.0
6.4	  1.0
6.5	  1.0
6.6	  1.0
6.7	  1.0
6.8	  1.0
6.9	  1.0
7.0	  1.0
7.1	  1.0
7.2	  1.0
7.3	  1.0
7.4	  1.0
7.5	  1.0
7.6	  1.0
7.7	  1.0
7.8	  0.991453
7.9	  0.9102564
8.0	  0.67094016
8.1	  0.3846154
8.2	  0.1923077
8.3	  0.042735044
8.4	  0.0
8.5	  0.0
8.6	  0.0
8.7	  0.0
8.8	  0.0
8.9	  0.0
9.0	  0.0



DATASET #7

Name: 95% Conf
Num Points: 41
Info: 

X, Y Data:
5.0	1.0	[1.0	1.0]
5.1	1.0	[1.0	1.0]
5.2	1.0	[1.0	1.0]
5.3	1.0	[1.0	1.0]
5.4	1.0	[1.0	1.0]
5.5	1.0	[1.0	1.0]
5.6	1.0	[1.0	1.0]
5.7	1.0	[1.0	1.0]
5.8	1.0	[1.0	1.0]
5.9	1.0	[1.0	1.0]
6.0	1.0	[1.0	1.0]
6.1	1.0	[1.0	1.0]
6.2	1.0	[1.0	1.0]
6.3	1.0	[1.0	1.0]
6.4	1.0	[1.0	1.0]
6.5	1.0	[1.0	1.0]
6.6	1.0	[1.0	1.0]
6.7	1.0	[1.0	1.0]
6.8	1.0	[1.0	1.0]
6.9	1.0	[1.0	1.0]
7.0	1.0	[1.0	1.0]
7.1	1.0	[1.0	1.0]
7.2	1.0	[1.0	1.0]
7.3	1.0	[1.0	1.0]
7.4	1.0	[1.0	1.0]
7.5	1.0	[1.0	1.0]
7.6	1.0	[1.0	1.0]
7.7	1.0	[1.0	1.0]
7.8	0.991453	[0.9661425	0.9985182]
7.9	0.9102564	[0.8642297	0.94227564]
8.0	0.67094016	[0.60620064	0.72996354]
8.1	0.3846154	[0.32258278	0.45050204]
8.2	0.1923077	[0.14505006	0.24992011]
8.3	0.042735044	[0.02186171	0.0795412]
8.4	0.0	[0.0	0.0]
8.5	0.0	[0.0	0.0]
8.6	0.0	[0.0	0.0]
8.7	0.0	[0.0	0.0]
8.8	0.0	[0.0	0.0]
8.9	0.0	[0.0	0.0]
9.0	0.0	[0.0	0.0]



DATASET #8

     Name: Supra
   Points: 41
     Info: 

Data[x,y]:
5.0	  1.0
5.1	  1.0
5.2	  1.0
5.3	  1.0
5.4	  1.0
5.5	  1.0
5.6	  1.0
5.7	  1.0
5.8	  1.0
5.9	  1.0
6.0	  1.0
6.1	  1.0
6.2	  1.0
6.3	  1.0
6.4	  1.0
6.5	  1.0
6.6	  1.0
6.7	  1.0
6.8	  1.0
6.9	  1.0
7.0	  1.0
7.1	  1.0
7.2	  1.0
7.3	  1.0
7.4	  1.0
7.5	  1.0
7.6	  1.0
7.7	  1.0
7.8	  0.991453
7.9	  0.9102564
8.0	  0.67094016
8.1	  0.3846154
8.2	  0.1923077
8.3	  0.042735044
8.4	  0.0
8.5	  0.0
8.6	  0.0
8.7	  0.0
8.8	  0.0
8.9	  0.0
9.0	  0.0


