
X-Axis: Duration (years)
Y-Axis: Cumulative Annual Rate (1/yr)
Number of Data Sets: 8


DATASET #1

Name: Mean
Num Points: 30
Info: 

X, Y Data:
1.0	2271.1494
4.0	2271.1494
8.0	2270.236
12.0	2270.6057
16.0	2270.236
20.0	2271.1494
24.0	2271.0542
28.0	2271.4736
32.0	2271.0542
36.0	2272.5227
40.0	2271.0542
44.0	2271.1428
48.0	2271.0542
52.0	2272.5227
56.0	2274.6675
60.0	2271.0542
64.0	2274.6675
68.0	2271.4736
72.0	2275.0347
76.0	2273.378
80.0	2271.0542
84.0	2274.3035
88.0	2274.3525
92.0	2272.7964
96.0	2271.0542
100.0	2271.1494
200.0	2275.346
300.0	2280.7227
400.0	2275.346
500.0	2271.1494



DATASET #2

Name: 2.5%,16%,84%,97.5%
Num Points: 30
Info: 

X, Y Data:
1.0	1263.0
4.0	1376.75
8.0	1442.5
12.0	1483.4166
16.0	1517.625
20.0	1540.4
24.0	1562.7916
28.0	1586.9286
32.0	1606.9688
36.0	1625.7778
40.0	1626.6
44.0	1647.841
48.0	1654.3541
52.0	1685.0385
56.0	1690.3572
60.0	1702.8
64.0	1719.3125
68.0	1723.4117
72.0	1739.9166
76.0	1764.3158
80.0	1754.05
84.0	1772.0714
88.0	1785.0682
92.0	1791.0435
96.0	1795.0521
100.0	1795.63
200.0	1948.495
300.0	2053.4
400.0	2055.7124
500.0	2079.892



DATASET #3

Name: 
Num Points: 30
Info: 

X, Y Data:
1.0	1428.0
4.0	1549.25
8.0	1623.125
12.0	1674.0
16.0	1711.0625
20.0	1738.3
24.0	1765.6666
28.0	1788.7858
32.0	1808.2188
36.0	1824.7222
40.0	1838.175
44.0	1858.0682
48.0	1869.6666
52.0	1887.4807
56.0	1897.0178
60.0	1913.6
64.0	1922.0312
68.0	1920.9706
72.0	1933.8889
76.0	1945.0922
80.0	1953.875
84.0	1965.9524
88.0	1970.2727
92.0	1974.7283
96.0	1980.2291
100.0	1988.76
200.0	2096.64
300.0	2142.7266
400.0	2172.3474
500.0	2181.056



DATASET #4

Name: 
Num Points: 30
Info: 

X, Y Data:
1.0	2616.0
4.0	2758.0
8.0	2811.875
12.0	2839.5833
16.0	2831.6875
20.0	2815.6
24.0	2768.0417
28.0	2759.8572
32.0	2736.4375
36.0	2718.4443
40.0	2702.2
44.0	2692.6592
48.0	2671.5
52.0	2665.4807
56.0	2640.4106
60.0	2650.0833
64.0	2636.0312
68.0	2624.4119
72.0	2610.361
76.0	2591.6711
80.0	2594.5625
84.0	2600.274
88.0	2570.5
92.0	2574.7065
96.0	2553.3438
100.0	2553.75
200.0	2451.465
300.0	2422.1633
400.0	2380.4026
500.0	2361.144



DATASET #5

Name: 
Num Points: 30
Info: 

X, Y Data:
1.0	6774.0
4.0	6036.5
8.0	5101.75
12.0	4595.3335
16.0	4281.5
20.0	4058.9
24.0	3904.875
28.0	3768.4644
32.0	3647.1562
36.0	3535.861
40.0	3451.3
44.0	3352.4092
48.0	3313.6875
52.0	3231.0576
56.0	3197.4644
60.0	3146.45
64.0	3136.6875
68.0	3046.9707
72.0	3041.486
76.0	2998.092
80.0	2954.875
84.0	2955.262
88.0	2916.307
92.0	2874.3914
96.0	2839.7395
100.0	2852.08
200.0	2613.135
300.0	2535.17
400.0	2495.185
500.0	2467.098



DATASET #6

Name: Median
Num Points: 30
Info: 

X, Y Data:
1.0	1737.0
4.0	1881.5
8.0	1964.0
12.0	2015.8334
16.0	2055.8125
20.0	2083.65
24.0	2109.9167
28.0	2129.1428
32.0	2149.6562
36.0	2154.4167
40.0	2173.975
44.0	2181.3865
48.0	2192.3333
52.0	2205.8655
56.0	2216.8928
60.0	2216.2834
64.0	2223.2812
68.0	2230.8823
72.0	2241.625
76.0	2240.842
80.0	2237.35
84.0	2239.1904
88.0	2246.0454
92.0	2250.6956
96.0	2252.9792
100.0	2254.58
200.0	2267.63
300.0	2276.97
400.0	2272.6975
500.0	2267.622



DATASET #7

Name: Mode
Num Points: 30
Info: 

X, Y Data:
1.0	1495.0
4.0	1638.5
8.0	1711.875
12.0	1823.0
16.0	2079.0625
20.0	1883.05
24.0	1711.0834
28.0	1976.5358
32.0	2087.0625
36.0	2221.4167
40.0	2031.0
44.0	2094.5908
48.0	2045.9584
52.0	2122.4038
56.0	2142.0894
60.0	2059.1667
64.0	2100.7812
68.0	2156.8088
72.0	2230.5417
76.0	2088.408
80.0	2266.55
84.0	2227.8215
88.0	2318.682
92.0	2336.2173
96.0	2334.9792
100.0	2248.15
200.0	2299.7
300.0	2276.97
400.0	2272.6975
500.0	2267.622



DATASET #8

Name: Std. Dev.
Num Points: 30
Info: 

X, Y Data:
1.0	2272.5735
4.0	1305.9084
8.0	978.3883
12.0	820.63257
16.0	721.077
20.0	656.1288
24.0	601.73895
28.0	559.91565
32.0	521.78845
36.0	497.71576
40.0	467.8859
44.0	444.07916
48.0	428.3089
52.0	403.84943
56.0	391.52307
60.0	374.25354
64.0	366.0895
68.0	355.5713
72.0	341.57028
76.0	322.56665
80.0	319.24
84.0	310.77975
88.0	297.85208
92.0	290.03812
96.0	284.82498
100.0	280.13202
200.0	174.54684
300.0	132.99078
400.0	109.93247
500.0	97.05069


