
X-Axis: Magnitude
Y-Axis: 100 Year Cumulative Number
Number of Data Sets: 9


DATASET #1

     Name: Mean
   Points: 41
     Info: 

Data[x,y]:
5.0	  68.16429
5.1	  53.981888
5.2	  42.815006
5.3	  33.711514
5.4	  26.663649
5.5	  21.01035
5.6	  16.439844
5.7	  12.688228
5.8	  9.847348
5.9	  7.377749
6.0	  5.789133
6.1	  4.313066
6.2	  3.518758
6.3	  2.8305304
6.4	  2.228978
6.5	  1.7309185
6.6	  1.3544631
6.7	  1.0051746
6.8	  0.76326
6.9	  0.6002587
7.0	  0.47736093
7.1	  0.34540752
7.2	  0.26649418
7.3	  0.20957309
7.4	  0.1759379
7.5	  0.12031048
7.6	  0.09184994
7.7	  0.055627424
7.8	  0.043984476
7.9	  0.0232859
8.0	  0.0090556275
8.1	  0.0
8.2	  0.0
8.3	  0.0
8.4	  0.0
8.5	  0.0
8.6	  0.0
8.7	  0.0
8.8	  0.0
8.9	  0.0
9.0	  0.0



DATASET #2

     Name: 2.5%,97.5%
   Points: 41
     Info: 

Data[x,y]:
5.0	  28.0
5.1	  22.0
5.2	  16.0
5.3	  13.0
5.4	  9.0
5.5	  6.0
5.6	  4.0
5.7	  3.0
5.8	  2.0
5.9	  1.0
6.0	  1.0
6.1	  0.0
6.2	  0.0
6.3	  0.0
6.4	  0.0
6.5	  0.0
6.6	  0.0
6.7	  0.0
6.8	  0.0
6.9	  0.0
7.0	  0.0
7.1	  0.0
7.2	  0.0
7.3	  0.0
7.4	  0.0
7.5	  0.0
7.6	  0.0
7.7	  0.0
7.8	  0.0
7.9	  0.0
8.0	  0.0
8.1	  0.0
8.2	  0.0
8.3	  0.0
8.4	  0.0
8.5	  0.0
8.6	  0.0
8.7	  0.0
8.8	  0.0
8.9	  0.0
9.0	  0.0



DATASET #3

     Name: null
   Points: 41
     Info: 

Data[x,y]:
5.0	  196.0
5.1	  166.0
5.2	  129.0
5.3	  98.0
5.4	  76.0
5.5	  61.0
5.6	  47.0
5.7	  35.0
5.8	  25.0
5.9	  19.0
6.0	  16.0
6.1	  12.0
6.2	  10.0
6.3	  8.0
6.4	  7.0
6.5	  5.0
6.6	  5.0
6.7	  4.0
6.8	  3.0
6.9	  3.0
7.0	  2.0
7.1	  2.0
7.2	  2.0
7.3	  1.0
7.4	  1.0
7.5	  1.0
7.6	  1.0
7.7	  1.0
7.8	  1.0
7.9	  0.0
8.0	  0.0
8.1	  0.0
8.2	  0.0
8.3	  0.0
8.4	  0.0
8.5	  0.0
8.6	  0.0
8.7	  0.0
8.8	  0.0
8.9	  0.0
9.0	  0.0



DATASET #4

     Name: Median
   Points: 41
     Info: 

Data[x,y]:
5.0	  54.0
5.1	  43.0
5.2	  35.0
5.3	  28.0
5.4	  22.0
5.5	  17.0
5.6	  14.0
5.7	  10.0
5.8	  8.0
5.9	  6.0
6.0	  5.0
6.1	  4.0
6.2	  3.0
6.3	  2.0
6.4	  2.0
6.5	  1.0
6.6	  1.0
6.7	  1.0
6.8	  0.0
6.9	  0.0
7.0	  0.0
7.1	  0.0
7.2	  0.0
7.3	  0.0
7.4	  0.0
7.5	  0.0
7.6	  0.0
7.7	  0.0
7.8	  0.0
7.9	  0.0
8.0	  0.0
8.1	  0.0
8.2	  0.0
8.3	  0.0
8.4	  0.0
8.5	  0.0
8.6	  0.0
8.7	  0.0
8.8	  0.0
8.9	  0.0
9.0	  0.0



DATASET #5

     Name: Mode
   Points: 41
     Info: 

Data[x,y]:
5.0	  41.0
5.1	  33.0
5.2	  37.0
5.3	  21.0
5.4	  16.0
5.5	  13.0
5.6	  10.0
5.7	  9.0
5.8	  8.0
5.9	  3.0
6.0	  3.0
6.1	  2.0
6.2	  2.0
6.3	  2.0
6.4	  1.0
6.5	  1.0
6.6	  1.0
6.7	  0.0
6.8	  0.0
6.9	  0.0
7.0	  0.0
7.1	  0.0
7.2	  0.0
7.3	  0.0
7.4	  0.0
7.5	  0.0
7.6	  0.0
7.7	  0.0
7.8	  0.0
7.9	  0.0
8.0	  0.0
8.1	  0.0
8.2	  0.0
8.3	  0.0
8.4	  0.0
8.5	  0.0
8.6	  0.0
8.7	  0.0
8.8	  0.0
8.9	  0.0
9.0	  0.0



DATASET #6

     Name: 100 yr Prob
   Points: 41
     Info: 

Data[x,y]:
5.0	  1.0
5.1	  1.0
5.2	  1.0
5.3	  1.0
5.4	  1.0
5.5	  1.0
5.6	  1.0
5.7	  1.0
5.8	  0.99870634
5.9	  0.9896507
6.0	  0.97800773
6.1	  0.94566625
6.2	  0.9288486
6.3	  0.89650714
6.4	  0.843467
6.5	  0.77360934
6.6	  0.6921087
6.7	  0.5912031
6.8	  0.49935317
6.9	  0.43725744
7.0	  0.3661061
7.1	  0.28978008
7.2	  0.22897801
7.3	  0.18240622
7.4	  0.15394567
7.5	  0.104786545
7.6	  0.08020698
7.7	  0.051746443
7.8	  0.041397154
7.9	  0.0232859
8.0	  0.0090556275
8.1	  0.0
8.2	  0.0
8.3	  0.0
8.4	  0.0
8.5	  0.0
8.6	  0.0
8.7	  0.0
8.8	  0.0
8.9	  0.0
9.0	  0.0



DATASET #7

Name: 95% Conf
Num Points: 41
Info: 

X, Y Data:
5.0	1.0	[1.0	1.0]
5.1	1.0	[1.0	1.0]
5.2	1.0	[1.0	1.0]
5.3	1.0	[1.0	1.0]
5.4	1.0	[1.0	1.0]
5.5	1.0	[1.0	1.0]
5.6	1.0	[1.0	1.0]
5.7	1.0	[1.0	1.0]
5.8	0.99870634	[0.99164134	0.99993247]
5.9	0.9896507	[0.97886384	0.99518]
6.0	0.97800773	[0.9642769	0.98672336]
6.1	0.94566625	[0.926639	0.96010935]
6.2	0.9288486	[0.9078074	0.94549847]
6.3	0.89650714	[0.8723345	0.9166408]
6.4	0.843467	[0.8154738	0.86797786]
6.5	0.77360934	[0.74212277	0.8023307]
6.6	0.6921087	[0.6580203	0.7242594]
6.7	0.5912031	[0.55552614	0.62596124]
6.8	0.49935317	[0.46355197	0.5351609]
6.9	0.43725744	[0.4020455	0.47310138]
7.0	0.3661061	[0.33225396	0.40130758]
7.1	0.28978008	[0.2582779	0.32340333]
7.2	0.22897801	[0.20012599	0.26056883]
7.3	0.18240622	[0.15616818	0.21185966]
7.4	0.15394567	[0.12962018	0.18178034]
7.5	0.104786545	[0.08452908	0.12906912]
7.6	0.08020698	[0.0624962	0.10220874]
7.7	0.051746443	[0.037676264	0.070431344]
7.8	0.041397154	[0.028933715	0.05860204]
7.9	0.0232859	[0.0142762745	0.037289724]
8.0	0.0090556275	[0.0039737253	0.019434124]
8.1	0.0	[0.0	0.006164885]
8.2	0.0	[0.0	0.006164885]
8.3	0.0	[0.0	0.006164885]
8.4	0.0	[0.0	0.0]
8.5	0.0	[0.0	0.0]
8.6	0.0	[0.0	0.0]
8.7	0.0	[0.0	0.0]
8.8	0.0	[0.0	0.0]
8.9	0.0	[0.0	0.0]
9.0	0.0	[0.0	0.0]



DATASET #8

     Name: Supra
   Points: 41
     Info: 

Data[x,y]:
5.0	  0.9288486
5.1	  0.9288486
5.2	  0.9288486
5.3	  0.9288486
5.4	  0.9288486
5.5	  0.9288486
5.6	  0.9288486
5.7	  0.9288486
5.8	  0.9288486
5.9	  0.9172057
6.0	  0.9133247
6.1	  0.8706339
6.2	  0.8538163
6.3	  0.8240621
6.4	  0.77619666
6.5	  0.71280724
6.6	  0.6545925
6.7	  0.55886155
6.8	  0.4644243
6.9	  0.41009057
7.0	  0.34540752
7.1	  0.2690815
7.2	  0.21862872
7.3	  0.17723157
7.4	  0.15135835
7.5	  0.103492886
7.6	  0.08020698
7.7	  0.051746443
7.8	  0.041397154
7.9	  0.0232859
8.0	  0.0090556275
8.1	  0.0
8.2	  0.0
8.3	  0.0
8.4	  0.0
8.5	  0.0
8.6	  0.0
8.7	  0.0
8.8	  0.0
8.9	  0.0
9.0	  0.0



DATASET #9

     Name: Primary
   Points: 41
     Info: 

Data[x,y]:
5.0	  23.015524
5.1	  18.41656
5.2	  14.734799
5.3	  11.662354
5.4	  9.341527
5.5	  7.5187583
5.6	  6.0245795
5.7	  4.781371
5.8	  3.8486416
5.9	  2.992238
6.0	  2.415265
6.1	  1.8421733
6.2	  1.5394566
6.3	  1.2600259
6.4	  1.0025873
6.5	  0.7839586
6.6	  0.6287193
6.7	  0.47347996
6.8	  0.36739975
6.9	  0.2988357
7.0	  0.23544632
7.1	  0.17335059
7.2	  0.13971539
7.3	  0.11513583
7.4	  0.095730916
7.5	  0.054333765
7.6	  0.038809832
7.7	  0.025873221
7.8	  0.020698577
7.9	  0.0090556275
8.0	  0.0038809832
8.1	  0.0
8.2	  0.0
8.3	  0.0
8.4	  0.0
8.5	  0.0
8.6	  0.0
8.7	  0.0
8.8	  0.0
8.9	  0.0
9.0	  0.0


