
X-Axis: Magnitude
Y-Axis: 10 Year Cumulative Number
Number of Data Sets: 9


DATASET #1

     Name: Mean
   Points: 41
     Info: 

Data[x,y]:
5.0	  13.043984
5.1	  10.319534
5.2	  8.217335
5.3	  6.454075
5.4	  5.1604137
5.5	  4.0401034
5.6	  3.1798189
5.7	  2.4928849
5.8	  1.927555
5.9	  1.4100906
6.0	  1.0996119
6.1	  0.83182406
6.2	  0.698577
6.3	  0.56403625
6.4	  0.43984476
6.5	  0.34670117
6.6	  0.27425614
6.7	  0.19663648
6.8	  0.14877102
6.9	  0.10866753
7.0	  0.07891332
7.1	  0.056921087
7.2	  0.038809832
7.3	  0.032341525
7.4	  0.025873221
7.5	  0.016817594
7.6	  0.012936611
7.7	  0.0077619664
7.8	  0.0038809832
7.9	  0.0025873221
8.0	  0.0
8.1	  0.0
8.2	  0.0
8.3	  0.0
8.4	  0.0
8.5	  0.0
8.6	  0.0
8.7	  0.0
8.8	  0.0
8.9	  0.0
9.0	  0.0



DATASET #2

     Name: 2.5%,97.5%
   Points: 41
     Info: 

Data[x,y]:
5.0	  3.0
5.1	  2.0
5.2	  1.0
5.3	  1.0
5.4	  0.0
5.5	  0.0
5.6	  0.0
5.7	  0.0
5.8	  0.0
5.9	  0.0
6.0	  0.0
6.1	  0.0
6.2	  0.0
6.3	  0.0
6.4	  0.0
6.5	  0.0
6.6	  0.0
6.7	  0.0
6.8	  0.0
6.9	  0.0
7.0	  0.0
7.1	  0.0
7.2	  0.0
7.3	  0.0
7.4	  0.0
7.5	  0.0
7.6	  0.0
7.7	  0.0
7.8	  0.0
7.9	  0.0
8.0	  0.0
8.1	  0.0
8.2	  0.0
8.3	  0.0
8.4	  0.0
8.5	  0.0
8.6	  0.0
8.7	  0.0
8.8	  0.0
8.9	  0.0
9.0	  0.0



DATASET #3

     Name: null
   Points: 41
     Info: 

Data[x,y]:
5.0	  42.0
5.1	  33.0
5.2	  27.0
5.3	  21.0
5.4	  17.0
5.5	  14.0
5.6	  10.0
5.7	  8.0
5.8	  7.0
5.9	  5.0
6.0	  4.0
6.1	  3.0
6.2	  3.0
6.3	  3.0
6.4	  2.0
6.5	  2.0
6.6	  2.0
6.7	  1.0
6.8	  1.0
6.9	  1.0
7.0	  1.0
7.1	  1.0
7.2	  1.0
7.3	  1.0
7.4	  0.0
7.5	  0.0
7.6	  0.0
7.7	  0.0
7.8	  0.0
7.9	  0.0
8.0	  0.0
8.1	  0.0
8.2	  0.0
8.3	  0.0
8.4	  0.0
8.5	  0.0
8.6	  0.0
8.7	  0.0
8.8	  0.0
8.9	  0.0
9.0	  0.0



DATASET #4

     Name: Median
   Points: 41
     Info: 

Data[x,y]:
5.0	  10.0
5.1	  8.0
5.2	  6.0
5.3	  5.0
5.4	  4.0
5.5	  3.0
5.6	  2.0
5.7	  2.0
5.8	  1.0
5.9	  1.0
6.0	  1.0
6.1	  0.0
6.2	  0.0
6.3	  0.0
6.4	  0.0
6.5	  0.0
6.6	  0.0
6.7	  0.0
6.8	  0.0
6.9	  0.0
7.0	  0.0
7.1	  0.0
7.2	  0.0
7.3	  0.0
7.4	  0.0
7.5	  0.0
7.6	  0.0
7.7	  0.0
7.8	  0.0
7.9	  0.0
8.0	  0.0
8.1	  0.0
8.2	  0.0
8.3	  0.0
8.4	  0.0
8.5	  0.0
8.6	  0.0
8.7	  0.0
8.8	  0.0
8.9	  0.0
9.0	  0.0



DATASET #5

     Name: Mode
   Points: 41
     Info: 

Data[x,y]:
5.0	  8.0
5.1	  6.0
5.2	  4.0
5.3	  3.0
5.4	  3.0
5.5	  3.0
5.6	  2.0
5.7	  1.0
5.8	  1.0
5.9	  0.0
6.0	  0.0
6.1	  0.0
6.2	  0.0
6.3	  0.0
6.4	  0.0
6.5	  0.0
6.6	  0.0
6.7	  0.0
6.8	  0.0
6.9	  0.0
7.0	  0.0
7.1	  0.0
7.2	  0.0
7.3	  0.0
7.4	  0.0
7.5	  0.0
7.6	  0.0
7.7	  0.0
7.8	  0.0
7.9	  0.0
8.0	  0.0
8.1	  0.0
8.2	  0.0
8.3	  0.0
8.4	  0.0
8.5	  0.0
8.6	  0.0
8.7	  0.0
8.8	  0.0
8.9	  0.0
9.0	  0.0



DATASET #6

     Name: 10 yr Prob
   Points: 41
     Info: 

Data[x,y]:
5.0	  1.0
5.1	  0.9974127
5.2	  0.9896507
5.3	  0.9818888
5.4	  0.9637775
5.5	  0.9301423
5.6	  0.87580854
5.7	  0.8098318
5.8	  0.7438551
5.9	  0.64683056
6.0	  0.57309186
6.1	  0.49935317
6.2	  0.44243208
6.3	  0.38033634
6.4	  0.31953427
6.5	  0.26649418
6.6	  0.2225097
6.7	  0.16429496
6.8	  0.12677878
6.9	  0.09831824
7.0	  0.07115136
7.1	  0.053040102
7.2	  0.03622251
7.3	  0.029754205
7.4	  0.02457956
7.5	  0.015523933
7.6	  0.012936611
7.7	  0.0077619664
7.8	  0.0038809832
7.9	  0.0025873221
8.0	  0.0
8.1	  0.0
8.2	  0.0
8.3	  0.0
8.4	  0.0
8.5	  0.0
8.6	  0.0
8.7	  0.0
8.8	  0.0
8.9	  0.0
9.0	  0.0



DATASET #7

Name: 95% Conf
Num Points: 41
Info: 

X, Y Data:
5.0	1.0	[1.0	1.0]
5.1	0.9974127	[0.98962134	0.9995517]
5.2	0.9896507	[0.97886384	0.99518]
5.3	0.9818888	[0.96902925	0.98966515]
5.4	0.9637775	[0.94739246	0.97535425]
5.5	0.9301423	[0.90924466	0.94663405]
5.6	0.87580854	[0.8499887	0.8978087]
5.7	0.8098318	[0.77998126	0.83654666]
5.8	0.7438551	[0.71126103	0.7739869]
5.9	0.64683056	[0.61182845	0.6803526]
6.0	0.57309186	[0.53729504	0.6081524]
6.1	0.49935317	[0.46355197	0.5351609]
6.2	0.44243208	[0.40715018	0.47829384]
6.3	0.38033634	[0.34615147	0.41572708]
6.4	0.31953427	[0.2869977	0.35389075]
6.5	0.26649418	[0.2359167	0.29942888]
6.6	0.2225097	[0.1939873	0.2538369]
6.7	0.16429496	[0.13924235	0.19274962]
6.8	0.12677878	[0.10456101	0.15278906]
6.9	0.09831824	[0.07868998	0.12204083]
7.0	0.07115136	[0.054501537	0.092192605]
7.1	0.053040102	[0.038782172	0.071897395]
7.2	0.03622251	[0.024645725	0.05260755]
7.3	0.029754205	[0.019387225	0.04501799]
7.4	0.02457956	[0.015284186	0.03884869]
7.5	0.015523933	[0.008431321	0.02775023]
7.6	0.012936611	[0.0065871063	0.02447682]
7.7	0.0077619664	[0.003159096	0.017705856]
7.8	0.0038809832	[0.0010028307	0.012297093]
7.9	0.0025873221	[4.4826293E-4	0.01037864]
8.0	0.0	[0.0	0.006164885]
8.1	0.0	[0.0	0.006164885]
8.2	0.0	[0.0	0.006164885]
8.3	0.0	[0.0	0.006164885]
8.4	0.0	[0.0	0.0]
8.5	0.0	[0.0	0.0]
8.6	0.0	[0.0	0.0]
8.7	0.0	[0.0	0.0]
8.8	0.0	[0.0	0.0]
8.9	0.0	[0.0	0.0]
9.0	0.0	[0.0	0.0]



DATASET #8

     Name: Supra
   Points: 41
     Info: 

Data[x,y]:
5.0	  0.4553687
5.1	  0.4553687
5.2	  0.4553687
5.3	  0.4553687
5.4	  0.4553687
5.5	  0.4553687
5.6	  0.4553687
5.7	  0.4553687
5.8	  0.4553687
5.9	  0.42302716
6.0	  0.41397154
6.1	  0.37386805
6.2	  0.34540752
6.3	  0.3027167
6.4	  0.25614488
6.5	  0.21474774
6.6	  0.18499354
6.7	  0.14359638
6.8	  0.11125485
6.9	  0.08926261
7.0	  0.06597672
7.1	  0.0465718
7.2	  0.033635188
7.3	  0.029754205
7.4	  0.02457956
7.5	  0.015523933
7.6	  0.012936611
7.7	  0.0077619664
7.8	  0.0038809832
7.9	  0.0025873221
8.0	  0.0
8.1	  0.0
8.2	  0.0
8.3	  0.0
8.4	  0.0
8.5	  0.0
8.6	  0.0
8.7	  0.0
8.8	  0.0
8.9	  0.0
9.0	  0.0



DATASET #9

     Name: Primary
   Points: 41
     Info: 

Data[x,y]:
5.0	  5.61837
5.1	  4.472186
5.2	  3.5575678
5.3	  2.8124192
5.4	  2.2923675
5.5	  1.8382924
5.6	  1.4476067
5.7	  1.1474774
5.8	  0.9003881
5.9	  0.67917204
6.0	  0.5536869
6.1	  0.4217335
6.2	  0.34670117
6.3	  0.28331178
6.4	  0.21216041
6.5	  0.16817594
6.6	  0.13712807
6.7	  0.103492886
6.8	  0.08150065
6.9	  0.06080207
7.0	  0.041397154
7.1	  0.031047866
7.2	  0.0232859
7.3	  0.018111255
7.4	  0.014230272
7.5	  0.0064683054
7.6	  0.0051746443
7.7	  0.0038809832
7.8	  0.0025873221
7.9	  0.0012936611
8.0	  0.0
8.1	  0.0
8.2	  0.0
8.3	  0.0
8.4	  0.0
8.5	  0.0
8.6	  0.0
8.7	  0.0
8.8	  0.0
8.9	  0.0
9.0	  0.0


