
X-Axis: Magnitude
Y-Axis: 1 Day Cumulative Number
Number of Data Sets: 8


DATASET #1

     Name: Mean
   Points: 41
     Info: 

Data[x,y]:
5.0	  0.028460544
5.1	  0.0232859
5.2	  0.018111255
5.3	  0.012936611
5.4	  0.0090556275
5.5	  0.0077619664
5.6	  0.0077619664
5.7	  0.0077619664
5.8	  0.0064683054
5.9	  0.0038809832
6.0	  0.0025873221
6.1	  0.0025873221
6.2	  0.0025873221
6.3	  0.0025873221
6.4	  0.0012936611
6.5	  0.0012936611
6.6	  0.0012936611
6.7	  0.0
6.8	  0.0
6.9	  0.0
7.0	  0.0
7.1	  0.0
7.2	  0.0
7.3	  0.0
7.4	  0.0
7.5	  0.0
7.6	  0.0
7.7	  0.0
7.8	  0.0
7.9	  0.0
8.0	  0.0
8.1	  0.0
8.2	  0.0
8.3	  0.0
8.4	  0.0
8.5	  0.0
8.6	  0.0
8.7	  0.0
8.8	  0.0
8.9	  0.0
9.0	  0.0



DATASET #2

     Name: 2.5%,97.5%
   Points: 41
     Info: 

Data[x,y]:
5.0	  0.0
5.1	  0.0
5.2	  0.0
5.3	  0.0
5.4	  0.0
5.5	  0.0
5.6	  0.0
5.7	  0.0
5.8	  0.0
5.9	  0.0
6.0	  0.0
6.1	  0.0
6.2	  0.0
6.3	  0.0
6.4	  0.0
6.5	  0.0
6.6	  0.0
6.7	  0.0
6.8	  0.0
6.9	  0.0
7.0	  0.0
7.1	  0.0
7.2	  0.0
7.3	  0.0
7.4	  0.0
7.5	  0.0
7.6	  0.0
7.7	  0.0
7.8	  0.0
7.9	  0.0
8.0	  0.0
8.1	  0.0
8.2	  0.0
8.3	  0.0
8.4	  0.0
8.5	  0.0
8.6	  0.0
8.7	  0.0
8.8	  0.0
8.9	  0.0
9.0	  0.0



DATASET #3

     Name: null
   Points: 41
     Info: 

Data[x,y]:
5.0	  0.0
5.1	  0.0
5.2	  0.0
5.3	  0.0
5.4	  0.0
5.5	  0.0
5.6	  0.0
5.7	  0.0
5.8	  0.0
5.9	  0.0
6.0	  0.0
6.1	  0.0
6.2	  0.0
6.3	  0.0
6.4	  0.0
6.5	  0.0
6.6	  0.0
6.7	  0.0
6.8	  0.0
6.9	  0.0
7.0	  0.0
7.1	  0.0
7.2	  0.0
7.3	  0.0
7.4	  0.0
7.5	  0.0
7.6	  0.0
7.7	  0.0
7.8	  0.0
7.9	  0.0
8.0	  0.0
8.1	  0.0
8.2	  0.0
8.3	  0.0
8.4	  0.0
8.5	  0.0
8.6	  0.0
8.7	  0.0
8.8	  0.0
8.9	  0.0
9.0	  0.0



DATASET #4

     Name: Median
   Points: 41
     Info: 

Data[x,y]:
5.0	  0.0
5.1	  0.0
5.2	  0.0
5.3	  0.0
5.4	  0.0
5.5	  0.0
5.6	  0.0
5.7	  0.0
5.8	  0.0
5.9	  0.0
6.0	  0.0
6.1	  0.0
6.2	  0.0
6.3	  0.0
6.4	  0.0
6.5	  0.0
6.6	  0.0
6.7	  0.0
6.8	  0.0
6.9	  0.0
7.0	  0.0
7.1	  0.0
7.2	  0.0
7.3	  0.0
7.4	  0.0
7.5	  0.0
7.6	  0.0
7.7	  0.0
7.8	  0.0
7.9	  0.0
8.0	  0.0
8.1	  0.0
8.2	  0.0
8.3	  0.0
8.4	  0.0
8.5	  0.0
8.6	  0.0
8.7	  0.0
8.8	  0.0
8.9	  0.0
9.0	  0.0



DATASET #5

     Name: Mode
   Points: 41
     Info: 

Data[x,y]:
5.0	  0.0
5.1	  0.0
5.2	  0.0
5.3	  0.0
5.4	  0.0
5.5	  0.0
5.6	  0.0
5.7	  0.0
5.8	  0.0
5.9	  0.0
6.0	  0.0
6.1	  0.0
6.2	  0.0
6.3	  0.0
6.4	  0.0
6.5	  0.0
6.6	  0.0
6.7	  0.0
6.8	  0.0
6.9	  0.0
7.0	  0.0
7.1	  0.0
7.2	  0.0
7.3	  0.0
7.4	  0.0
7.5	  0.0
7.6	  0.0
7.7	  0.0
7.8	  0.0
7.9	  0.0
8.0	  0.0
8.1	  0.0
8.2	  0.0
8.3	  0.0
8.4	  0.0
8.5	  0.0
8.6	  0.0
8.7	  0.0
8.8	  0.0
8.9	  0.0
9.0	  0.0



DATASET #6

     Name: 1 d Prob
   Points: 41
     Info: 

Data[x,y]:
5.0	  0.016817594
5.1	  0.014230272
5.2	  0.01164295
5.3	  0.0077619664
5.4	  0.0038809832
5.5	  0.0038809832
5.6	  0.0038809832
5.7	  0.0038809832
5.8	  0.0038809832
5.9	  0.0012936611
6.0	  0.0012936611
6.1	  0.0012936611
6.2	  0.0012936611
6.3	  0.0012936611
6.4	  0.0012936611
6.5	  0.0012936611
6.6	  0.0012936611
6.7	  0.0
6.8	  0.0
6.9	  0.0
7.0	  0.0
7.1	  0.0
7.2	  0.0
7.3	  0.0
7.4	  0.0
7.5	  0.0
7.6	  0.0
7.7	  0.0
7.8	  0.0
7.9	  0.0
8.0	  0.0
8.1	  0.0
8.2	  0.0
8.3	  0.0
8.4	  0.0
8.5	  0.0
8.6	  0.0
8.7	  0.0
8.8	  0.0
8.9	  0.0
9.0	  0.0



DATASET #7

Name: 95% Conf
Num Points: 41
Info: 

X, Y Data:
5.0	0.016817594	[0.009376516	0.02936641]
5.1	0.014230272	[0.0075008697	0.026120896]
5.2	0.01164295	[0.005692451	0.022816056]
5.3	0.0077619664	[0.003159096	0.017705856]
5.4	0.0038809832	[0.0010028307	0.012297093]
5.5	0.0038809832	[0.0010028307	0.012297093]
5.6	0.0038809832	[0.0010028307	0.012297093]
5.7	0.0038809832	[0.0010028307	0.012297093]
5.8	0.0038809832	[0.0010028307	0.012297093]
5.9	0.0012936611	[6.753098E-5	0.008358681]
6.0	0.0012936611	[6.753098E-5	0.008358681]
6.1	0.0012936611	[6.753098E-5	0.008358681]
6.2	0.0012936611	[6.753098E-5	0.008358681]
6.3	0.0012936611	[6.753098E-5	0.008358681]
6.4	0.0012936611	[6.753098E-5	0.008358681]
6.5	0.0012936611	[6.753098E-5	0.008358681]
6.6	0.0012936611	[6.753098E-5	0.008358681]
6.7	0.0	[0.0	0.006164885]
6.8	0.0	[0.0	0.006164885]
6.9	0.0	[0.0	0.006164885]
7.0	0.0	[0.0	0.006164885]
7.1	0.0	[0.0	0.006164885]
7.2	0.0	[0.0	0.006164885]
7.3	0.0	[0.0	0.006164885]
7.4	0.0	[0.0	0.006164885]
7.5	0.0	[0.0	0.006164885]
7.6	0.0	[0.0	0.006164885]
7.7	0.0	[0.0	0.006164885]
7.8	0.0	[0.0	0.006164885]
7.9	0.0	[0.0	0.006164885]
8.0	0.0	[0.0	0.006164885]
8.1	0.0	[0.0	0.006164885]
8.2	0.0	[0.0	0.006164885]
8.3	0.0	[0.0	0.006164885]
8.4	0.0	[0.0	0.0]
8.5	0.0	[0.0	0.0]
8.6	0.0	[0.0	0.0]
8.7	0.0	[0.0	0.0]
8.8	0.0	[0.0	0.0]
8.9	0.0	[0.0	0.0]
9.0	0.0	[0.0	0.0]



DATASET #8

     Name: Supra
   Points: 41
     Info: 

Data[x,y]:
5.0	  0.0012936611
5.1	  0.0012936611
5.2	  0.0012936611
5.3	  0.0012936611
5.4	  0.0012936611
5.5	  0.0012936611
5.6	  0.0012936611
5.7	  0.0012936611
5.8	  0.0012936611
5.9	  0.0012936611
6.0	  0.0012936611
6.1	  0.0012936611
6.2	  0.0012936611
6.3	  0.0012936611
6.4	  0.0012936611
6.5	  0.0012936611
6.6	  0.0012936611
6.7	  0.0
6.8	  0.0
6.9	  0.0
7.0	  0.0
7.1	  0.0
7.2	  0.0
7.3	  0.0
7.4	  0.0
7.5	  0.0
7.6	  0.0
7.7	  0.0
7.8	  0.0
7.9	  0.0
8.0	  0.0
8.1	  0.0
8.2	  0.0
8.3	  0.0
8.4	  0.0
8.5	  0.0
8.6	  0.0
8.7	  0.0
8.8	  0.0
8.9	  0.0
9.0	  0.0


