
X-Axis: Magnitude
Y-Axis: 1 Month Cumulative Number
Number of Data Sets: 9


DATASET #1

     Name: Mean
   Points: 41
     Info: 

Data[x,y]:
5.0	  0.15523933
5.1	  0.12031048
5.2	  0.0931436
5.3	  0.069857694
5.4	  0.05950841
5.5	  0.0465718
5.6	  0.043984476
5.7	  0.034928847
5.8	  0.032341525
5.9	  0.019404916
6.0	  0.01164295
6.1	  0.0090556275
6.2	  0.0051746443
6.3	  0.0051746443
6.4	  0.0038809832
6.5	  0.0025873221
6.6	  0.0025873221
6.7	  0.0012936611
6.8	  0.0012936611
6.9	  0.0012936611
7.0	  0.0
7.1	  0.0
7.2	  0.0
7.3	  0.0
7.4	  0.0
7.5	  0.0
7.6	  0.0
7.7	  0.0
7.8	  0.0
7.9	  0.0
8.0	  0.0
8.1	  0.0
8.2	  0.0
8.3	  0.0
8.4	  0.0
8.5	  0.0
8.6	  0.0
8.7	  0.0
8.8	  0.0
8.9	  0.0
9.0	  0.0



DATASET #2

     Name: 2.5%,97.5%
   Points: 41
     Info: 

Data[x,y]:
5.0	  0.0
5.1	  0.0
5.2	  0.0
5.3	  0.0
5.4	  0.0
5.5	  0.0
5.6	  0.0
5.7	  0.0
5.8	  0.0
5.9	  0.0
6.0	  0.0
6.1	  0.0
6.2	  0.0
6.3	  0.0
6.4	  0.0
6.5	  0.0
6.6	  0.0
6.7	  0.0
6.8	  0.0
6.9	  0.0
7.0	  0.0
7.1	  0.0
7.2	  0.0
7.3	  0.0
7.4	  0.0
7.5	  0.0
7.6	  0.0
7.7	  0.0
7.8	  0.0
7.9	  0.0
8.0	  0.0
8.1	  0.0
8.2	  0.0
8.3	  0.0
8.4	  0.0
8.5	  0.0
8.6	  0.0
8.7	  0.0
8.8	  0.0
8.9	  0.0
9.0	  0.0



DATASET #3

     Name: null
   Points: 41
     Info: 

Data[x,y]:
5.0	  1.0
5.1	  1.0
5.2	  1.0
5.3	  1.0
5.4	  1.0
5.5	  1.0
5.6	  1.0
5.7	  1.0
5.8	  1.0
5.9	  0.0
6.0	  0.0
6.1	  0.0
6.2	  0.0
6.3	  0.0
6.4	  0.0
6.5	  0.0
6.6	  0.0
6.7	  0.0
6.8	  0.0
6.9	  0.0
7.0	  0.0
7.1	  0.0
7.2	  0.0
7.3	  0.0
7.4	  0.0
7.5	  0.0
7.6	  0.0
7.7	  0.0
7.8	  0.0
7.9	  0.0
8.0	  0.0
8.1	  0.0
8.2	  0.0
8.3	  0.0
8.4	  0.0
8.5	  0.0
8.6	  0.0
8.7	  0.0
8.8	  0.0
8.9	  0.0
9.0	  0.0



DATASET #4

     Name: Median
   Points: 41
     Info: 

Data[x,y]:
5.0	  0.0
5.1	  0.0
5.2	  0.0
5.3	  0.0
5.4	  0.0
5.5	  0.0
5.6	  0.0
5.7	  0.0
5.8	  0.0
5.9	  0.0
6.0	  0.0
6.1	  0.0
6.2	  0.0
6.3	  0.0
6.4	  0.0
6.5	  0.0
6.6	  0.0
6.7	  0.0
6.8	  0.0
6.9	  0.0
7.0	  0.0
7.1	  0.0
7.2	  0.0
7.3	  0.0
7.4	  0.0
7.5	  0.0
7.6	  0.0
7.7	  0.0
7.8	  0.0
7.9	  0.0
8.0	  0.0
8.1	  0.0
8.2	  0.0
8.3	  0.0
8.4	  0.0
8.5	  0.0
8.6	  0.0
8.7	  0.0
8.8	  0.0
8.9	  0.0
9.0	  0.0



DATASET #5

     Name: Mode
   Points: 41
     Info: 

Data[x,y]:
5.0	  0.0
5.1	  0.0
5.2	  0.0
5.3	  0.0
5.4	  0.0
5.5	  0.0
5.6	  0.0
5.7	  0.0
5.8	  0.0
5.9	  0.0
6.0	  0.0
6.1	  0.0
6.2	  0.0
6.3	  0.0
6.4	  0.0
6.5	  0.0
6.6	  0.0
6.7	  0.0
6.8	  0.0
6.9	  0.0
7.0	  0.0
7.1	  0.0
7.2	  0.0
7.3	  0.0
7.4	  0.0
7.5	  0.0
7.6	  0.0
7.7	  0.0
7.8	  0.0
7.9	  0.0
8.0	  0.0
8.1	  0.0
8.2	  0.0
8.3	  0.0
8.4	  0.0
8.5	  0.0
8.6	  0.0
8.7	  0.0
8.8	  0.0
8.9	  0.0
9.0	  0.0



DATASET #6

     Name: 1 mo Prob
   Points: 41
     Info: 

Data[x,y]:
5.0	  0.11125485
5.1	  0.08796895
5.2	  0.069857694
5.3	  0.056921087
5.4	  0.047865458
5.5	  0.038809832
5.6	  0.03622251
5.7	  0.028460544
5.8	  0.027166883
5.9	  0.015523933
6.0	  0.010349289
6.1	  0.0077619664
6.2	  0.0038809832
6.3	  0.0038809832
6.4	  0.0038809832
6.5	  0.0025873221
6.6	  0.0025873221
6.7	  0.0012936611
6.8	  0.0012936611
6.9	  0.0012936611
7.0	  0.0
7.1	  0.0
7.2	  0.0
7.3	  0.0
7.4	  0.0
7.5	  0.0
7.6	  0.0
7.7	  0.0
7.8	  0.0
7.9	  0.0
8.0	  0.0
8.1	  0.0
8.2	  0.0
8.3	  0.0
8.4	  0.0
8.5	  0.0
8.6	  0.0
8.7	  0.0
8.8	  0.0
8.9	  0.0
9.0	  0.0



DATASET #7

Name: 95% Conf
Num Points: 41
Info: 

X, Y Data:
5.0	0.11125485	[0.09039357	0.13607243]
5.1	0.08796895	[0.069405966	0.11073805]
5.2	0.069857694	[0.053365964	0.09075536]
5.3	0.056921087	[0.042114973	0.07628096]
5.4	0.047865458	[0.034374896	0.066017404]
5.5	0.038809832	[0.02678173	0.055612423]
5.6	0.03622251	[0.024645725	0.05260755]
5.7	0.028460544	[0.018351719	0.043484796]
5.8	0.027166883	[0.017322417	0.041945774]
5.9	0.015523933	[0.008431321	0.02775023]
6.0	0.010349289	[0.004819984	0.021136185]
6.1	0.0077619664	[0.003159096	0.017705856]
6.2	0.0038809832	[0.0010028307	0.012297093]
6.3	0.0038809832	[0.0010028307	0.012297093]
6.4	0.0038809832	[0.0010028307	0.012297093]
6.5	0.0025873221	[4.4826293E-4	0.01037864]
6.6	0.0025873221	[4.4826293E-4	0.01037864]
6.7	0.0012936611	[6.753098E-5	0.008358681]
6.8	0.0012936611	[6.753098E-5	0.008358681]
6.9	0.0012936611	[6.753098E-5	0.008358681]
7.0	0.0	[0.0	0.006164885]
7.1	0.0	[0.0	0.006164885]
7.2	0.0	[0.0	0.006164885]
7.3	0.0	[0.0	0.006164885]
7.4	0.0	[0.0	0.006164885]
7.5	0.0	[0.0	0.006164885]
7.6	0.0	[0.0	0.006164885]
7.7	0.0	[0.0	0.006164885]
7.8	0.0	[0.0	0.006164885]
7.9	0.0	[0.0	0.006164885]
8.0	0.0	[0.0	0.006164885]
8.1	0.0	[0.0	0.006164885]
8.2	0.0	[0.0	0.006164885]
8.3	0.0	[0.0	0.006164885]
8.4	0.0	[0.0	0.0]
8.5	0.0	[0.0	0.0]
8.6	0.0	[0.0	0.0]
8.7	0.0	[0.0	0.0]
8.8	0.0	[0.0	0.0]
8.9	0.0	[0.0	0.0]
9.0	0.0	[0.0	0.0]



DATASET #8

     Name: Supra
   Points: 41
     Info: 

Data[x,y]:
5.0	  0.0077619664
5.1	  0.0077619664
5.2	  0.0077619664
5.3	  0.0077619664
5.4	  0.0077619664
5.5	  0.0077619664
5.6	  0.0077619664
5.7	  0.0077619664
5.8	  0.0077619664
5.9	  0.0077619664
6.0	  0.0064683054
6.1	  0.0051746443
6.2	  0.0025873221
6.3	  0.0025873221
6.4	  0.0025873221
6.5	  0.0025873221
6.6	  0.0025873221
6.7	  0.0012936611
6.8	  0.0012936611
6.9	  0.0012936611
7.0	  0.0
7.1	  0.0
7.2	  0.0
7.3	  0.0
7.4	  0.0
7.5	  0.0
7.6	  0.0
7.7	  0.0
7.8	  0.0
7.9	  0.0
8.0	  0.0
8.1	  0.0
8.2	  0.0
8.3	  0.0
8.4	  0.0
8.5	  0.0
8.6	  0.0
8.7	  0.0
8.8	  0.0
8.9	  0.0
9.0	  0.0



DATASET #9

     Name: Primary
   Points: 41
     Info: 

Data[x,y]:
5.0	  0.08796895
5.1	  0.06597672
5.2	  0.055627424
5.3	  0.045278136
5.4	  0.038809832
5.5	  0.029754205
5.6	  0.029754205
5.7	  0.02457956
5.8	  0.0232859
5.9	  0.012936611
6.0	  0.0077619664
6.1	  0.0051746443
6.2	  0.0025873221
6.3	  0.0025873221
6.4	  0.0012936611
6.5	  0.0012936611
6.6	  0.0012936611
6.7	  0.0012936611
6.8	  0.0012936611
6.9	  0.0012936611
7.0	  0.0
7.1	  0.0
7.2	  0.0
7.3	  0.0
7.4	  0.0
7.5	  0.0
7.6	  0.0
7.7	  0.0
7.8	  0.0
7.9	  0.0
8.0	  0.0
8.1	  0.0
8.2	  0.0
8.3	  0.0
8.4	  0.0
8.5	  0.0
8.6	  0.0
8.7	  0.0
8.8	  0.0
8.9	  0.0
9.0	  0.0


