
X-Axis: Magnitude
Y-Axis: 1 Month Cumulative Number
Number of Data Sets: 8


DATASET #1

     Name: Mean
   Points: 41
     Info: 

Data[x,y]:
5.0	  0.48641655
5.1	  0.389392
5.2	  0.301423
5.3	  0.23027167
5.4	  0.1927555
5.5	  0.15265201
5.6	  0.13324709
5.7	  0.10866753
5.8	  0.08926261
5.9	  0.06468305
6.0	  0.041397154
6.1	  0.033635188
6.2	  0.0232859
6.3	  0.021992238
6.4	  0.018111255
6.5	  0.015523933
6.6	  0.01164295
6.7	  0.0090556275
6.8	  0.0064683054
6.9	  0.0064683054
7.0	  0.0025873221
7.1	  0.0012936611
7.2	  0.0
7.3	  0.0
7.4	  0.0
7.5	  0.0
7.6	  0.0
7.7	  0.0
7.8	  0.0
7.9	  0.0
8.0	  0.0
8.1	  0.0
8.2	  0.0
8.3	  0.0
8.4	  0.0
8.5	  0.0
8.6	  0.0
8.7	  0.0
8.8	  0.0
8.9	  0.0
9.0	  0.0



DATASET #2

     Name: 2.5%,97.5%
   Points: 41
     Info: 

Data[x,y]:
5.0	  0.0
5.1	  0.0
5.2	  0.0
5.3	  0.0
5.4	  0.0
5.5	  0.0
5.6	  0.0
5.7	  0.0
5.8	  0.0
5.9	  0.0
6.0	  0.0
6.1	  0.0
6.2	  0.0
6.3	  0.0
6.4	  0.0
6.5	  0.0
6.6	  0.0
6.7	  0.0
6.8	  0.0
6.9	  0.0
7.0	  0.0
7.1	  0.0
7.2	  0.0
7.3	  0.0
7.4	  0.0
7.5	  0.0
7.6	  0.0
7.7	  0.0
7.8	  0.0
7.9	  0.0
8.0	  0.0
8.1	  0.0
8.2	  0.0
8.3	  0.0
8.4	  0.0
8.5	  0.0
8.6	  0.0
8.7	  0.0
8.8	  0.0
8.9	  0.0
9.0	  0.0



DATASET #3

     Name: null
   Points: 41
     Info: 

Data[x,y]:
5.0	  3.0
5.1	  2.0
5.2	  2.0
5.3	  2.0
5.4	  1.0
5.5	  1.0
5.6	  1.0
5.7	  1.0
5.8	  1.0
5.9	  1.0
6.0	  1.0
6.1	  1.0
6.2	  0.0
6.3	  0.0
6.4	  0.0
6.5	  0.0
6.6	  0.0
6.7	  0.0
6.8	  0.0
6.9	  0.0
7.0	  0.0
7.1	  0.0
7.2	  0.0
7.3	  0.0
7.4	  0.0
7.5	  0.0
7.6	  0.0
7.7	  0.0
7.8	  0.0
7.9	  0.0
8.0	  0.0
8.1	  0.0
8.2	  0.0
8.3	  0.0
8.4	  0.0
8.5	  0.0
8.6	  0.0
8.7	  0.0
8.8	  0.0
8.9	  0.0
9.0	  0.0



DATASET #4

     Name: Median
   Points: 41
     Info: 

Data[x,y]:
5.0	  0.0
5.1	  0.0
5.2	  0.0
5.3	  0.0
5.4	  0.0
5.5	  0.0
5.6	  0.0
5.7	  0.0
5.8	  0.0
5.9	  0.0
6.0	  0.0
6.1	  0.0
6.2	  0.0
6.3	  0.0
6.4	  0.0
6.5	  0.0
6.6	  0.0
6.7	  0.0
6.8	  0.0
6.9	  0.0
7.0	  0.0
7.1	  0.0
7.2	  0.0
7.3	  0.0
7.4	  0.0
7.5	  0.0
7.6	  0.0
7.7	  0.0
7.8	  0.0
7.9	  0.0
8.0	  0.0
8.1	  0.0
8.2	  0.0
8.3	  0.0
8.4	  0.0
8.5	  0.0
8.6	  0.0
8.7	  0.0
8.8	  0.0
8.9	  0.0
9.0	  0.0



DATASET #5

     Name: Mode
   Points: 41
     Info: 

Data[x,y]:
5.0	  0.0
5.1	  0.0
5.2	  0.0
5.3	  0.0
5.4	  0.0
5.5	  0.0
5.6	  0.0
5.7	  0.0
5.8	  0.0
5.9	  0.0
6.0	  0.0
6.1	  0.0
6.2	  0.0
6.3	  0.0
6.4	  0.0
6.5	  0.0
6.6	  0.0
6.7	  0.0
6.8	  0.0
6.9	  0.0
7.0	  0.0
7.1	  0.0
7.2	  0.0
7.3	  0.0
7.4	  0.0
7.5	  0.0
7.6	  0.0
7.7	  0.0
7.8	  0.0
7.9	  0.0
8.0	  0.0
8.1	  0.0
8.2	  0.0
8.3	  0.0
8.4	  0.0
8.5	  0.0
8.6	  0.0
8.7	  0.0
8.8	  0.0
8.9	  0.0
9.0	  0.0



DATASET #6

     Name: 1 mo Prob
   Points: 41
     Info: 

Data[x,y]:
5.0	  0.3350582
5.1	  0.28072444
5.2	  0.23156533
5.3	  0.17981888
5.4	  0.15782665
5.5	  0.1293661
5.6	  0.11513583
5.7	  0.0931436
5.8	  0.07891332
5.9	  0.058214746
6.0	  0.038809832
6.1	  0.031047866
6.2	  0.020698577
6.3	  0.019404916
6.4	  0.016817594
6.5	  0.014230272
6.6	  0.010349289
6.7	  0.0090556275
6.8	  0.0064683054
6.9	  0.0064683054
7.0	  0.0025873221
7.1	  0.0012936611
7.2	  0.0
7.3	  0.0
7.4	  0.0
7.5	  0.0
7.6	  0.0
7.7	  0.0
7.8	  0.0
7.9	  0.0
8.0	  0.0
8.1	  0.0
8.2	  0.0
8.3	  0.0
8.4	  0.0
8.5	  0.0
8.6	  0.0
8.7	  0.0
8.8	  0.0
8.9	  0.0
9.0	  0.0



DATASET #7

Name: 95% Conf
Num Points: 41
Info: 

X, Y Data:
5.0	0.3350582	[0.30204344	0.36973596]
5.1	0.28072444	[0.24956937	0.31409237]
5.2	0.23156533	[0.20258425	0.26325884]
5.3	0.17981888	[0.15374383	0.20913598]
5.4	0.15782665	[0.133224	0.18589827]
5.5	0.1293661	[0.10693386	0.1555637]
5.6	0.11513583	[0.09392365	0.1402632]
5.7	0.0931436	[0.074038476	0.11639877]
5.8	0.07891332	[0.061349478	0.10078239]
5.9	0.058214746	[0.043230664	0.07773753]
6.0	0.038809832	[0.02678173	0.055612423]
6.1	0.031047866	[0.020428555	0.04654571]
6.2	0.020698577	[0.012285946	0.034148227]
6.3	0.019404916	[0.011305043	0.032564383]
6.4	0.016817594	[0.009376516	0.02936641]
6.5	0.014230272	[0.0075008697	0.026120896]
6.6	0.010349289	[0.004819984	0.021136185]
6.7	0.0090556275	[0.0039737253	0.019434124]
6.8	0.0064683054	[0.0023837162	0.015945958]
6.9	0.0064683054	[0.0023837162	0.015945958]
7.0	0.0025873221	[4.4826293E-4	0.01037864]
7.1	0.0012936611	[6.753098E-5	0.008358681]
7.2	0.0	[0.0	0.006164885]
7.3	0.0	[0.0	0.006164885]
7.4	0.0	[0.0	0.006164885]
7.5	0.0	[0.0	0.006164885]
7.6	0.0	[0.0	0.006164885]
7.7	0.0	[0.0	0.006164885]
7.8	0.0	[0.0	0.006164885]
7.9	0.0	[0.0	0.006164885]
8.0	0.0	[0.0	0.006164885]
8.1	0.0	[0.0	0.006164885]
8.2	0.0	[0.0	0.006164885]
8.3	0.0	[0.0	0.006164885]
8.4	0.0	[0.0	0.0]
8.5	0.0	[0.0	0.0]
8.6	0.0	[0.0	0.0]
8.7	0.0	[0.0	0.0]
8.8	0.0	[0.0	0.0]
8.9	0.0	[0.0	0.0]
9.0	0.0	[0.0	0.0]



DATASET #8

     Name: Supra
   Points: 41
     Info: 

Data[x,y]:
5.0	  0.02457956
5.1	  0.02457956
5.2	  0.02457956
5.3	  0.02457956
5.4	  0.02457956
5.5	  0.02457956
5.6	  0.02457956
5.7	  0.02457956
5.8	  0.02457956
5.9	  0.02457956
6.0	  0.0232859
6.1	  0.020698577
6.2	  0.015523933
6.3	  0.014230272
6.4	  0.014230272
6.5	  0.012936611
6.6	  0.010349289
6.7	  0.0090556275
6.8	  0.0064683054
6.9	  0.0064683054
7.0	  0.0025873221
7.1	  0.0012936611
7.2	  0.0
7.3	  0.0
7.4	  0.0
7.5	  0.0
7.6	  0.0
7.7	  0.0
7.8	  0.0
7.9	  0.0
8.0	  0.0
8.1	  0.0
8.2	  0.0
8.3	  0.0
8.4	  0.0
8.5	  0.0
8.6	  0.0
8.7	  0.0
8.8	  0.0
8.9	  0.0
9.0	  0.0


