
X-Axis: Magnitude
Y-Axis: 30 Year Cumulative Number
Number of Data Sets: 8


DATASET #1

     Name: Mean
   Points: 41
     Info: 

Data[x,y]:
5.0	  238.9
5.1	  189.506
5.2	  149.976
5.3	  118.477
5.4	  93.745
5.5	  74.117
5.6	  58.406
5.7	  45.79
5.8	  35.875
5.9	  27.478
6.0	  22.015
6.1	  17.157
6.2	  13.603
6.3	  10.855
6.4	  8.506
6.5	  6.561
6.6	  5.136
6.7	  3.883
6.8	  3.019
6.9	  2.374
7.0	  1.826
7.1	  1.348
7.2	  0.995
7.3	  0.791
7.4	  0.59
7.5	  0.396
7.6	  0.291
7.7	  0.191
7.8	  0.142
7.9	  0.074
8.0	  0.035
8.1	  0.007
8.2	  0.003
8.3	  0.0
8.4	  0.0
8.5	  0.0
8.6	  0.0
8.7	  0.0
8.8	  0.0
8.9	  0.0
9.0	  0.0



DATASET #2

     Name: 2.5%,97.5%
   Points: 41
     Info: 

Data[x,y]:
5.0	  154.0
5.1	  117.0
5.2	  91.0
5.3	  72.0
5.4	  56.0
5.5	  43.0
5.6	  33.0
5.7	  25.0
5.8	  20.0
5.9	  14.0
6.0	  11.0
6.1	  8.0
6.2	  6.0
6.3	  5.0
6.4	  3.0
6.5	  2.0
6.6	  1.0
6.7	  1.0
6.8	  0.0
6.9	  0.0
7.0	  0.0
7.1	  0.0
7.2	  0.0
7.3	  0.0
7.4	  0.0
7.5	  0.0
7.6	  0.0
7.7	  0.0
7.8	  0.0
7.9	  0.0
8.0	  0.0
8.1	  0.0
8.2	  0.0
8.3	  0.0
8.4	  0.0
8.5	  0.0
8.6	  0.0
8.7	  0.0
8.8	  0.0
8.9	  0.0
9.0	  0.0



DATASET #3

     Name: null
   Points: 41
     Info: 

Data[x,y]:
5.0	  481.0
5.1	  383.0
5.2	  302.0
5.3	  237.0
5.4	  187.0
5.5	  147.0
5.6	  116.0
5.7	  87.0
5.8	  68.0
5.9	  52.0
6.0	  40.0
6.1	  31.0
6.2	  25.0
6.3	  20.0
6.4	  16.0
6.5	  13.0
6.6	  11.0
6.7	  9.0
6.8	  7.0
6.9	  6.0
7.0	  5.0
7.1	  4.0
7.2	  3.0
7.3	  3.0
7.4	  2.0
7.5	  2.0
7.6	  2.0
7.7	  1.0
7.8	  1.0
7.9	  1.0
8.0	  1.0
8.1	  0.0
8.2	  0.0
8.3	  0.0
8.4	  0.0
8.5	  0.0
8.6	  0.0
8.7	  0.0
8.8	  0.0
8.9	  0.0
9.0	  0.0



DATASET #4

     Name: Median
   Points: 41
     Info: 

Data[x,y]:
5.0	  215.0
5.1	  171.0
5.2	  135.0
5.3	  107.0
5.4	  85.0
5.5	  68.0
5.6	  54.0
5.7	  43.0
5.8	  34.0
5.9	  26.0
6.0	  21.0
6.1	  16.0
6.2	  13.0
6.3	  10.0
6.4	  8.0
6.5	  6.0
6.6	  5.0
6.7	  4.0
6.8	  3.0
6.9	  2.0
7.0	  2.0
7.1	  1.0
7.2	  1.0
7.3	  1.0
7.4	  0.0
7.5	  0.0
7.6	  0.0
7.7	  0.0
7.8	  0.0
7.9	  0.0
8.0	  0.0
8.1	  0.0
8.2	  0.0
8.3	  0.0
8.4	  0.0
8.5	  0.0
8.6	  0.0
8.7	  0.0
8.8	  0.0
8.9	  0.0
9.0	  0.0



DATASET #5

     Name: Mode
   Points: 41
     Info: 

Data[x,y]:
5.0	  190.0
5.1	  157.0
5.2	  131.0
5.3	  96.0
5.4	  82.0
5.5	  65.0
5.6	  57.0
5.7	  37.0
5.8	  31.0
5.9	  22.0
6.0	  19.0
6.1	  16.0
6.2	  12.0
6.3	  9.0
6.4	  8.0
6.5	  6.0
6.6	  4.0
6.7	  3.0
6.8	  3.0
6.9	  2.0
7.0	  1.0
7.1	  1.0
7.2	  1.0
7.3	  0.0
7.4	  0.0
7.5	  0.0
7.6	  0.0
7.7	  0.0
7.8	  0.0
7.9	  0.0
8.0	  0.0
8.1	  0.0
8.2	  0.0
8.3	  0.0
8.4	  0.0
8.5	  0.0
8.6	  0.0
8.7	  0.0
8.8	  0.0
8.9	  0.0
9.0	  0.0



DATASET #6

     Name: 30 yr Prob
   Points: 41
     Info: 

Data[x,y]:
5.0	  1.0
5.1	  1.0
5.2	  1.0
5.3	  1.0
5.4	  1.0
5.5	  1.0
5.6	  1.0
5.7	  1.0
5.8	  1.0
5.9	  1.0
6.0	  1.0
6.1	  1.0
6.2	  1.0
6.3	  1.0
6.4	  1.0
6.5	  1.0
6.6	  0.997
6.7	  0.98
6.8	  0.951
6.9	  0.898
7.0	  0.843
7.1	  0.742
7.2	  0.641
7.3	  0.56
7.4	  0.463
7.5	  0.339
7.6	  0.264
7.7	  0.18
7.8	  0.138
7.9	  0.073
8.0	  0.035
8.1	  0.007
8.2	  0.003
8.3	  0.0
8.4	  0.0
8.5	  0.0
8.6	  0.0
8.7	  0.0
8.8	  0.0
8.9	  0.0
9.0	  0.0



DATASET #7

Name: 95% Conf
Num Points: 41
Info: 

X, Y Data:
5.0	1.0	[1.0	1.0]
5.1	1.0	[1.0	1.0]
5.2	1.0	[1.0	1.0]
5.3	1.0	[1.0	1.0]
5.4	1.0	[1.0	1.0]
5.5	1.0	[1.0	1.0]
5.6	1.0	[1.0	1.0]
5.7	1.0	[1.0	1.0]
5.8	1.0	[1.0	1.0]
5.9	1.0	[1.0	1.0]
6.0	1.0	[1.0	1.0]
6.1	1.0	[1.0	1.0]
6.2	1.0	[1.0	1.0]
6.3	1.0	[1.0	1.0]
6.4	1.0	[1.0	1.0]
6.5	1.0	[1.0	1.0]
6.6	0.997	[0.990482	0.9992249]
6.7	0.98	[0.968709	0.9874105]
6.8	0.951	[0.93524724	0.9631732]
6.9	0.898	[0.87715423	0.9157188]
7.0	0.843	[0.8186167	0.8647001]
7.1	0.742	[0.71347624	0.7686375]
7.2	0.641	[0.61027277	0.6706299]
7.3	0.56	[0.5285603	0.590973]
7.4	0.463	[0.43179932	0.49448845]
7.5	0.339	[0.30983847	0.36941472]
7.6	0.264	[0.23713793	0.29270133]
7.7	0.18	[0.15695408	0.2055464]
7.8	0.138	[0.11753847	0.16129676]
7.9	0.073	[0.058011126	0.091357686]
8.0	0.035	[0.024851352	0.048861716]
8.1	0.007	[0.0030706925	0.015045025]
8.2	0.003	[7.75095E-4	0.009518]
8.3	0.0	[0.0	0.004770871]
8.4	0.0	[0.0	0.0]
8.5	0.0	[0.0	0.0]
8.6	0.0	[0.0	0.0]
8.7	0.0	[0.0	0.0]
8.8	0.0	[0.0	0.0]
8.9	0.0	[0.0	0.0]
9.0	0.0	[0.0	0.0]



DATASET #8

     Name: Supra
   Points: 41
     Info: 

Data[x,y]:
5.0	  1.0
5.1	  1.0
5.2	  1.0
5.3	  1.0
5.4	  1.0
5.5	  1.0
5.6	  1.0
5.7	  1.0
5.8	  1.0
5.9	  1.0
6.0	  1.0
6.1	  1.0
6.2	  1.0
6.3	  1.0
6.4	  0.997
6.5	  0.992
6.6	  0.984
6.7	  0.959
6.8	  0.916
6.9	  0.868
7.0	  0.814
7.1	  0.711
7.2	  0.625
7.3	  0.549
7.4	  0.459
7.5	  0.337
7.6	  0.263
7.7	  0.18
7.8	  0.137
7.9	  0.073
8.0	  0.035
8.1	  0.007
8.2	  0.003
8.3	  0.0
8.4	  0.0
8.5	  0.0
8.6	  0.0
8.7	  0.0
8.8	  0.0
8.9	  0.0
9.0	  0.0


