
X-Axis: Magnitude
Y-Axis: 30 Year Cumulative Number
Number of Data Sets: 9


DATASET #1

     Name: Mean
   Points: 41
     Info: 

Data[x,y]:
5.0	  31.777
5.1	  25.209
5.2	  19.995
5.3	  15.728
5.4	  12.474
5.5	  9.806
5.6	  7.685
5.7	  5.945
5.8	  4.652
5.9	  3.456
6.0	  2.687
6.1	  1.997
6.2	  1.643
6.3	  1.324
6.4	  1.037
6.5	  0.807
6.6	  0.639
6.7	  0.467
6.8	  0.347
6.9	  0.274
7.0	  0.209
7.1	  0.147
7.2	  0.109
7.3	  0.091
7.4	  0.075
7.5	  0.055
7.6	  0.042
7.7	  0.025
7.8	  0.02
7.9	  0.012
8.0	  0.004
8.1	  0.0
8.2	  0.0
8.3	  0.0
8.4	  0.0
8.5	  0.0
8.6	  0.0
8.7	  0.0
8.8	  0.0
8.9	  0.0
9.0	  0.0



DATASET #2

     Name: 2.5%,97.5%
   Points: 41
     Info: 

Data[x,y]:
5.0	  10.0
5.1	  8.0
5.2	  6.0
5.3	  4.0
5.4	  3.0
5.5	  1.0
5.6	  1.0
5.7	  0.0
5.8	  0.0
5.9	  0.0
6.0	  0.0
6.1	  0.0
6.2	  0.0
6.3	  0.0
6.4	  0.0
6.5	  0.0
6.6	  0.0
6.7	  0.0
6.8	  0.0
6.9	  0.0
7.0	  0.0
7.1	  0.0
7.2	  0.0
7.3	  0.0
7.4	  0.0
7.5	  0.0
7.6	  0.0
7.7	  0.0
7.8	  0.0
7.9	  0.0
8.0	  0.0
8.1	  0.0
8.2	  0.0
8.3	  0.0
8.4	  0.0
8.5	  0.0
8.6	  0.0
8.7	  0.0
8.8	  0.0
8.9	  0.0
9.0	  0.0



DATASET #3

     Name: null
   Points: 41
     Info: 

Data[x,y]:
5.0	  95.0
5.1	  80.0
5.2	  64.0
5.3	  50.0
5.4	  39.0
5.5	  31.0
5.6	  24.0
5.7	  19.0
5.8	  14.0
5.9	  11.0
6.0	  9.0
6.1	  7.0
6.2	  6.0
6.3	  5.0
6.4	  4.0
6.5	  3.0
6.6	  3.0
6.7	  2.0
6.8	  2.0
6.9	  2.0
7.0	  1.0
7.1	  1.0
7.2	  1.0
7.3	  1.0
7.4	  1.0
7.5	  1.0
7.6	  1.0
7.7	  0.0
7.8	  0.0
7.9	  0.0
8.0	  0.0
8.1	  0.0
8.2	  0.0
8.3	  0.0
8.4	  0.0
8.5	  0.0
8.6	  0.0
8.7	  0.0
8.8	  0.0
8.9	  0.0
9.0	  0.0



DATASET #4

     Name: Median
   Points: 41
     Info: 

Data[x,y]:
5.0	  24.0
5.1	  19.0
5.2	  15.0
5.3	  12.0
5.4	  9.0
5.5	  8.0
5.6	  6.0
5.7	  5.0
5.8	  4.0
5.9	  3.0
6.0	  2.0
6.1	  2.0
6.2	  1.0
6.3	  1.0
6.4	  1.0
6.5	  0.0
6.6	  0.0
6.7	  0.0
6.8	  0.0
6.9	  0.0
7.0	  0.0
7.1	  0.0
7.2	  0.0
7.3	  0.0
7.4	  0.0
7.5	  0.0
7.6	  0.0
7.7	  0.0
7.8	  0.0
7.9	  0.0
8.0	  0.0
8.1	  0.0
8.2	  0.0
8.3	  0.0
8.4	  0.0
8.5	  0.0
8.6	  0.0
8.7	  0.0
8.8	  0.0
8.9	  0.0
9.0	  0.0



DATASET #5

     Name: Mode
   Points: 41
     Info: 

Data[x,y]:
5.0	  19.0
5.1	  13.0
5.2	  13.0
5.3	  9.0
5.4	  8.0
5.5	  5.0
5.6	  6.0
5.7	  4.0
5.8	  3.0
5.9	  3.0
6.0	  2.0
6.1	  1.0
6.2	  1.0
6.3	  0.0
6.4	  0.0
6.5	  0.0
6.6	  0.0
6.7	  0.0
6.8	  0.0
6.9	  0.0
7.0	  0.0
7.1	  0.0
7.2	  0.0
7.3	  0.0
7.4	  0.0
7.5	  0.0
7.6	  0.0
7.7	  0.0
7.8	  0.0
7.9	  0.0
8.0	  0.0
8.1	  0.0
8.2	  0.0
8.3	  0.0
8.4	  0.0
8.5	  0.0
8.6	  0.0
8.7	  0.0
8.8	  0.0
8.9	  0.0
9.0	  0.0



DATASET #6

     Name: 30 yr Prob
   Points: 41
     Info: 

Data[x,y]:
5.0	  1.0
5.1	  1.0
5.2	  1.0
5.3	  1.0
5.4	  1.0
5.5	  0.998
5.6	  0.993
5.7	  0.971
5.8	  0.952
5.9	  0.907
6.0	  0.858
6.1	  0.79
6.2	  0.737
6.3	  0.661
6.4	  0.582
6.5	  0.499
6.6	  0.428
6.7	  0.342
6.8	  0.275
6.9	  0.232
7.0	  0.181
7.1	  0.135
7.2	  0.101
7.3	  0.085
7.4	  0.071
7.5	  0.051
7.6	  0.04
7.7	  0.025
7.8	  0.02
7.9	  0.012
8.0	  0.004
8.1	  0.0
8.2	  0.0
8.3	  0.0
8.4	  0.0
8.5	  0.0
8.6	  0.0
8.7	  0.0
8.8	  0.0
8.9	  0.0
9.0	  0.0



DATASET #7

Name: 95% Conf
Num Points: 41
Info: 

X, Y Data:
5.0	1.0	[1.0	1.0]
5.1	1.0	[1.0	1.0]
5.2	1.0	[1.0	1.0]
5.3	1.0	[1.0	1.0]
5.4	1.0	[1.0	1.0]
5.5	0.998	[0.9919673	0.9996535]
5.6	0.993	[0.98495495	0.9969293]
5.7	0.971	[0.95807844	0.98014617]
5.8	0.952	[0.9363711	0.96404016]
5.9	0.907	[0.88686734	0.92393154]
6.0	0.858	[0.8344641	0.8787328]
6.1	0.79	[0.7631489	0.81458765]
6.2	0.737	[0.70832783	0.7638251]
6.3	0.661	[0.63058525	0.6901615]
6.4	0.582	[0.5506692	0.61269295]
6.5	0.499	[0.46757492	0.5304329]
6.6	0.428	[0.39717212	0.45938793]
6.7	0.342	[0.31276459	0.37246525]
6.8	0.275	[0.24774285	0.3040103]
6.9	0.232	[0.20641449	0.25967583]
7.0	0.181	[0.15789899	0.20659356]
7.1	0.135	[0.11474584	0.15811348]
7.2	0.101	[0.08336637	0.121768825]
7.3	0.085	[0.068810716	0.104456924]
7.4	0.071	[0.05622268	0.08916319]
7.5	0.051	[0.038565233	0.066996105]
7.6	0.04	[0.029084552	0.05457936]
7.7	0.025	[0.016584538	0.03723528]
7.8	0.02	[0.012589504	0.031291023]
7.9	0.012	[0.006513929	0.021487325]
8.0	0.004	[0.0012821096	0.010950263]
8.1	0.0	[0.0	0.004770871]
8.2	0.0	[0.0	0.004770871]
8.3	0.0	[0.0	0.004770871]
8.4	0.0	[0.0	0.0]
8.5	0.0	[0.0	0.0]
8.6	0.0	[0.0	0.0]
8.7	0.0	[0.0	0.0]
8.8	0.0	[0.0	0.0]
8.9	0.0	[0.0	0.0]
9.0	0.0	[0.0	0.0]



DATASET #8

     Name: Supra
   Points: 41
     Info: 

Data[x,y]:
5.0	  0.74
5.1	  0.74
5.2	  0.74
5.3	  0.74
5.4	  0.74
5.5	  0.74
5.6	  0.74
5.7	  0.74
5.8	  0.74
5.9	  0.712
6.0	  0.696
6.1	  0.645
6.2	  0.612
6.3	  0.56
6.4	  0.5
6.5	  0.433
6.6	  0.38
6.7	  0.31
6.8	  0.247
6.9	  0.212
7.0	  0.169
7.1	  0.124
7.2	  0.096
7.3	  0.083
7.4	  0.07
7.5	  0.051
7.6	  0.04
7.7	  0.025
7.8	  0.02
7.9	  0.012
8.0	  0.004
8.1	  0.0
8.2	  0.0
8.3	  0.0
8.4	  0.0
8.5	  0.0
8.6	  0.0
8.7	  0.0
8.8	  0.0
8.9	  0.0
9.0	  0.0



DATASET #9

     Name: Primary
   Points: 41
     Info: 

Data[x,y]:
5.0	  11.656
5.1	  9.329
5.2	  7.439
5.3	  5.893
5.4	  4.772
5.5	  3.834
5.6	  3.057
5.7	  2.449
5.8	  1.99
5.9	  1.532
6.0	  1.244
6.1	  0.96
6.2	  0.79
6.3	  0.638
6.4	  0.502
6.5	  0.391
6.6	  0.318
6.7	  0.239
6.8	  0.181
6.9	  0.144
7.0	  0.106
7.1	  0.075
7.2	  0.056
7.3	  0.048
7.4	  0.039
7.5	  0.023
7.6	  0.017
7.7	  0.013
7.8	  0.011
7.9	  0.008
8.0	  0.003
8.1	  0.0
8.2	  0.0
8.3	  0.0
8.4	  0.0
8.5	  0.0
8.6	  0.0
8.7	  0.0
8.8	  0.0
8.9	  0.0
9.0	  0.0


