
X-Axis: Magnitude
Y-Axis: 500 Year Cumulative Number
Number of Data Sets: 8


DATASET #1

     Name: Mean
   Points: 41
     Info: 

Data[x,y]:
5.0	  3883.982
5.1	  3070.19
5.2	  2425.158
5.3	  1911.121
5.4	  1504.897
5.5	  1182.175
5.6	  925.382
5.7	  721.054
5.8	  558.228
5.9	  423.725
6.0	  334.31
6.1	  256.934
6.2	  202.556
6.3	  159.703
6.4	  125.242
6.5	  96.569
6.6	  75.655
6.7	  58.664
6.8	  46.244
6.9	  36.251
7.0	  28.419
7.1	  21.621
7.2	  16.435
7.3	  13.036
7.4	  10.057
7.5	  7.242
7.6	  5.464
7.7	  3.921
7.8	  2.763
7.9	  1.499
8.0	  0.765
8.1	  0.358
8.2	  0.142
8.3	  0.032
8.4	  0.0
8.5	  0.0
8.6	  0.0
8.7	  0.0
8.8	  0.0
8.9	  0.0
9.0	  0.0



DATASET #2

     Name: 2.5%,97.5%
   Points: 41
     Info: 

Data[x,y]:
5.0	  3271.0
5.1	  2586.0
5.2	  2040.0
5.3	  1608.0
5.4	  1278.0
5.5	  1000.0
5.6	  784.0
5.7	  611.0
5.8	  474.0
5.9	  358.0
6.0	  284.0
6.1	  218.0
6.2	  169.0
6.3	  133.0
6.4	  103.0
6.5	  78.0
6.6	  60.0
6.7	  46.0
6.8	  35.0
6.9	  27.0
7.0	  20.0
7.1	  14.0
7.2	  10.0
7.3	  8.0
7.4	  6.0
7.5	  4.0
7.6	  3.0
7.7	  2.0
7.8	  1.0
7.9	  0.0
8.0	  0.0
8.1	  0.0
8.2	  0.0
8.3	  0.0
8.4	  0.0
8.5	  0.0
8.6	  0.0
8.7	  0.0
8.8	  0.0
8.9	  0.0
9.0	  0.0



DATASET #3

     Name: null
   Points: 41
     Info: 

Data[x,y]:
5.0	  4925.0
5.1	  3854.0
5.2	  3035.0
5.3	  2366.0
5.4	  1871.0
5.5	  1458.0
5.6	  1142.0
5.7	  878.0
5.8	  674.0
5.9	  505.0
6.0	  392.0
6.1	  302.0
6.2	  239.0
6.3	  189.0
6.4	  150.0
6.5	  116.0
6.6	  91.0
6.7	  73.0
6.8	  59.0
6.9	  47.0
7.0	  38.0
7.1	  29.0
7.2	  23.0
7.3	  19.0
7.4	  15.0
7.5	  11.0
7.6	  9.0
7.7	  6.0
7.8	  5.0
7.9	  3.0
8.0	  2.0
8.1	  2.0
8.2	  1.0
8.3	  1.0
8.4	  0.0
8.5	  0.0
8.6	  0.0
8.7	  0.0
8.8	  0.0
8.9	  0.0
9.0	  0.0



DATASET #4

     Name: Median
   Points: 41
     Info: 

Data[x,y]:
5.0	  3813.0
5.1	  3018.0
5.2	  2385.0
5.3	  1877.0
5.4	  1483.0
5.5	  1167.0
5.6	  914.0
5.7	  714.0
5.8	  553.0
5.9	  422.0
6.0	  333.0
6.1	  256.0
6.2	  202.0
6.3	  159.0
6.4	  125.0
6.5	  96.0
6.6	  75.0
6.7	  58.0
6.8	  46.0
6.9	  36.0
7.0	  28.0
7.1	  21.0
7.2	  16.0
7.3	  13.0
7.4	  10.0
7.5	  7.0
7.6	  5.0
7.7	  4.0
7.8	  3.0
7.9	  1.0
8.0	  1.0
8.1	  0.0
8.2	  0.0
8.3	  0.0
8.4	  0.0
8.5	  0.0
8.6	  0.0
8.7	  0.0
8.8	  0.0
8.9	  0.0
9.0	  0.0



DATASET #5

     Name: Mode
   Points: 41
     Info: 

Data[x,y]:
5.0	  3722.0
5.1	  3262.0
5.2	  2459.0
5.3	  1918.0
5.4	  1470.0
5.5	  1192.0
5.6	  943.0
5.7	  666.0
5.8	  534.0
5.9	  436.0
6.0	  326.0
6.1	  252.0
6.2	  199.0
6.3	  158.0
6.4	  125.0
6.5	  96.0
6.6	  72.0
6.7	  57.0
6.8	  44.0
6.9	  36.0
7.0	  27.0
7.1	  20.0
7.2	  15.0
7.3	  13.0
7.4	  10.0
7.5	  7.0
7.6	  5.0
7.7	  4.0
7.8	  3.0
7.9	  2.0
8.0	  1.0
8.1	  0.0
8.2	  0.0
8.3	  0.0
8.4	  0.0
8.5	  0.0
8.6	  0.0
8.7	  0.0
8.8	  0.0
8.9	  0.0
9.0	  0.0



DATASET #6

     Name: 500 yr Prob
   Points: 41
     Info: 

Data[x,y]:
5.0	  1.0
5.1	  1.0
5.2	  1.0
5.3	  1.0
5.4	  1.0
5.5	  1.0
5.6	  1.0
5.7	  1.0
5.8	  1.0
5.9	  1.0
6.0	  1.0
6.1	  1.0
6.2	  1.0
6.3	  1.0
6.4	  1.0
6.5	  1.0
6.6	  1.0
6.7	  1.0
6.8	  1.0
6.9	  1.0
7.0	  1.0
7.1	  1.0
7.2	  1.0
7.3	  1.0
7.4	  1.0
7.5	  1.0
7.6	  1.0
7.7	  1.0
7.8	  0.989
7.9	  0.855
8.0	  0.601
8.1	  0.321
8.2	  0.139
8.3	  0.032
8.4	  0.0
8.5	  0.0
8.6	  0.0
8.7	  0.0
8.8	  0.0
8.9	  0.0
9.0	  0.0



DATASET #7

Name: 95% Conf
Num Points: 41
Info: 

X, Y Data:
5.0	1.0	[1.0	1.0]
5.1	1.0	[1.0	1.0]
5.2	1.0	[1.0	1.0]
5.3	1.0	[1.0	1.0]
5.4	1.0	[1.0	1.0]
5.5	1.0	[1.0	1.0]
5.6	1.0	[1.0	1.0]
5.7	1.0	[1.0	1.0]
5.8	1.0	[1.0	1.0]
5.9	1.0	[1.0	1.0]
6.0	1.0	[1.0	1.0]
6.1	1.0	[1.0	1.0]
6.2	1.0	[1.0	1.0]
6.3	1.0	[1.0	1.0]
6.4	1.0	[1.0	1.0]
6.5	1.0	[1.0	1.0]
6.6	1.0	[1.0	1.0]
6.7	1.0	[1.0	1.0]
6.8	1.0	[1.0	1.0]
6.9	1.0	[1.0	1.0]
7.0	1.0	[1.0	1.0]
7.1	1.0	[1.0	1.0]
7.2	1.0	[1.0	1.0]
7.3	1.0	[1.0	1.0]
7.4	1.0	[1.0	1.0]
7.5	1.0	[1.0	1.0]
7.6	1.0	[1.0	1.0]
7.7	1.0	[1.0	1.0]
7.8	0.989	[0.9797751	0.9942047]
7.9	0.855	[0.83128846	0.87593246]
8.0	0.601	[0.56981325	0.631401]
8.1	0.321	[0.29230973	0.35108393]
8.2	0.139	[0.118470095	0.1623571]
8.3	0.032	[0.022340069	0.045403607]
8.4	0.0	[0.0	0.0]
8.5	0.0	[0.0	0.0]
8.6	0.0	[0.0	0.0]
8.7	0.0	[0.0	0.0]
8.8	0.0	[0.0	0.0]
8.9	0.0	[0.0	0.0]
9.0	0.0	[0.0	0.0]



DATASET #8

     Name: Supra
   Points: 41
     Info: 

Data[x,y]:
5.0	  1.0
5.1	  1.0
5.2	  1.0
5.3	  1.0
5.4	  1.0
5.5	  1.0
5.6	  1.0
5.7	  1.0
5.8	  1.0
5.9	  1.0
6.0	  1.0
6.1	  1.0
6.2	  1.0
6.3	  1.0
6.4	  1.0
6.5	  1.0
6.6	  1.0
6.7	  1.0
6.8	  1.0
6.9	  1.0
7.0	  1.0
7.1	  1.0
7.2	  1.0
7.3	  1.0
7.4	  1.0
7.5	  1.0
7.6	  1.0
7.7	  1.0
7.8	  0.989
7.9	  0.855
8.0	  0.601
8.1	  0.321
8.2	  0.139
8.3	  0.032
8.4	  0.0
8.5	  0.0
8.6	  0.0
8.7	  0.0
8.8	  0.0
8.9	  0.0
9.0	  0.0


