
X-Axis: Duration (years)
Y-Axis: Cumulative Annual Rate (1/yr)
Number of Data Sets: 8


DATASET #1

Name: Mean
Num Points: 30
Info: 

X, Y Data:
1.0	7.767964
4.0	7.767964
8.0	7.7684155
12.0	7.769872
16.0	7.7684155
20.0	7.767964
24.0	7.765954
28.0	7.764145
32.0	7.765954
36.0	7.7674403
40.0	7.765954
44.0	7.768843
48.0	7.765954
52.0	7.7674403
56.0	7.775877
60.0	7.765954
64.0	7.775877
68.0	7.764145
72.0	7.7896714
76.0	7.7730436
80.0	7.765954
84.0	7.788907
88.0	7.7826886
92.0	7.772363
96.0	7.765954
100.0	7.767964
200.0	7.7877927
300.0	7.8125367
400.0	7.7877927
500.0	7.767964



DATASET #2

Name: 2.5%,16%,84%,97.5%
Num Points: 30
Info: 

X, Y Data:
1.0	1.0
4.0	3.0
8.0	3.75
12.0	4.1666665
16.0	4.375
20.0	4.55
24.0	4.7083335
28.0	4.821429
32.0	4.90625
36.0	5.0
40.0	5.075
44.0	5.159091
48.0	5.1875
52.0	5.269231
56.0	5.357143
60.0	5.366667
64.0	5.421875
68.0	5.4411764
72.0	5.5277777
76.0	5.5
80.0	5.5
84.0	5.595238
88.0	5.6363635
92.0	5.619565
96.0	5.65625
100.0	5.68
200.0	6.12
300.0	6.3766665
400.0	6.5325
500.0	6.542



DATASET #3

Name: 
Num Points: 30
Info: 

X, Y Data:
1.0	3.0
4.0	4.5
8.0	5.0
12.0	5.25
16.0	5.375
20.0	5.5
24.0	5.625
28.0	5.75
32.0	5.78125
36.0	5.861111
40.0	5.925
44.0	5.9772725
48.0	6.0208335
52.0	6.0384617
56.0	6.107143
60.0	6.133333
64.0	6.1875
68.0	6.1911764
72.0	6.25
76.0	6.25
80.0	6.3
84.0	6.345238
88.0	6.3522725
92.0	6.3586955
96.0	6.3645835
100.0	6.41
200.0	6.75
300.0	6.9066668
400.0	6.965
500.0	6.998



DATASET #4

Name: 
Num Points: 30
Info: 

X, Y Data:
1.0	11.0
4.0	10.0
8.0	9.75
12.0	9.583333
16.0	9.625
20.0	9.55
24.0	9.458333
28.0	9.428572
32.0	9.40625
36.0	9.333333
40.0	9.3
44.0	9.272727
48.0	9.229167
52.0	9.192307
56.0	9.196428
60.0	9.166667
64.0	9.15625
68.0	9.117647
72.0	9.111111
76.0	9.078947
80.0	9.05
84.0	9.011905
88.0	9.011364
92.0	8.978261
96.0	9.010417
100.0	9.0
200.0	8.765
300.0	8.643333
400.0	8.565
500.0	8.474



DATASET #5

Name: 
Num Points: 30
Info: 

X, Y Data:
1.0	25.0
4.0	21.0
8.0	18.875
12.0	17.5
16.0	16.6875
20.0	16.25
24.0	15.625
28.0	15.107142
32.0	14.6875
36.0	14.444445
40.0	14.225
44.0	14.0
48.0	13.625
52.0	13.442307
56.0	13.178572
60.0	13.233334
64.0	13.046875
68.0	12.926471
72.0	12.944445
76.0	12.671053
80.0	12.575
84.0	12.464286
88.0	12.340909
92.0	12.336957
96.0	12.1875
100.0	12.05
200.0	10.585
300.0	10.16
400.0	9.7825
500.0	9.85



DATASET #6

Name: Median
Num Points: 30
Info: 

X, Y Data:
1.0	6.0
4.0	6.5
8.0	6.625
12.0	6.75
16.0	6.875
20.0	6.95
24.0	7.0
28.0	7.035714
32.0	7.09375
36.0	7.138889
40.0	7.15
44.0	7.181818
48.0	7.2291665
52.0	7.230769
56.0	7.267857
60.0	7.2833333
64.0	7.3125
68.0	7.3235292
72.0	7.3333335
76.0	7.3421054
80.0	7.3375
84.0	7.3809524
88.0	7.375
92.0	7.380435
96.0	7.375
100.0	7.39
200.0	7.525
300.0	7.68
400.0	7.6425
500.0	7.626



DATASET #7

Name: Mode
Num Points: 30
Info: 

X, Y Data:
1.0	5.0
4.0	5.75
8.0	6.0
12.0	5.8333335
16.0	6.125
20.0	6.05
24.0	6.875
28.0	6.357143
32.0	6.09375
36.0	6.2777777
40.0	6.225
44.0	6.7272725
48.0	6.7291665
52.0	6.769231
56.0	6.482143
60.0	7.0333333
64.0	6.703125
68.0	6.852941
72.0	6.75
76.0	7.131579
80.0	7.0625
84.0	7.3333335
88.0	6.8636365
92.0	6.9673915
96.0	7.3125
100.0	7.47
200.0	7.485
300.0	7.68
400.0	7.6575
500.0	7.444



DATASET #8

Name: Std. Dev.
Num Points: 30
Info: 

X, Y Data:
1.0	12.856002
4.0	7.35842
8.0	5.5158467
12.0	4.674463
16.0	4.1250362
20.0	3.7533112
24.0	3.4750772
28.0	3.218453
32.0	3.073232
36.0	2.8818474
40.0	2.8101218
44.0	2.648329
48.0	2.5408976
52.0	2.498504
56.0	2.347491
60.0	2.292651
64.0	2.2727287
68.0	2.1871288
72.0	2.1158943
76.0	2.0927944
80.0	2.0350904
84.0	1.9442937
88.0	1.9375085
92.0	1.9251361
96.0	1.8894236
100.0	1.8401414
200.0	1.3102924
300.0	1.0002967
400.0	0.929494
500.0	0.86621904


