
X-Axis: Magnitude
Y-Axis: 1 Month Cumulative Number
Number of Data Sets: 9


DATASET #1

     Name: Mean
   Points: 66
     Info: 

Data[x,y]:
2.5	  5851.986
2.6	  4648.2744
2.7	  3692.1648
2.8	  2932.641
2.9	  2329.4385
3.0	  1850.2148
3.1	  1469.4674
3.2	  1167.1165
3.3	  926.91943
3.4	  736.2139
3.5	  584.74255
3.6	  464.4151
3.7	  368.78964
3.8	  292.83884
3.9	  232.523
4.0	  184.57281
4.1	  146.51852
4.2	  116.28557
4.3	  92.24946
4.4	  73.17816
4.5	  58.01398
4.6	  45.9567
4.7	  36.39479
4.8	  28.80643
4.9	  22.76401
5.0	  17.96744
5.1	  14.16879
5.2	  11.14895
5.3	  8.75007
5.4	  6.83837
5.5	  5.32236
5.6	  4.12181
5.7	  3.16647
5.8	  2.4099
5.9	  1.80775
6.0	  1.38729
6.1	  1.00284
6.2	  0.65331
6.3	  0.49026
6.4	  0.37432
6.5	  0.28744
6.6	  0.23235
6.7	  0.18859
6.8	  0.15015
6.9	  0.11484
7.0	  0.08873
7.1	  0.0733
7.2	  0.05559
7.3	  0.03914
7.4	  0.03427
7.5	  0.02693
7.6	  0.01413
7.7	  0.00456
7.8	  0.00273
7.9	  0.00156
8.0	  5.7E-4
8.1	  1.1E-4
8.2	  0.0
8.3	  0.0
8.4	  0.0
8.5	  0.0
8.6	  0.0
8.7	  0.0
8.8	  0.0
8.9	  0.0
9.0	  0.0



DATASET #2

     Name: 2.5%,97.5%
   Points: 66
     Info: 

Data[x,y]:
2.5	  3742.0
2.6	  2968.0
2.7	  2354.0
2.8	  1864.0
2.9	  1477.0
3.0	  1169.0
3.1	  924.0
3.2	  730.0
3.3	  576.0
3.4	  455.0
3.5	  358.0
3.6	  281.0
3.7	  220.0
3.8	  172.0
3.9	  135.0
4.0	  105.0
4.1	  81.0
4.2	  63.0
4.3	  48.0
4.4	  37.0
4.5	  28.0
4.6	  21.0
4.7	  15.0
4.8	  11.0
4.9	  8.0
5.0	  6.0
5.1	  4.0
5.2	  3.0
5.3	  2.0
5.4	  1.0
5.5	  0.0
5.6	  0.0
5.7	  0.0
5.8	  0.0
5.9	  0.0
6.0	  0.0
6.1	  0.0
6.2	  0.0
6.3	  0.0
6.4	  0.0
6.5	  0.0
6.6	  0.0
6.7	  0.0
6.8	  0.0
6.9	  0.0
7.0	  0.0
7.1	  0.0
7.2	  0.0
7.3	  0.0
7.4	  0.0
7.5	  0.0
7.6	  0.0
7.7	  0.0
7.8	  0.0
7.9	  0.0
8.0	  0.0
8.1	  0.0
8.2	  0.0
8.3	  0.0
8.4	  0.0
8.5	  0.0
8.6	  0.0
8.7	  0.0
8.8	  0.0
8.9	  0.0
9.0	  0.0



DATASET #3

     Name: null
   Points: 66
     Info: 

Data[x,y]:
2.5	  17496.0
2.6	  13896.0
2.7	  11040.0
2.8	  8769.0
2.9	  6953.0
3.0	  5523.0
3.1	  4387.0
3.2	  3486.0
3.3	  2769.0
3.4	  2198.0
3.5	  1745.0
3.6	  1386.0
3.7	  1100.0
3.8	  873.0
3.9	  691.0
4.0	  550.0
4.1	  437.0
4.2	  346.0
4.3	  275.0
4.4	  218.0
4.5	  172.0
4.6	  137.0
4.7	  109.0
4.8	  86.0
4.9	  69.0
5.0	  54.0
5.1	  43.0
5.2	  34.0
5.3	  27.0
5.4	  22.0
5.5	  17.0
5.6	  14.0
5.7	  11.0
5.8	  9.0
5.9	  7.0
6.0	  6.0
6.1	  5.0
6.2	  3.0
6.3	  3.0
6.4	  2.0
6.5	  2.0
6.6	  2.0
6.7	  2.0
6.8	  1.0
6.9	  1.0
7.0	  1.0
7.1	  1.0
7.2	  1.0
7.3	  1.0
7.4	  1.0
7.5	  1.0
7.6	  0.0
7.7	  0.0
7.8	  0.0
7.9	  0.0
8.0	  0.0
8.1	  0.0
8.2	  0.0
8.3	  0.0
8.4	  0.0
8.5	  0.0
8.6	  0.0
8.7	  0.0
8.8	  0.0
8.9	  0.0
9.0	  0.0



DATASET #4

     Name: Median
   Points: 66
     Info: 

Data[x,y]:
2.5	  4803.0
2.6	  3816.0
2.7	  3032.0
2.8	  2409.0
2.9	  1913.0
3.0	  1520.0
3.1	  1208.0
3.2	  960.0
3.3	  763.0
3.4	  607.0
3.5	  482.0
3.6	  384.0
3.7	  305.0
3.8	  242.0
3.9	  193.0
4.0	  153.0
4.1	  122.0
4.2	  97.0
4.3	  77.0
4.4	  61.0
4.5	  49.0
4.6	  39.0
4.7	  31.0
4.8	  24.0
4.9	  19.0
5.0	  15.0
5.1	  12.0
5.2	  9.0
5.3	  7.0
5.4	  6.0
5.5	  4.0
5.6	  3.0
5.7	  2.0
5.8	  2.0
5.9	  1.0
6.0	  1.0
6.1	  1.0
6.2	  0.0
6.3	  0.0
6.4	  0.0
6.5	  0.0
6.6	  0.0
6.7	  0.0
6.8	  0.0
6.9	  0.0
7.0	  0.0
7.1	  0.0
7.2	  0.0
7.3	  0.0
7.4	  0.0
7.5	  0.0
7.6	  0.0
7.7	  0.0
7.8	  0.0
7.9	  0.0
8.0	  0.0
8.1	  0.0
8.2	  0.0
8.3	  0.0
8.4	  0.0
8.5	  0.0
8.6	  0.0
8.7	  0.0
8.8	  0.0
8.9	  0.0
9.0	  0.0



DATASET #5

     Name: Mode
   Points: 66
     Info: 

Data[x,y]:
2.5	  4275.0
2.6	  3345.0
2.7	  2671.0
2.8	  2184.0
2.9	  1677.0
3.0	  1346.0
3.1	  1079.0
3.2	  895.0
3.3	  711.0
3.4	  534.0
3.5	  418.0
3.6	  345.0
3.7	  279.0
3.8	  228.0
3.9	  179.0
4.0	  135.0
4.1	  112.0
4.2	  87.0
4.3	  69.0
4.4	  53.0
4.5	  41.0
4.6	  34.0
4.7	  26.0
4.8	  21.0
4.9	  16.0
5.0	  12.0
5.1	  10.0
5.2	  8.0
5.3	  6.0
5.4	  4.0
5.5	  3.0
5.6	  2.0
5.7	  2.0
5.8	  1.0
5.9	  1.0
6.0	  0.0
6.1	  0.0
6.2	  0.0
6.3	  0.0
6.4	  0.0
6.5	  0.0
6.6	  0.0
6.7	  0.0
6.8	  0.0
6.9	  0.0
7.0	  0.0
7.1	  0.0
7.2	  0.0
7.3	  0.0
7.4	  0.0
7.5	  0.0
7.6	  0.0
7.7	  0.0
7.8	  0.0
7.9	  0.0
8.0	  0.0
8.1	  0.0
8.2	  0.0
8.3	  0.0
8.4	  0.0
8.5	  0.0
8.6	  0.0
8.7	  0.0
8.8	  0.0
8.9	  0.0
9.0	  0.0



DATASET #6

     Name: 1 mo Prob
   Points: 66
     Info: 

Data[x,y]:
2.5	  1.0
2.6	  1.0
2.7	  1.0
2.8	  1.0
2.9	  1.0
3.0	  1.0
3.1	  1.0
3.2	  1.0
3.3	  1.0
3.4	  1.0
3.5	  1.0
3.6	  1.0
3.7	  1.0
3.8	  1.0
3.9	  1.0
4.0	  1.0
4.1	  1.0
4.2	  1.0
4.3	  1.0
4.4	  1.0
4.5	  1.0
4.6	  1.0
4.7	  1.0
4.8	  1.0
4.9	  1.0
5.0	  0.99998
5.1	  0.99991
5.2	  0.99907
5.3	  0.99598
5.4	  0.98824
5.5	  0.97042
5.6	  0.93789
5.7	  0.88738
5.8	  0.81941
5.9	  0.73497
6.0	  0.64537
6.1	  0.53826
6.2	  0.40666
6.3	  0.33079
6.4	  0.26361
6.5	  0.21215
6.6	  0.18341
6.7	  0.15336
6.8	  0.12799
6.9	  0.1034
7.0	  0.08263
7.1	  0.06984
7.2	  0.05337
7.3	  0.03777
7.4	  0.03338
7.5	  0.02635
7.6	  0.01391
7.7	  0.00454
7.8	  0.00272
7.9	  0.00156
8.0	  5.7E-4
8.1	  1.1E-4
8.2	  0.0
8.3	  0.0
8.4	  0.0
8.5	  0.0
8.6	  0.0
8.7	  0.0
8.8	  0.0
8.9	  0.0
9.0	  0.0



DATASET #7

Name: 95% Conf
Num Points: 66
Info: 

X, Y Data:
2.5	1.0	[1.0	1.0]
2.6	1.0	[1.0	1.0]
2.7	1.0	[1.0	1.0]
2.8	1.0	[1.0	1.0]
2.9	1.0	[1.0	1.0]
3.0	1.0	[1.0	1.0]
3.1	1.0	[1.0	1.0]
3.2	1.0	[1.0	1.0]
3.3	1.0	[1.0	1.0]
3.4	1.0	[1.0	1.0]
3.5	1.0	[1.0	1.0]
3.6	1.0	[1.0	1.0]
3.7	1.0	[1.0	1.0]
3.8	1.0	[1.0	1.0]
3.9	1.0	[1.0	1.0]
4.0	1.0	[1.0	1.0]
4.1	1.0	[1.0	1.0]
4.2	1.0	[1.0	1.0]
4.3	1.0	[1.0	1.0]
4.4	1.0	[1.0	1.0]
4.5	1.0	[1.0	1.0]
4.6	1.0	[1.0	1.0]
4.7	1.0	[1.0	1.0]
4.8	1.0	[1.0	1.0]
4.9	1.0	[1.0	1.0]
5.0	0.99998	[0.99991935	0.99999654]
5.1	0.99991	[0.99982244	0.9999561]
5.2	0.99907	[0.9988554	0.9992452]
5.3	0.99598	[0.9955631	0.99635834]
5.4	0.98824	[0.9875477	0.9888945]
5.5	0.97042	[0.9693466	0.97145706]
5.6	0.93789	[0.9363721	0.93937415]
5.7	0.88738	[0.88540065	0.8893295]
5.8	0.81941	[0.81700844	0.82178694]
5.9	0.73497	[0.7322205	0.7377014]
6.0	0.64537	[0.6423943	0.6483345]
6.1	0.53826	[0.53516364	0.5413534]
6.2	0.40666	[0.4036141	0.4097131]
6.3	0.33079	[0.32787538	0.33371764]
6.4	0.26361	[0.26088333	0.26635486]
6.5	0.21215	[0.20962214	0.21470001]
6.6	0.18341	[0.18101853	0.18582584]
6.7	0.15336	[0.15113497	0.15561172]
6.8	0.12799	[0.12592867	0.13007997]
6.9	0.1034	[0.10152306	0.10530749]
7.0	0.08263	[0.08093458	0.08435759]
7.1	0.06984	[0.06827178	0.071441375]
7.2	0.05337	[0.051989	0.054785438]
7.3	0.03777	[0.036601126	0.03897454]
7.4	0.03338	[0.032279544	0.034516465]
7.5	0.02635	[0.02537037	0.027366202]
7.6	0.01391	[0.0131976735	0.014659929]
7.7	0.00454	[0.004137161	0.004981361]
7.8	0.00272	[0.0024110284	0.003067768]
7.9	0.00156	[0.0013291816	0.0018298934]
8.0	5.7E-4	[4.3565937E-4	7.4399746E-4]
8.1	1.1E-4	[5.7856672E-5	2.0338313E-4]
8.2	0.0	[0.0	4.7892154E-5]
8.3	0.0	[0.0	4.7892154E-5]
8.4	0.0	[0.0	0.0]
8.5	0.0	[0.0	0.0]
8.6	0.0	[0.0	0.0]
8.7	0.0	[0.0	0.0]
8.8	0.0	[0.0	0.0]
8.9	0.0	[0.0	0.0]
9.0	0.0	[0.0	0.0]



DATASET #8

     Name: Supra
   Points: 66
     Info: 

Data[x,y]:
2.5	  0.33124
2.6	  0.33124
2.7	  0.33124
2.8	  0.33124
2.9	  0.33124
3.0	  0.33124
3.1	  0.33124
3.2	  0.33124
3.3	  0.33124
3.4	  0.33124
3.5	  0.33124
3.6	  0.33124
3.7	  0.33124
3.8	  0.33124
3.9	  0.33124
4.0	  0.33124
4.1	  0.33124
4.2	  0.33124
4.3	  0.33124
4.4	  0.33124
4.5	  0.33124
4.6	  0.33124
4.7	  0.33124
4.8	  0.33124
4.9	  0.33124
5.0	  0.33124
5.1	  0.33124
5.2	  0.33124
5.3	  0.33124
5.4	  0.33124
5.5	  0.33124
5.6	  0.33124
5.7	  0.33124
5.8	  0.33122
5.9	  0.33113
6.0	  0.33103
6.1	  0.28652
6.2	  0.22882
6.3	  0.1972
6.4	  0.17154
6.5	  0.1498
6.6	  0.13835
6.7	  0.1208
6.8	  0.10543
6.9	  0.08796
7.0	  0.07251
7.1	  0.06364
7.2	  0.0499
7.3	  0.03616
7.4	  0.03279
7.5	  0.02616
7.6	  0.01388
7.7	  0.00453
7.8	  0.00271
7.9	  0.00156
8.0	  5.7E-4
8.1	  1.1E-4
8.2	  0.0
8.3	  0.0
8.4	  0.0
8.5	  0.0
8.6	  0.0
8.7	  0.0
8.8	  0.0
8.9	  0.0
9.0	  0.0



DATASET #9

     Name: Primary
   Points: 66
     Info: 

Data[x,y]:
2.5	  2360.3628
2.6	  1874.9619
2.7	  1489.3434
2.8	  1182.8978
2.9	  939.6087
3.0	  746.2905
3.1	  592.71906
3.2	  470.74396
3.3	  373.8198
3.4	  296.92682
3.5	  235.85909
3.6	  187.33476
3.7	  148.76065
3.8	  118.12817
3.9	  93.79561
4.0	  74.44895
4.1	  59.10046
4.2	  46.91318
4.3	  37.20985
4.4	  29.51847
4.5	  23.41041
4.6	  18.55088
4.7	  14.68328
4.8	  11.61915
4.9	  9.18425
5.0	  7.24556
5.1	  5.7136
5.2	  4.49537
5.3	  3.52865
5.4	  2.76011
5.5	  2.14954
5.6	  1.6653
5.7	  1.27985
5.8	  0.97608
5.9	  0.73249
6.0	  0.55525
6.1	  0.40921
6.2	  0.26671
6.3	  0.20261
6.4	  0.15166
6.5	  0.11788
6.6	  0.1005
6.7	  0.08263
6.8	  0.06781
6.9	  0.05412
7.0	  0.0425
7.1	  0.03487
7.2	  0.02611
7.3	  0.01807
7.4	  0.01596
7.5	  0.01243
7.6	  0.00665
7.7	  0.00217
7.8	  0.00133
7.9	  7.4E-4
8.0	  3.0E-4
8.1	  6.0E-5
8.2	  0.0
8.3	  0.0
8.4	  0.0
8.5	  0.0
8.6	  0.0
8.7	  0.0
8.8	  0.0
8.9	  0.0
9.0	  0.0


