
X-Axis: Magnitude
Y-Axis: 1 Day Cumulative Number
Number of Data Sets: 9


DATASET #1

     Name: Mean
   Points: 66
     Info: 

Data[x,y]:
2.5	  1450.7941
2.6	  1152.3849
2.7	  915.3041
2.8	  726.96716
2.9	  577.4168
3.0	  458.60706
3.1	  364.2554
3.2	  289.3299
3.3	  229.79404
3.4	  182.53568
3.5	  144.9608
3.6	  115.10775
3.7	  91.41457
3.8	  72.59293
3.9	  57.62156
4.0	  45.74796
4.1	  36.31068
4.2	  28.80594
4.3	  22.85762
4.4	  18.12316
4.5	  14.36387
4.6	  11.38598
4.7	  9.01587
4.8	  7.13366
4.9	  5.64487
5.0	  4.45463
5.1	  3.51136
5.2	  2.76644
5.3	  2.1707
5.4	  1.69409
5.5	  1.31882
5.6	  1.01949
5.7	  0.78356
5.8	  0.59657
5.9	  0.44985
6.0	  0.34179
6.1	  0.24909
6.2	  0.16291
6.3	  0.12267
6.4	  0.09219
6.5	  0.07104
6.6	  0.06032
6.7	  0.04914
6.8	  0.03985
6.9	  0.03116
7.0	  0.02386
7.1	  0.01974
7.2	  0.01456
7.3	  0.01024
7.4	  0.00917
7.5	  0.00688
7.6	  0.00373
7.7	  0.00115
7.8	  6.8E-4
7.9	  3.9E-4
8.0	  1.5E-4
8.1	  3.0E-5
8.2	  0.0
8.3	  0.0
8.4	  0.0
8.5	  0.0
8.6	  0.0
8.7	  0.0
8.8	  0.0
8.9	  0.0
9.0	  0.0



DATASET #2

     Name: 2.5%,97.5%
   Points: 66
     Info: 

Data[x,y]:
2.5	  116.0
2.6	  92.0
2.7	  73.0
2.8	  57.0
2.9	  45.0
3.0	  36.0
3.1	  28.0
3.2	  22.0
3.3	  17.0
3.4	  13.0
3.5	  10.0
3.6	  8.0
3.7	  6.0
3.8	  5.0
3.9	  3.0
4.0	  2.0
4.1	  2.0
4.2	  1.0
4.3	  1.0
4.4	  0.0
4.5	  0.0
4.6	  0.0
4.7	  0.0
4.8	  0.0
4.9	  0.0
5.0	  0.0
5.1	  0.0
5.2	  0.0
5.3	  0.0
5.4	  0.0
5.5	  0.0
5.6	  0.0
5.7	  0.0
5.8	  0.0
5.9	  0.0
6.0	  0.0
6.1	  0.0
6.2	  0.0
6.3	  0.0
6.4	  0.0
6.5	  0.0
6.6	  0.0
6.7	  0.0
6.8	  0.0
6.9	  0.0
7.0	  0.0
7.1	  0.0
7.2	  0.0
7.3	  0.0
7.4	  0.0
7.5	  0.0
7.6	  0.0
7.7	  0.0
7.8	  0.0
7.9	  0.0
8.0	  0.0
8.1	  0.0
8.2	  0.0
8.3	  0.0
8.4	  0.0
8.5	  0.0
8.6	  0.0
8.7	  0.0
8.8	  0.0
8.9	  0.0
9.0	  0.0



DATASET #3

     Name: null
   Points: 66
     Info: 

Data[x,y]:
2.5	  6902.0
2.6	  5481.0
2.7	  4358.0
2.8	  3460.0
2.9	  2756.0
3.0	  2185.0
3.1	  1734.0
3.2	  1378.0
3.3	  1093.0
3.4	  870.0
3.5	  691.0
3.6	  550.0
3.7	  437.0
3.8	  347.0
3.9	  276.0
4.0	  219.0
4.1	  174.0
4.2	  139.0
4.3	  110.0
4.4	  88.0
4.5	  70.0
4.6	  56.0
4.7	  44.0
4.8	  35.0
4.9	  28.0
5.0	  22.0
5.1	  18.0
5.2	  14.0
5.3	  11.0
5.4	  9.0
5.5	  7.0
5.6	  6.0
5.7	  5.0
5.8	  4.0
5.9	  3.0
6.0	  2.0
6.1	  2.0
6.2	  1.0
6.3	  1.0
6.4	  1.0
6.5	  1.0
6.6	  1.0
6.7	  1.0
6.8	  1.0
6.9	  1.0
7.0	  0.0
7.1	  0.0
7.2	  0.0
7.3	  0.0
7.4	  0.0
7.5	  0.0
7.6	  0.0
7.7	  0.0
7.8	  0.0
7.9	  0.0
8.0	  0.0
8.1	  0.0
8.2	  0.0
8.3	  0.0
8.4	  0.0
8.5	  0.0
8.6	  0.0
8.7	  0.0
8.8	  0.0
8.9	  0.0
9.0	  0.0



DATASET #4

     Name: Median
   Points: 66
     Info: 

Data[x,y]:
2.5	  788.0
2.6	  626.0
2.7	  497.0
2.8	  395.0
2.9	  314.0
3.0	  249.0
3.1	  198.0
3.2	  157.0
3.3	  125.0
3.4	  99.0
3.5	  79.0
3.6	  63.0
3.7	  50.0
3.8	  39.0
3.9	  31.0
4.0	  25.0
4.1	  20.0
4.2	  16.0
4.3	  12.0
4.4	  10.0
4.5	  8.0
4.6	  6.0
4.7	  5.0
4.8	  4.0
4.9	  3.0
5.0	  2.0
5.1	  2.0
5.2	  1.0
5.3	  1.0
5.4	  1.0
5.5	  1.0
5.6	  0.0
5.7	  0.0
5.8	  0.0
5.9	  0.0
6.0	  0.0
6.1	  0.0
6.2	  0.0
6.3	  0.0
6.4	  0.0
6.5	  0.0
6.6	  0.0
6.7	  0.0
6.8	  0.0
6.9	  0.0
7.0	  0.0
7.1	  0.0
7.2	  0.0
7.3	  0.0
7.4	  0.0
7.5	  0.0
7.6	  0.0
7.7	  0.0
7.8	  0.0
7.9	  0.0
8.0	  0.0
8.1	  0.0
8.2	  0.0
8.3	  0.0
8.4	  0.0
8.5	  0.0
8.6	  0.0
8.7	  0.0
8.8	  0.0
8.9	  0.0
9.0	  0.0



DATASET #5

     Name: Mode
   Points: 66
     Info: 

Data[x,y]:
2.5	  282.0
2.6	  223.0
2.7	  171.0
2.8	  129.0
2.9	  138.0
3.0	  84.0
3.1	  62.0
3.2	  52.0
3.3	  38.0
3.4	  31.0
3.5	  26.0
3.6	  20.0
3.7	  15.0
3.8	  12.0
3.9	  10.0
4.0	  8.0
4.1	  6.0
4.2	  5.0
4.3	  4.0
4.4	  3.0
4.5	  3.0
4.6	  2.0
4.7	  1.0
4.8	  1.0
4.9	  1.0
5.0	  0.0
5.1	  0.0
5.2	  0.0
5.3	  0.0
5.4	  0.0
5.5	  0.0
5.6	  0.0
5.7	  0.0
5.8	  0.0
5.9	  0.0
6.0	  0.0
6.1	  0.0
6.2	  0.0
6.3	  0.0
6.4	  0.0
6.5	  0.0
6.6	  0.0
6.7	  0.0
6.8	  0.0
6.9	  0.0
7.0	  0.0
7.1	  0.0
7.2	  0.0
7.3	  0.0
7.4	  0.0
7.5	  0.0
7.6	  0.0
7.7	  0.0
7.8	  0.0
7.9	  0.0
8.0	  0.0
8.1	  0.0
8.2	  0.0
8.3	  0.0
8.4	  0.0
8.5	  0.0
8.6	  0.0
8.7	  0.0
8.8	  0.0
8.9	  0.0
9.0	  0.0



DATASET #6

     Name: 1 d Prob
   Points: 66
     Info: 

Data[x,y]:
2.5	  1.0
2.6	  1.0
2.7	  1.0
2.8	  1.0
2.9	  1.0
3.0	  1.0
3.1	  1.0
3.2	  1.0
3.3	  1.0
3.4	  0.99998
3.5	  0.99995
3.6	  0.99986
3.7	  0.99962
3.8	  0.99917
3.9	  0.99845
4.0	  0.99687
4.1	  0.99418
4.2	  0.98936
4.3	  0.98243
4.4	  0.97228
4.5	  0.95871
4.6	  0.93946
4.7	  0.91407
4.8	  0.88423
4.9	  0.84779
5.0	  0.8038
5.1	  0.75481
5.2	  0.70027
5.3	  0.64324
5.4	  0.58132
5.5	  0.51914
5.6	  0.45621
5.7	  0.39406
5.8	  0.33391
5.9	  0.27748
6.0	  0.22875
6.1	  0.18153
6.2	  0.12917
6.3	  0.102
6.4	  0.07914
6.5	  0.06249
6.6	  0.05473
6.7	  0.04524
6.8	  0.03729
6.9	  0.02975
7.0	  0.02307
7.1	  0.01932
7.2	  0.01436
7.3	  0.01014
7.4	  0.00911
7.5	  0.00686
7.6	  0.00373
7.7	  0.00115
7.8	  6.8E-4
7.9	  3.9E-4
8.0	  1.5E-4
8.1	  3.0E-5
8.2	  0.0
8.3	  0.0
8.4	  0.0
8.5	  0.0
8.6	  0.0
8.7	  0.0
8.8	  0.0
8.9	  0.0
9.0	  0.0



DATASET #7

Name: 95% Conf
Num Points: 66
Info: 

X, Y Data:
2.5	1.0	[1.0	1.0]
2.6	1.0	[1.0	1.0]
2.7	1.0	[1.0	1.0]
2.8	1.0	[1.0	1.0]
2.9	1.0	[1.0	1.0]
3.0	1.0	[1.0	1.0]
3.1	1.0	[1.0	1.0]
3.2	1.0	[1.0	1.0]
3.3	1.0	[1.0	1.0]
3.4	0.99998	[0.99991935	0.99999654]
3.5	0.99995	[0.99987596	0.9999816]
3.6	0.99986	[0.9997587	0.9999203]
3.7	0.99962	[0.99947274	0.9997273]
3.8	0.99917	[0.9989658	0.9993348]
3.9	0.99845	[0.99818087	0.99868006]
4.0	0.99687	[0.9964989	0.9972024]
4.1	0.99418	[0.993684	0.99463767]
4.2	0.98936	[0.98869985	0.98998225]
4.3	0.98243	[0.9815918	0.9832309]
4.4	0.97228	[0.9712391	0.9732844]
4.5	0.95871	[0.957454	0.9599306]
4.6	0.93946	[0.93795985	0.94092625]
4.7	0.91407	[0.9123119	0.91579616]
4.8	0.88423	[0.8822271	0.8862033]
4.9	0.84779	[0.8455451	0.85000813]
5.0	0.8038	[0.8013219	0.8062547]
5.1	0.75481	[0.75212884	0.75747156]
5.2	0.70027	[0.69741774	0.7031068]
5.3	0.64324	[0.6402604	0.6462086]
5.4	0.58132	[0.57825416	0.5843796]
5.5	0.51914	[0.5160376	0.52224094]
5.6	0.45621	[0.4531196	0.45930374]
5.7	0.39406	[0.39103046	0.39709768]
5.8	0.33391	[0.33098838	0.33684438]
5.9	0.27748	[0.2747084	0.28026873]
6.0	0.22875	[0.2261521	0.23136877]
6.1	0.18153	[0.17914818	0.18393633]
6.2	0.12917	[0.12710051	0.13126804]
6.3	0.102	[0.10013447	0.103896186]
6.4	0.07914	[0.077477954	0.08083447]
6.5	0.06249	[0.0610016	0.064012125]
6.6	0.05473	[0.053332325	0.056162007]
6.7	0.04524	[0.0439643	0.046550773]
6.8	0.03729	[0.036128383	0.03848732]
6.9	0.02975	[0.028709983	0.030826317]
7.0	0.02307	[0.022152767	0.024024071]
7.1	0.01932	[0.018480245	0.020196902]
7.2	0.01436	[0.013636178	0.015121385]
7.3	0.01014	[0.0095327385	0.0107852]
7.4	0.00911	[0.008534845	0.009723189]
7.5	0.00686	[0.0063621965	0.007396061]
7.6	0.00373	[0.0033660105	0.0041326215]
7.7	0.00115	[9.5368404E-4	0.0013855506]
7.8	6.8E-4	[5.320696E-4	8.6747156E-4]
7.9	3.9E-4	[2.81098E-4	5.388359E-4]
8.0	1.5E-4	[8.714325E-5	2.5371244E-4]
8.1	3.0E-5	[7.747817E-6	9.559829E-5]
8.2	0.0	[0.0	4.7892154E-5]
8.3	0.0	[0.0	4.7892154E-5]
8.4	0.0	[0.0	0.0]
8.5	0.0	[0.0	0.0]
8.6	0.0	[0.0	0.0]
8.7	0.0	[0.0	0.0]
8.8	0.0	[0.0	0.0]
8.9	0.0	[0.0	0.0]
9.0	0.0	[0.0	0.0]



DATASET #8

     Name: Supra
   Points: 66
     Info: 

Data[x,y]:
2.5	  0.09716
2.6	  0.09716
2.7	  0.09716
2.8	  0.09716
2.9	  0.09716
3.0	  0.09716
3.1	  0.09716
3.2	  0.09716
3.3	  0.09716
3.4	  0.09716
3.5	  0.09716
3.6	  0.09716
3.7	  0.09716
3.8	  0.09716
3.9	  0.09716
4.0	  0.09716
4.1	  0.09716
4.2	  0.09716
4.3	  0.09716
4.4	  0.09716
4.5	  0.09716
4.6	  0.09716
4.7	  0.09716
4.8	  0.09716
4.9	  0.09716
5.0	  0.09716
5.1	  0.09716
5.2	  0.09716
5.3	  0.09716
5.4	  0.09716
5.5	  0.09716
5.6	  0.09716
5.7	  0.09716
5.8	  0.09716
5.9	  0.09715
6.0	  0.09712
6.1	  0.08543
6.2	  0.06616
6.3	  0.05693
6.4	  0.0492
6.5	  0.04308
6.6	  0.04049
6.7	  0.0353
6.8	  0.03078
6.9	  0.02535
7.0	  0.02046
7.1	  0.01785
7.2	  0.01364
7.3	  0.00976
7.4	  0.00883
7.5	  0.00676
7.6	  0.00371
7.7	  0.00115
7.8	  6.8E-4
7.9	  3.9E-4
8.0	  1.5E-4
8.1	  3.0E-5
8.2	  0.0
8.3	  0.0
8.4	  0.0
8.5	  0.0
8.6	  0.0
8.7	  0.0
8.8	  0.0
8.9	  0.0
9.0	  0.0



DATASET #9

     Name: Primary
   Points: 66
     Info: 

Data[x,y]:
2.5	  1071.1927
2.6	  850.8603
2.7	  675.8049
2.8	  536.72314
2.9	  426.32684
3.0	  338.6176
3.1	  268.93784
3.2	  213.62675
3.3	  169.67657
3.4	  134.77728
3.5	  107.03682
3.6	  85.00949
3.7	  67.50765
3.8	  53.60523
3.9	  42.54937
4.0	  33.78677
4.1	  26.81606
4.2	  21.27759
4.3	  16.8846
4.4	  13.38176
4.5	  10.6046
4.6	  8.40675
4.7	  6.65734
4.8	  5.26439
4.9	  4.16537
5.0	  3.28763
5.1	  2.5924
5.2	  2.04198
5.3	  1.60208
5.4	  1.24959
5.5	  0.97185
5.6	  0.75174
5.7	  0.5785
5.8	  0.43989
5.9	  0.33165
6.0	  0.25157
6.1	  0.18444
6.2	  0.12023
6.3	  0.09114
6.4	  0.06815
6.5	  0.05288
6.6	  0.04577
6.7	  0.03774
6.8	  0.03077
6.9	  0.02428
7.0	  0.01852
7.1	  0.01532
7.2	  0.01097
7.3	  0.0076
7.4	  0.00681
7.5	  0.00512
7.6	  0.00274
7.7	  8.8E-4
7.8	  5.4E-4
7.9	  3.1E-4
8.0	  1.2E-4
8.1	  2.0E-5
8.2	  0.0
8.3	  0.0
8.4	  0.0
8.5	  0.0
8.6	  0.0
8.7	  0.0
8.8	  0.0
8.9	  0.0
9.0	  0.0


