
X-Axis: Magnitude
Y-Axis: 1 Year Cumulative Number
Number of Data Sets: 9


DATASET #1

     Name: Mean
   Points: 66
     Info: 

Data[x,y]:
2.5	  4018.801
2.6	  3192.2725
2.7	  2535.3076
2.8	  2013.7732
2.9	  1599.6962
3.0	  1270.4977
3.1	  1009.16547
3.2	  801.7051
3.3	  636.7795
3.4	  505.75226
3.5	  401.68478
3.6	  318.969
3.7	  253.28568
3.8	  201.01485
3.9	  159.64687
4.0	  126.776405
4.1	  100.66637
4.2	  79.86426
4.3	  63.316456
4.4	  50.203674
4.5	  39.80408
4.6	  31.510406
4.7	  24.929863
4.8	  19.705553
4.9	  15.572433
5.0	  12.269399
5.1	  9.665533
5.2	  7.592056
5.3	  5.963798
5.4	  4.6460905
5.5	  3.6053557
5.6	  2.7898848
5.7	  2.140037
5.8	  1.6238445
5.9	  1.2153039
6.0	  0.9254488
6.1	  0.6726308
6.2	  0.44080636
6.3	  0.32754815
6.4	  0.24745035
6.5	  0.19156677
6.6	  0.15244229
6.7	  0.12208505
6.8	  0.09810938
6.9	  0.07389515
7.0	  0.056122147
7.1	  0.046818156
7.2	  0.034889963
7.3	  0.024512434
7.4	  0.02230572
7.5	  0.016162701
7.6	  0.008588298
7.7	  0.0027434842
7.8	  0.0016699469
7.9	  6.560506E-4
8.0	  1.19281925E-4
8.1	  0.0
8.2	  0.0
8.3	  0.0
8.4	  0.0
8.5	  0.0
8.6	  0.0
8.7	  0.0
8.8	  0.0
8.9	  0.0
9.0	  0.0



DATASET #2

     Name: 2.5%,97.5%
   Points: 66
     Info: 

Data[x,y]:
2.5	  415.0
2.6	  328.0
2.7	  260.0
2.8	  206.0
2.9	  163.0
3.0	  128.0
3.1	  102.0
3.2	  81.0
3.3	  63.0
3.4	  51.0
3.5	  40.0
3.6	  31.0
3.7	  24.0
3.8	  19.0
3.9	  15.0
4.0	  11.0
4.1	  9.0
4.2	  7.0
4.3	  5.0
4.4	  4.0
4.5	  3.0
4.6	  2.0
4.7	  1.0
4.8	  1.0
4.9	  0.0
5.0	  0.0
5.1	  0.0
5.2	  0.0
5.3	  0.0
5.4	  0.0
5.5	  0.0
5.6	  0.0
5.7	  0.0
5.8	  0.0
5.9	  0.0
6.0	  0.0
6.1	  0.0
6.2	  0.0
6.3	  0.0
6.4	  0.0
6.5	  0.0
6.6	  0.0
6.7	  0.0
6.8	  0.0
6.9	  0.0
7.0	  0.0
7.1	  0.0
7.2	  0.0
7.3	  0.0
7.4	  0.0
7.5	  0.0
7.6	  0.0
7.7	  0.0
7.8	  0.0
7.9	  0.0
8.0	  0.0
8.1	  0.0
8.2	  0.0
8.3	  0.0
8.4	  0.0
8.5	  0.0
8.6	  0.0
8.7	  0.0
8.8	  0.0
8.9	  0.0
9.0	  0.0



DATASET #3

     Name: null
   Points: 66
     Info: 

Data[x,y]:
2.5	  19029.0
2.6	  15126.0
2.7	  11989.0
2.8	  9517.0
2.9	  7545.0
3.0	  6004.0
3.1	  4749.0
3.2	  3799.0
3.3	  3005.0
3.4	  2385.0
3.5	  1901.0
3.6	  1504.0
3.7	  1196.0
3.8	  952.0
3.9	  749.0
4.0	  599.0
4.1	  473.0
4.2	  377.0
4.3	  300.0
4.4	  237.0
4.5	  188.0
4.6	  150.0
4.7	  119.0
4.8	  95.0
4.9	  76.0
5.0	  60.0
5.1	  47.0
5.2	  37.0
5.3	  30.0
5.4	  23.0
5.5	  18.0
5.6	  14.0
5.7	  11.0
5.8	  9.0
5.9	  7.0
6.0	  5.0
6.1	  4.0
6.2	  3.0
6.3	  2.0
6.4	  2.0
6.5	  2.0
6.6	  1.0
6.7	  1.0
6.8	  1.0
6.9	  1.0
7.0	  1.0
7.1	  1.0
7.2	  1.0
7.3	  0.0
7.4	  0.0
7.5	  0.0
7.6	  0.0
7.7	  0.0
7.8	  0.0
7.9	  0.0
8.0	  0.0
8.1	  0.0
8.2	  0.0
8.3	  0.0
8.4	  0.0
8.5	  0.0
8.6	  0.0
8.7	  0.0
8.8	  0.0
8.9	  0.0
9.0	  0.0



DATASET #4

     Name: Median
   Points: 66
     Info: 

Data[x,y]:
2.5	  2233.0
2.6	  1771.0
2.7	  1407.0
2.8	  1117.0
2.9	  888.0
3.0	  705.0
3.1	  560.0
3.2	  446.0
3.3	  355.0
3.4	  281.0
3.5	  223.0
3.6	  177.0
3.7	  141.0
3.8	  112.0
3.9	  89.0
4.0	  70.0
4.1	  56.0
4.2	  44.0
4.3	  35.0
4.4	  28.0
4.5	  22.0
4.6	  17.0
4.7	  14.0
4.8	  11.0
4.9	  9.0
5.0	  7.0
5.1	  5.0
5.2	  4.0
5.3	  3.0
5.4	  2.0
5.5	  2.0
5.6	  1.0
5.7	  1.0
5.8	  1.0
5.9	  1.0
6.0	  0.0
6.1	  0.0
6.2	  0.0
6.3	  0.0
6.4	  0.0
6.5	  0.0
6.6	  0.0
6.7	  0.0
6.8	  0.0
6.9	  0.0
7.0	  0.0
7.1	  0.0
7.2	  0.0
7.3	  0.0
7.4	  0.0
7.5	  0.0
7.6	  0.0
7.7	  0.0
7.8	  0.0
7.9	  0.0
8.0	  0.0
8.1	  0.0
8.2	  0.0
8.3	  0.0
8.4	  0.0
8.5	  0.0
8.6	  0.0
8.7	  0.0
8.8	  0.0
8.9	  0.0
9.0	  0.0



DATASET #5

     Name: Mode
   Points: 66
     Info: 

Data[x,y]:
2.5	  905.0
2.6	  654.0
2.7	  665.0
2.8	  474.0
2.9	  445.0
3.0	  303.0
3.1	  235.0
3.2	  183.0
3.3	  135.0
3.4	  114.0
3.5	  89.0
3.6	  63.0
3.7	  55.0
3.8	  43.0
3.9	  33.0
4.0	  27.0
4.1	  27.0
4.2	  17.0
4.3	  16.0
4.4	  11.0
4.5	  10.0
4.6	  7.0
4.7	  5.0
4.8	  3.0
4.9	  3.0
5.0	  2.0
5.1	  2.0
5.2	  1.0
5.3	  1.0
5.4	  0.0
5.5	  0.0
5.6	  0.0
5.7	  0.0
5.8	  0.0
5.9	  0.0
6.0	  0.0
6.1	  0.0
6.2	  0.0
6.3	  0.0
6.4	  0.0
6.5	  0.0
6.6	  0.0
6.7	  0.0
6.8	  0.0
6.9	  0.0
7.0	  0.0
7.1	  0.0
7.2	  0.0
7.3	  0.0
7.4	  0.0
7.5	  0.0
7.6	  0.0
7.7	  0.0
7.8	  0.0
7.9	  0.0
8.0	  0.0
8.1	  0.0
8.2	  0.0
8.3	  0.0
8.4	  0.0
8.5	  0.0
8.6	  0.0
8.7	  0.0
8.8	  0.0
8.9	  0.0
9.0	  0.0



DATASET #6

     Name: 1 yr Prob
   Points: 66
     Info: 

Data[x,y]:
2.5	  1.0
2.6	  1.0
2.7	  1.0
2.8	  1.0
2.9	  1.0
3.0	  1.0
3.1	  1.0
3.2	  1.0
3.3	  1.0
3.4	  1.0
3.5	  1.0
3.6	  1.0
3.7	  1.0
3.8	  1.0
3.9	  1.0
4.0	  1.0
4.1	  1.0
4.2	  0.99994034
4.3	  0.99976146
4.4	  0.9990457
4.5	  0.9973758
4.6	  0.9957655
4.7	  0.9907557
4.8	  0.98347944
4.9	  0.97167057
5.0	  0.9541361
5.1	  0.9309954
5.2	  0.8992664
5.3	  0.86216974
5.4	  0.81708115
5.5	  0.7646568
5.6	  0.7072225
5.7	  0.64382416
5.8	  0.57386535
5.9	  0.5008648
6.0	  0.43180057
6.1	  0.3589193
6.2	  0.27393094
6.3	  0.2230572
6.4	  0.17898253
6.5	  0.1454643
6.6	  0.12447069
6.7	  0.10299994
6.8	  0.08630047
6.9	  0.06751357
7.0	  0.052424405
7.1	  0.04467108
7.2	  0.033756785
7.3	  0.023737103
7.4	  0.021828592
7.5	  0.015983777
7.6	  0.008528657
7.7	  0.0027434842
7.8	  0.0016699469
7.9	  6.560506E-4
8.0	  1.19281925E-4
8.1	  0.0
8.2	  0.0
8.3	  0.0
8.4	  0.0
8.5	  0.0
8.6	  0.0
8.7	  0.0
8.8	  0.0
8.9	  0.0
9.0	  0.0



DATASET #7

Name: 95% Conf
Num Points: 66
Info: 

X, Y Data:
2.5	1.0	[1.0	1.0]
2.6	1.0	[1.0	1.0]
2.7	1.0	[1.0	1.0]
2.8	1.0	[1.0	1.0]
2.9	1.0	[1.0	1.0]
3.0	1.0	[1.0	1.0]
3.1	1.0	[1.0	1.0]
3.2	1.0	[1.0	1.0]
3.3	1.0	[1.0	1.0]
3.4	1.0	[1.0	1.0]
3.5	1.0	[1.0	1.0]
3.6	1.0	[1.0	1.0]
3.7	1.0	[1.0	1.0]
3.8	1.0	[1.0	1.0]
3.9	1.0	[1.0	1.0]
4.0	1.0	[1.0	1.0]
4.1	1.0	[1.0	1.0]
4.2	0.99994034	[0.9996127	0.9999969]
4.3	0.99976146	[0.99934405	0.9999236]
4.4	0.9990457	[0.9984135	0.9994352]
4.5	0.9973758	[0.9964451	0.99806994]
4.6	0.9957655	[0.9946294	0.9966676]
4.7	0.9907557	[0.98915833	0.99212354]
4.8	0.98347944	[0.98140484	0.98532915]
4.9	0.97167057	[0.96901804	0.9741044]
5.0	0.9541361	[0.9508335	0.95722866]
5.1	0.9309954	[0.9270287	0.93476313]
5.2	0.8992664	[0.8945884	0.9037603]
5.3	0.86216974	[0.8568385	0.86733407]
5.4	0.81708115	[0.81112677	0.82288957]
5.5	0.7646568	[0.75814533	0.7710464]
5.6	0.7072225	[0.70025796	0.7140918]
5.7	0.64382416	[0.6365136	0.65106857]
5.8	0.57386535	[0.5663341	0.5813626]
5.9	0.5008648	[0.49326736	0.50846183]
6.0	0.43180057	[0.4242897	0.4393428]
6.1	0.3589193	[0.35166192	0.36624157]
6.2	0.27393094	[0.26720318	0.28076273]
6.3	0.2230572	[0.21679021	0.22945166]
6.4	0.17898253	[0.17322439	0.18488848]
6.5	0.1454643	[0.14017947	0.15091248]
6.6	0.12447069	[0.11953038	0.12958406]
6.7	0.10299994	[0.098460376	0.10772256]
6.8	0.08630047	[0.08211505	0.09067675]
6.9	0.06751357	[0.06378483	0.071442]
7.0	0.052424405	[0.049123183	0.055932485]
7.1	0.04467108	[0.04161825	0.0479345]
7.2	0.033756785	[0.031099454	0.036630042]
7.3	0.023737103	[0.021511247	0.026183967]
7.4	0.021828592	[0.019695513	0.024183683]
7.5	0.015983777	[0.014165238	0.018027537]
7.6	0.008528657	[0.0072175395	0.01006974]
7.7	0.0027434842	[0.0020320292	0.0036912386]
7.8	0.0016699469	[0.0011312983	0.0024477262]
7.9	6.560506E-4	[3.4509145E-4	0.0012126566]
8.0	1.19281925E-4	[2.0660504E-5	4.8099106E-4]
8.1	0.0	[0.0	2.8557834E-4]
8.2	0.0	[0.0	2.8557834E-4]
8.3	0.0	[0.0	2.8557834E-4]
8.4	0.0	[0.0	0.0]
8.5	0.0	[0.0	0.0]
8.6	0.0	[0.0	0.0]
8.7	0.0	[0.0	0.0]
8.8	0.0	[0.0	0.0]
8.9	0.0	[0.0	0.0]
9.0	0.0	[0.0	0.0]



DATASET #8

     Name: Supra
   Points: 66
     Info: 

Data[x,y]:
2.5	  0.21267967
2.6	  0.21267967
2.7	  0.21267967
2.8	  0.21267967
2.9	  0.21267967
3.0	  0.21267967
3.1	  0.21267967
3.2	  0.21267967
3.3	  0.21267967
3.4	  0.21267967
3.5	  0.21267967
3.6	  0.21267967
3.7	  0.21267967
3.8	  0.21267967
3.9	  0.21267967
4.0	  0.21267967
4.1	  0.21267967
4.2	  0.21267967
4.3	  0.21267967
4.4	  0.21267967
4.5	  0.21267967
4.6	  0.21267967
4.7	  0.21267967
4.8	  0.21267967
4.9	  0.21267967
5.0	  0.21267967
5.1	  0.21267967
5.2	  0.21267967
5.3	  0.21267967
5.4	  0.21267967
5.5	  0.21267967
5.6	  0.21267967
5.7	  0.21267967
5.8	  0.21267967
5.9	  0.21262003
6.0	  0.21256039
6.1	  0.18661657
6.2	  0.1488042
6.3	  0.12924196
6.4	  0.11319854
6.5	  0.10025646
6.6	  0.092324205
6.7	  0.08123099
6.8	  0.07133059
6.9	  0.057613168
7.0	  0.046460308
7.1	  0.040615495
7.2	  0.031490427
7.3	  0.022603923
7.4	  0.02105326
7.5	  0.015804855
7.6	  0.008528657
7.7	  0.0027434842
7.8	  0.0016699469
7.9	  6.560506E-4
8.0	  1.19281925E-4
8.1	  0.0
8.2	  0.0
8.3	  0.0
8.4	  0.0
8.5	  0.0
8.6	  0.0
8.7	  0.0
8.8	  0.0
8.9	  0.0
9.0	  0.0



DATASET #9

     Name: Primary
   Points: 66
     Info: 

Data[x,y]:
2.5	  2063.3862
2.6	  1639.0356
2.7	  1301.7688
2.8	  1033.941
2.9	  821.3301
3.0	  652.25995
3.1	  518.04016
3.2	  411.55014
3.3	  326.87888
3.4	  259.62857
3.5	  206.20946
3.6	  163.74467
3.7	  130.03865
3.8	  103.19264
3.9	  81.941734
4.0	  65.02767
4.1	  51.637623
4.2	  40.9539
4.3	  32.4853
4.4	  25.746943
4.5	  20.418024
4.6	  16.170572
4.7	  12.794239
4.8	  10.109083
4.9	  7.992187
5.0	  6.3063755
5.1	  4.9674954
5.2	  3.8939583
5.3	  3.0545118
5.4	  2.387547
5.5	  1.8497047
5.6	  1.4363929
5.7	  1.10133
5.8	  0.8362259
5.9	  0.6285561
6.0	  0.4756963
6.1	  0.35128525
6.2	  0.23158586
6.3	  0.17313771
6.4	  0.12965944
6.5	  0.100435376
6.6	  0.08307986
6.7	  0.0685871
6.8	  0.056539632
6.9	  0.044432517
7.0	  0.033220015
7.1	  0.027613765
7.2	  0.020337569
7.3	  0.014612036
7.4	  0.0134192165
7.5	  0.009721477
7.6	  0.0051291226
7.7	  0.0017295879
7.8	  0.0011331782
7.9	  4.1748674E-4
8.0	  1.19281925E-4
8.1	  0.0
8.2	  0.0
8.3	  0.0
8.4	  0.0
8.5	  0.0
8.6	  0.0
8.7	  0.0
8.8	  0.0
8.9	  0.0
9.0	  0.0


