
X-Axis: Magnitude
Y-Axis: 10 Year Cumulative Number
Number of Data Sets: 9


DATASET #1

     Name: Mean
   Points: 66
     Info: 

Data[x,y]:
2.5	  911.1501
2.6	  723.7144
2.7	  574.77875
2.8	  456.50644
2.9	  362.61713
3.0	  288.03516
3.1	  228.78848
3.2	  181.76093
3.3	  144.38202
3.4	  114.65672
3.5	  91.056404
3.6	  72.31626
3.7	  57.422825
3.8	  45.58925
3.9	  36.202827
4.0	  28.724722
4.1	  22.813166
4.2	  18.111198
4.3	  14.363363
4.4	  11.385581
4.5	  9.0301075
4.6	  7.1545258
4.7	  5.664025
4.8	  4.48288
4.9	  3.5400536
5.0	  2.7959213
5.1	  2.2068336
5.2	  1.729678
5.3	  1.3515922
5.4	  1.0539893
5.5	  0.81745976
5.6	  0.63048303
5.7	  0.48091236
5.8	  0.36205724
5.9	  0.26996422
6.0	  0.20243292
6.1	  0.15620752
6.2	  0.115563504
6.3	  0.08543828
6.4	  0.0627907
6.5	  0.045992844
6.6	  0.0349195
6.7	  0.026189623
6.8	  0.018980322
6.9	  0.013559928
7.0	  0.009427549
7.1	  0.0070483005
7.2	  0.005008945
7.3	  0.0031484794
7.4	  0.002486583
7.5	  0.0017531306
7.6	  9.4812165E-4
7.7	  3.5778174E-4
7.8	  2.1466905E-4
7.9	  8.9445435E-5
8.0	  0.0
8.1	  0.0
8.2	  0.0
8.3	  0.0
8.4	  0.0
8.5	  0.0
8.6	  0.0
8.7	  0.0
8.8	  0.0
8.9	  0.0
9.0	  0.0



DATASET #2

     Name: 2.5%,97.5%
   Points: 66
     Info: 

Data[x,y]:
2.5	  545.0
2.6	  429.0
2.7	  338.0
2.8	  265.0
2.9	  208.0
3.0	  163.0
3.1	  127.0
3.2	  99.0
3.3	  77.0
3.4	  59.0
3.5	  45.0
3.6	  35.0
3.7	  26.0
3.8	  20.0
3.9	  15.0
4.0	  11.0
4.1	  8.0
4.2	  6.0
4.3	  4.0
4.4	  2.0
4.5	  2.0
4.6	  1.0
4.7	  0.0
4.8	  0.0
4.9	  0.0
5.0	  0.0
5.1	  0.0
5.2	  0.0
5.3	  0.0
5.4	  0.0
5.5	  0.0
5.6	  0.0
5.7	  0.0
5.8	  0.0
5.9	  0.0
6.0	  0.0
6.1	  0.0
6.2	  0.0
6.3	  0.0
6.4	  0.0
6.5	  0.0
6.6	  0.0
6.7	  0.0
6.8	  0.0
6.9	  0.0
7.0	  0.0
7.1	  0.0
7.2	  0.0
7.3	  0.0
7.4	  0.0
7.5	  0.0
7.6	  0.0
7.7	  0.0
7.8	  0.0
7.9	  0.0
8.0	  0.0
8.1	  0.0
8.2	  0.0
8.3	  0.0
8.4	  0.0
8.5	  0.0
8.6	  0.0
8.7	  0.0
8.8	  0.0
8.9	  0.0
9.0	  0.0



DATASET #3

     Name: null
   Points: 66
     Info: 

Data[x,y]:
2.5	  2498.0
2.6	  1980.0
2.7	  1576.0
2.8	  1251.0
2.9	  998.0
3.0	  792.0
3.1	  630.0
3.2	  501.0
3.3	  398.0
3.4	  318.0
3.5	  253.0
3.6	  201.0
3.7	  160.0
3.8	  128.0
3.9	  102.0
4.0	  82.0
4.1	  65.0
4.2	  53.0
4.3	  42.0
4.4	  34.0
4.5	  28.0
4.6	  22.0
4.7	  18.0
4.8	  15.0
4.9	  12.0
5.0	  10.0
5.1	  9.0
5.2	  7.0
5.3	  6.0
5.4	  5.0
5.5	  4.0
5.6	  3.0
5.7	  3.0
5.8	  2.0
5.9	  2.0
6.0	  2.0
6.1	  1.0
6.2	  1.0
6.3	  1.0
6.4	  1.0
6.5	  1.0
6.6	  1.0
6.7	  0.0
6.8	  0.0
6.9	  0.0
7.0	  0.0
7.1	  0.0
7.2	  0.0
7.3	  0.0
7.4	  0.0
7.5	  0.0
7.6	  0.0
7.7	  0.0
7.8	  0.0
7.9	  0.0
8.0	  0.0
8.1	  0.0
8.2	  0.0
8.3	  0.0
8.4	  0.0
8.5	  0.0
8.6	  0.0
8.7	  0.0
8.8	  0.0
8.9	  0.0
9.0	  0.0



DATASET #4

     Name: Median
   Points: 66
     Info: 

Data[x,y]:
2.5	  719.0
2.6	  571.0
2.7	  455.0
2.8	  361.0
2.9	  287.0
3.0	  229.0
3.1	  182.0
3.2	  145.0
3.3	  115.0
3.4	  92.0
3.5	  73.0
3.6	  58.0
3.7	  46.0
3.8	  37.0
3.9	  29.0
4.0	  23.0
4.1	  18.0
4.2	  15.0
4.3	  12.0
4.4	  9.0
4.5	  7.0
4.6	  6.0
4.7	  4.0
4.8	  3.0
4.9	  3.0
5.0	  2.0
5.1	  2.0
5.2	  1.0
5.3	  1.0
5.4	  1.0
5.5	  0.0
5.6	  0.0
5.7	  0.0
5.8	  0.0
5.9	  0.0
6.0	  0.0
6.1	  0.0
6.2	  0.0
6.3	  0.0
6.4	  0.0
6.5	  0.0
6.6	  0.0
6.7	  0.0
6.8	  0.0
6.9	  0.0
7.0	  0.0
7.1	  0.0
7.2	  0.0
7.3	  0.0
7.4	  0.0
7.5	  0.0
7.6	  0.0
7.7	  0.0
7.8	  0.0
7.9	  0.0
8.0	  0.0
8.1	  0.0
8.2	  0.0
8.3	  0.0
8.4	  0.0
8.5	  0.0
8.6	  0.0
8.7	  0.0
8.8	  0.0
8.9	  0.0
9.0	  0.0



DATASET #5

     Name: Mode
   Points: 66
     Info: 

Data[x,y]:
2.5	  634.0
2.6	  504.0
2.7	  404.0
2.8	  334.0
2.9	  246.0
3.0	  209.0
3.1	  171.0
3.2	  128.0
3.3	  103.0
3.4	  83.0
3.5	  68.0
3.6	  52.0
3.7	  41.0
3.8	  33.0
3.9	  25.0
4.0	  20.0
4.1	  16.0
4.2	  12.0
4.3	  10.0
4.4	  7.0
4.5	  6.0
4.6	  5.0
4.7	  3.0
4.8	  2.0
4.9	  2.0
5.0	  1.0
5.1	  1.0
5.2	  0.0
5.3	  0.0
5.4	  0.0
5.5	  0.0
5.6	  0.0
5.7	  0.0
5.8	  0.0
5.9	  0.0
6.0	  0.0
6.1	  0.0
6.2	  0.0
6.3	  0.0
6.4	  0.0
6.5	  0.0
6.6	  0.0
6.7	  0.0
6.8	  0.0
6.9	  0.0
7.0	  0.0
7.1	  0.0
7.2	  0.0
7.3	  0.0
7.4	  0.0
7.5	  0.0
7.6	  0.0
7.7	  0.0
7.8	  0.0
7.9	  0.0
8.0	  0.0
8.1	  0.0
8.2	  0.0
8.3	  0.0
8.4	  0.0
8.5	  0.0
8.6	  0.0
8.7	  0.0
8.8	  0.0
8.9	  0.0
9.0	  0.0



DATASET #6

     Name: 10 yr Prob
   Points: 66
     Info: 

Data[x,y]:
2.5	  1.0
2.6	  1.0
2.7	  1.0
2.8	  1.0
2.9	  1.0
3.0	  1.0
3.1	  1.0
3.2	  1.0
3.3	  1.0
3.4	  1.0
3.5	  1.0
3.6	  1.0
3.7	  1.0
3.8	  1.0
3.9	  1.0
4.0	  1.0
4.1	  0.9999821
4.2	  0.99996424
4.3	  0.99973166
4.4	  0.9990161
4.5	  0.99547404
4.6	  0.98817533
4.7	  0.97143114
4.8	  0.9430948
4.9	  0.89948124
5.0	  0.8432737
5.1	  0.7738819
5.2	  0.6955635
5.3	  0.6137925
5.4	  0.53112704
5.5	  0.4517889
5.6	  0.37615386
5.7	  0.30858678
5.8	  0.24788909
5.9	  0.19624329
6.0	  0.15366726
6.1	  0.12336315
6.2	  0.09515206
6.3	  0.07257603
6.4	  0.054740608
6.5	  0.0409839
6.6	  0.031860463
6.7	  0.02431127
6.8	  0.01783542
6.9	  0.01293381
7.0	  0.009141324
7.1	  0.0068515204
7.2	  0.004883721
7.3	  0.0030948122
7.4	  0.002450805
7.5	  0.0017352415
7.6	  9.302326E-4
7.7	  3.5778174E-4
7.8	  2.1466905E-4
7.9	  8.9445435E-5
8.0	  0.0
8.1	  0.0
8.2	  0.0
8.3	  0.0
8.4	  0.0
8.5	  0.0
8.6	  0.0
8.7	  0.0
8.8	  0.0
8.9	  0.0
9.0	  0.0



DATASET #7

Name: 95% Conf
Num Points: 66
Info: 

X, Y Data:
2.5	1.0	[1.0	1.0]
2.6	1.0	[1.0	1.0]
2.7	1.0	[1.0	1.0]
2.8	1.0	[1.0	1.0]
2.9	1.0	[1.0	1.0]
3.0	1.0	[1.0	1.0]
3.1	1.0	[1.0	1.0]
3.2	1.0	[1.0	1.0]
3.3	1.0	[1.0	1.0]
3.4	1.0	[1.0	1.0]
3.5	1.0	[1.0	1.0]
3.6	1.0	[1.0	1.0]
3.7	1.0	[1.0	1.0]
3.8	1.0	[1.0	1.0]
3.9	1.0	[1.0	1.0]
4.0	1.0	[1.0	1.0]
4.1	0.9999821	[0.99988383	0.99999905]
4.2	0.99996424	[0.9998557	0.9999938]
4.3	0.99973166	[0.9995462	0.99984413]
4.4	0.9990161	[0.99870956	0.9992517]
4.5	0.99547404	[0.99487305	0.9960059]
4.6	0.98817533	[0.9872358	0.9890471]
4.7	0.97143114	[0.9700082	0.9727888]
4.8	0.9430948	[0.94113463	0.9449938]
4.9	0.89948124	[0.896952	0.90195537]
5.0	0.8432737	[0.84022737	0.8462727]
5.1	0.7738819	[0.7703864	0.77733976]
5.2	0.6955635	[0.69172645	0.6993736]
5.3	0.6137925	[0.60973966	0.6178296]
5.4	0.53112704	[0.52697915	0.5352706]
5.5	0.4517889	[0.4476578	0.4559267]
5.6	0.37615386	[0.37213776	0.38018698]
5.7	0.30858678	[0.30476192	0.31243798]
5.8	0.24788909	[0.24431811	0.2514948]
5.9	0.19624329	[0.19296294	0.1995655]
6.0	0.15366726	[0.15069261	0.15668966]
6.1	0.12336315	[0.12065397	0.12612426]
6.2	0.09515206	[0.092738494	0.09762146]
6.3	0.07257603	[0.070445724	0.074765325]
6.4	0.054740608	[0.052876487	0.056666214]
6.5	0.0409839	[0.039362922	0.042668305]
6.6	0.031860463	[0.030427637	0.033358026]
6.7	0.02431127	[0.023058107	0.025630267]
6.8	0.01783542	[0.016762221	0.018975426]
6.9	0.01293381	[0.0120214205	0.0139137795]
7.0	0.009141324	[0.008376829	0.009974044]
7.1	0.0068515204	[0.006192258	0.007579445]
7.2	0.004883721	[0.0043304325	0.0055061076]
7.3	0.0030948122	[0.0026589655	0.0036002744]
7.4	0.002450805	[0.0020654923	0.002905986]
7.5	0.0017352415	[0.0014147118	0.0021260174]
7.6	9.302326E-4	[7.0175907E-4	0.0012297017]
7.7	3.5778174E-4	[2.2461018E-4	5.6344934E-4]
7.8	2.1466905E-4	[1.1632109E-4	3.8657422E-4]
7.9	8.9445435E-5	[3.2930155E-5	2.2185211E-4]
8.0	0.0	[0.0	8.567207E-5]
8.1	0.0	[0.0	8.567207E-5]
8.2	0.0	[0.0	8.567207E-5]
8.3	0.0	[0.0	8.567207E-5]
8.4	0.0	[0.0	0.0]
8.5	0.0	[0.0	0.0]
8.6	0.0	[0.0	0.0]
8.7	0.0	[0.0	0.0]
8.8	0.0	[0.0	0.0]
8.9	0.0	[0.0	0.0]
9.0	0.0	[0.0	0.0]



DATASET #8

     Name: Supra
   Points: 66
     Info: 

Data[x,y]:
2.5	  0.019534884
2.6	  0.019534884
2.7	  0.019534884
2.8	  0.019534884
2.9	  0.019534884
3.0	  0.019534884
3.1	  0.019534884
3.2	  0.019534884
3.3	  0.019534884
3.4	  0.019534884
3.5	  0.019534884
3.6	  0.019534884
3.7	  0.019534884
3.8	  0.019534884
3.9	  0.019534884
4.0	  0.019534884
4.1	  0.019534884
4.2	  0.019534884
4.3	  0.019534884
4.4	  0.019534884
4.5	  0.019534884
4.6	  0.019534884
4.7	  0.019534884
4.8	  0.019534884
4.9	  0.019534884
5.0	  0.019534884
5.1	  0.019534884
5.2	  0.019534884
5.3	  0.019534884
5.4	  0.019534884
5.5	  0.019534884
5.6	  0.019534884
5.7	  0.019534884
5.8	  0.019534884
5.9	  0.019534884
6.0	  0.019516995
6.1	  0.018640429
6.2	  0.015849732
6.3	  0.012862254
6.4	  0.011627907
6.5	  0.010608229
6.6	  0.010125224
6.7	  0.0090161
6.8	  0.007745975
6.9	  0.0063864044
7.0	  0.005008945
7.1	  0.0042933812
7.2	  0.0034168158
7.3	  0.0023613595
7.4	  0.0020930232
7.5	  0.0016815743
7.6	  8.9445437E-4
7.7	  3.3989266E-4
7.8	  1.9677996E-4
7.9	  8.9445435E-5
8.0	  0.0
8.1	  0.0
8.2	  0.0
8.3	  0.0
8.4	  0.0
8.5	  0.0
8.6	  0.0
8.7	  0.0
8.8	  0.0
8.9	  0.0
9.0	  0.0



DATASET #9

     Name: Primary
   Points: 66
     Info: 

Data[x,y]:
2.5	  419.1356
2.6	  332.86014
2.7	  264.36597
2.8	  209.95955
2.9	  166.79744
3.0	  132.49774
3.1	  105.25419
3.2	  83.6346
3.3	  66.4319
3.4	  52.75533
3.5	  41.886368
3.6	  33.26086
3.7	  26.411324
3.8	  20.97408
3.9	  16.644026
4.0	  13.219463
4.1	  10.500519
4.2	  8.333542
4.3	  6.610626
4.4	  5.2406263
4.5	  4.1602864
4.6	  3.2997496
4.7	  2.614526
4.8	  2.0689623
4.9	  1.6332022
5.0	  1.2935599
5.1	  1.023864
5.2	  0.8042218
5.3	  0.6296601
5.4	  0.4929517
5.5	  0.3836315
5.6	  0.29728085
5.7	  0.22849731
5.8	  0.17341682
5.9	  0.13091235
6.0	  0.0978712
6.1	  0.075974956
6.2	  0.05627907
6.3	  0.041395348
6.4	  0.030357782
6.5	  0.022450805
6.6	  0.016976744
6.7	  0.012450805
6.8	  0.008765653
6.9	  0.006135957
7.0	  0.0040429337
7.1	  0.0029874777
7.2	  0.0020930232
7.3	  0.0012701253
7.4	  9.838998E-4
7.5	  6.261181E-4
7.6	  4.293381E-4
7.7	  1.610018E-4
7.8	  8.9445435E-5
7.9	  1.7889088E-5
8.0	  0.0
8.1	  0.0
8.2	  0.0
8.3	  0.0
8.4	  0.0
8.5	  0.0
8.6	  0.0
8.7	  0.0
8.8	  0.0
8.9	  0.0
9.0	  0.0


