
X-Axis: Magnitude
Y-Axis: 1 Day Cumulative Number
Number of Data Sets: 9


DATASET #1

     Name: Mean
   Points: 66
     Info: 

Data[x,y]:
2.5	  276.3632
2.6	  219.53574
2.7	  174.30829
2.8	  138.39236
2.9	  109.958984
3.0	  87.30055
3.1	  69.35787
3.2	  55.137917
3.3	  43.83662
3.4	  34.795555
3.5	  27.606527
3.6	  21.935139
3.7	  17.423935
3.8	  13.824583
3.9	  10.979722
4.0	  8.718797
4.1	  6.9088426
4.2	  5.4849076
4.3	  4.3547688
4.4	  3.447824
4.5	  2.7247221
4.6	  2.1543982
4.7	  1.7000463
4.8	  1.3484722
4.9	  1.0656945
5.0	  0.84439814
5.1	  0.6664815
5.2	  0.5213889
5.3	  0.40421295
5.4	  0.31726852
5.5	  0.24726851
5.6	  0.18898149
5.7	  0.14444445
5.8	  0.10851852
5.9	  0.08175926
6.0	  0.06087963
6.1	  0.04773148
6.2	  0.03662037
6.3	  0.026342593
6.4	  0.019953704
6.5	  0.015462963
6.6	  0.011527778
6.7	  0.00912037
6.8	  0.0067592594
6.9	  0.004953704
7.0	  0.003148148
7.1	  0.0022685186
7.2	  0.001574074
7.3	  0.0010185185
7.4	  6.481481E-4
7.5	  4.1666668E-4
7.6	  4.1666668E-4
7.7	  2.7777778E-4
7.8	  9.259259E-5
7.9	  0.0
8.0	  0.0
8.1	  0.0
8.2	  0.0
8.3	  0.0
8.4	  0.0
8.5	  0.0
8.6	  0.0
8.7	  0.0
8.8	  0.0
8.9	  0.0
9.0	  0.0



DATASET #2

     Name: 2.5%,97.5%
   Points: 66
     Info: 

Data[x,y]:
2.5	  208.0
2.6	  162.0
2.7	  127.0
2.8	  98.0
2.9	  76.0
3.0	  59.0
3.1	  45.0
3.2	  34.0
3.3	  26.0
3.4	  19.0
3.5	  14.0
3.6	  11.0
3.7	  8.0
3.8	  6.0
3.9	  4.0
4.0	  3.0
4.1	  2.0
4.2	  1.0
4.3	  0.0
4.4	  0.0
4.5	  0.0
4.6	  0.0
4.7	  0.0
4.8	  0.0
4.9	  0.0
5.0	  0.0
5.1	  0.0
5.2	  0.0
5.3	  0.0
5.4	  0.0
5.5	  0.0
5.6	  0.0
5.7	  0.0
5.8	  0.0
5.9	  0.0
6.0	  0.0
6.1	  0.0
6.2	  0.0
6.3	  0.0
6.4	  0.0
6.5	  0.0
6.6	  0.0
6.7	  0.0
6.8	  0.0
6.9	  0.0
7.0	  0.0
7.1	  0.0
7.2	  0.0
7.3	  0.0
7.4	  0.0
7.5	  0.0
7.6	  0.0
7.7	  0.0
7.8	  0.0
7.9	  0.0
8.0	  0.0
8.1	  0.0
8.2	  0.0
8.3	  0.0
8.4	  0.0
8.5	  0.0
8.6	  0.0
8.7	  0.0
8.8	  0.0
8.9	  0.0
9.0	  0.0



DATASET #3

     Name: null
   Points: 66
     Info: 

Data[x,y]:
2.5	  470.0
2.6	  373.0
2.7	  297.0
2.8	  235.0
2.9	  188.0
3.0	  151.0
3.1	  121.0
3.2	  96.0
3.3	  77.0
3.4	  62.0
3.5	  50.0
3.6	  41.0
3.7	  33.0
3.8	  27.0
3.9	  22.0
4.0	  18.0
4.1	  15.0
4.2	  13.0
4.3	  11.0
4.4	  9.0
4.5	  8.0
4.6	  6.0
4.7	  6.0
4.8	  5.0
4.9	  4.0
5.0	  3.0
5.1	  3.0
5.2	  3.0
5.3	  2.0
5.4	  2.0
5.5	  2.0
5.6	  1.0
5.7	  1.0
5.8	  1.0
5.9	  1.0
6.0	  1.0
6.1	  1.0
6.2	  1.0
6.3	  0.0
6.4	  0.0
6.5	  0.0
6.6	  0.0
6.7	  0.0
6.8	  0.0
6.9	  0.0
7.0	  0.0
7.1	  0.0
7.2	  0.0
7.3	  0.0
7.4	  0.0
7.5	  0.0
7.6	  0.0
7.7	  0.0
7.8	  0.0
7.9	  0.0
8.0	  0.0
8.1	  0.0
8.2	  0.0
8.3	  0.0
8.4	  0.0
8.5	  0.0
8.6	  0.0
8.7	  0.0
8.8	  0.0
8.9	  0.0
9.0	  0.0



DATASET #4

     Name: Median
   Points: 66
     Info: 

Data[x,y]:
2.5	  253.0
2.6	  201.0
2.7	  160.0
2.8	  127.0
2.9	  101.0
3.0	  80.0
3.1	  64.0
3.2	  51.0
3.3	  40.0
3.4	  32.0
3.5	  26.0
3.6	  20.0
3.7	  16.0
3.8	  13.0
3.9	  10.0
4.0	  8.0
4.1	  6.0
4.2	  5.0
4.3	  4.0
4.4	  3.0
4.5	  2.0
4.6	  2.0
4.7	  1.0
4.8	  1.0
4.9	  1.0
5.0	  1.0
5.1	  0.0
5.2	  0.0
5.3	  0.0
5.4	  0.0
5.5	  0.0
5.6	  0.0
5.7	  0.0
5.8	  0.0
5.9	  0.0
6.0	  0.0
6.1	  0.0
6.2	  0.0
6.3	  0.0
6.4	  0.0
6.5	  0.0
6.6	  0.0
6.7	  0.0
6.8	  0.0
6.9	  0.0
7.0	  0.0
7.1	  0.0
7.2	  0.0
7.3	  0.0
7.4	  0.0
7.5	  0.0
7.6	  0.0
7.7	  0.0
7.8	  0.0
7.9	  0.0
8.0	  0.0
8.1	  0.0
8.2	  0.0
8.3	  0.0
8.4	  0.0
8.5	  0.0
8.6	  0.0
8.7	  0.0
8.8	  0.0
8.9	  0.0
9.0	  0.0



DATASET #5

     Name: Mode
   Points: 66
     Info: 

Data[x,y]:
2.5	  244.0
2.6	  195.0
2.7	  153.0
2.8	  122.0
2.9	  99.0
3.0	  78.0
3.1	  62.0
3.2	  51.0
3.3	  39.0
3.4	  31.0
3.5	  24.0
3.6	  19.0
3.7	  15.0
3.8	  12.0
3.9	  10.0
4.0	  7.0
4.1	  6.0
4.2	  4.0
4.3	  3.0
4.4	  2.0
4.5	  2.0
4.6	  1.0
4.7	  1.0
4.8	  1.0
4.9	  0.0
5.0	  0.0
5.1	  0.0
5.2	  0.0
5.3	  0.0
5.4	  0.0
5.5	  0.0
5.6	  0.0
5.7	  0.0
5.8	  0.0
5.9	  0.0
6.0	  0.0
6.1	  0.0
6.2	  0.0
6.3	  0.0
6.4	  0.0
6.5	  0.0
6.6	  0.0
6.7	  0.0
6.8	  0.0
6.9	  0.0
7.0	  0.0
7.1	  0.0
7.2	  0.0
7.3	  0.0
7.4	  0.0
7.5	  0.0
7.6	  0.0
7.7	  0.0
7.8	  0.0
7.9	  0.0
8.0	  0.0
8.1	  0.0
8.2	  0.0
8.3	  0.0
8.4	  0.0
8.5	  0.0
8.6	  0.0
8.7	  0.0
8.8	  0.0
8.9	  0.0
9.0	  0.0



DATASET #6

     Name: 1 d Prob
   Points: 66
     Info: 

Data[x,y]:
2.5	  1.0
2.6	  1.0
2.7	  1.0
2.8	  1.0
2.9	  1.0
3.0	  1.0
3.1	  1.0
3.2	  1.0
3.3	  1.0
3.4	  1.0
3.5	  1.0
3.6	  1.0
3.7	  1.0
3.8	  1.0
3.9	  0.99990743
4.0	  0.9986574
4.1	  0.99587965
4.2	  0.98796296
4.3	  0.97375
4.4	  0.94458336
4.5	  0.8967593
4.6	  0.8360185
4.7	  0.7613889
4.8	  0.68162036
4.9	  0.5986111
5.0	  0.5183796
5.1	  0.43870372
5.2	  0.36481482
5.3	  0.2989815
5.4	  0.24518518
5.5	  0.19939815
5.6	  0.15722223
5.7	  0.122777775
5.8	  0.09439815
5.9	  0.072222225
6.0	  0.054675926
6.1	  0.04328704
6.2	  0.033796296
6.3	  0.024444444
6.4	  0.018703703
6.5	  0.014629629
6.6	  0.011111111
6.7	  0.008935185
6.8	  0.006666667
6.9	  0.0049074073
7.0	  0.0031018518
7.1	  0.0022222223
7.2	  0.0015277778
7.3	  9.7222225E-4
7.4	  6.0185185E-4
7.5	  3.7037037E-4
7.6	  3.7037037E-4
7.7	  2.7777778E-4
7.8	  9.259259E-5
7.9	  0.0
8.0	  0.0
8.1	  0.0
8.2	  0.0
8.3	  0.0
8.4	  0.0
8.5	  0.0
8.6	  0.0
8.7	  0.0
8.8	  0.0
8.9	  0.0
9.0	  0.0



DATASET #7

Name: 95% Conf
Num Points: 66
Info: 

X, Y Data:
2.5	1.0	[1.0	1.0]
2.6	1.0	[1.0	1.0]
2.7	1.0	[1.0	1.0]
2.8	1.0	[1.0	1.0]
2.9	1.0	[1.0	1.0]
3.0	1.0	[1.0	1.0]
3.1	1.0	[1.0	1.0]
3.2	1.0	[1.0	1.0]
3.3	1.0	[1.0	1.0]
3.4	1.0	[1.0	1.0]
3.5	1.0	[1.0	1.0]
3.6	1.0	[1.0	1.0]
3.7	1.0	[1.0	1.0]
3.8	1.0	[1.0	1.0]
3.9	0.99990743	[0.99962664	0.99998397]
4.0	0.9986574	[0.9980452	0.999084]
4.1	0.99587965	[0.9949072	0.99667096]
4.2	0.98796296	[0.9863949	0.9893547]
4.3	0.97375	[0.9715081	0.9758216]
4.4	0.94458336	[0.9414286	0.9475788]
4.5	0.8967593	[0.8926071	0.90076953]
4.6	0.8360185	[0.8309976	0.8409194]
4.7	0.7613889	[0.7556351	0.7670494]
4.8	0.68162036	[0.6753527	0.68782324]
4.9	0.5986111	[0.59203386	0.6051532]
5.0	0.5183796	[0.51169026	0.52506244]
5.1	0.43870372	[0.4320743	0.44535497]
5.2	0.36481482	[0.35839662	0.37128127]
5.3	0.2989815	[0.29288924	0.3051455]
5.4	0.24518518	[0.2394707	0.25099066]
5.5	0.19939815	[0.19410048	0.20480318]
5.6	0.15722223	[0.15240589	0.16216104]
5.7	0.122777775	[0.11844527	0.12724514]
5.8	0.09439815	[0.090548	0.0983934]
5.9	0.072222225	[0.068823	0.0757746]
6.0	0.054675926	[0.05169989	0.057811547]
6.1	0.04328704	[0.040630892	0.04610699]
6.2	0.033796296	[0.03144574	0.03631424]
6.3	0.024444444	[0.022445839	0.026614076]
6.4	0.018703703	[0.016958645	0.020622121]
6.5	0.014629629	[0.013090658	0.016343711]
6.6	0.011111111	[0.009775844	0.01262312]
6.7	0.008935185	[0.007743081	0.010305145]
6.8	0.006666667	[0.005644417	0.007868095]
6.9	0.0049074073	[0.004038476	0.0059567676]
7.0	0.0031018518	[0.002423038	0.0039628595]
7.1	0.0022222223	[0.0016567084	0.0029712273]
7.2	0.0015277778	[0.0010688596	0.002171739]
7.3	9.7222225E-4	[6.177209E-4	0.0015138643]
7.4	6.0185185E-4	[3.3474615E-4	0.0010586953]
7.5	3.7037037E-4	[1.7222266E-4	7.613579E-4]
7.6	3.7037037E-4	[1.7222266E-4	7.613579E-4]
7.7	2.7777778E-4	[1.1292186E-4	6.375528E-4]
7.8	9.259259E-5	[1.603767E-5	3.733905E-4]
7.9	0.0	[0.0	2.2169169E-4]
8.0	0.0	[0.0	2.2169169E-4]
8.1	0.0	[0.0	2.2169169E-4]
8.2	0.0	[0.0	2.2169169E-4]
8.3	0.0	[0.0	2.2169169E-4]
8.4	0.0	[0.0	0.0]
8.5	0.0	[0.0	0.0]
8.6	0.0	[0.0	0.0]
8.7	0.0	[0.0	0.0]
8.8	0.0	[0.0	0.0]
8.9	0.0	[0.0	0.0]
9.0	0.0	[0.0	0.0]



DATASET #8

     Name: Supra
   Points: 66
     Info: 

Data[x,y]:
2.5	  0.0058333334
2.6	  0.0058333334
2.7	  0.0058333334
2.8	  0.0058333334
2.9	  0.0058333334
3.0	  0.0058333334
3.1	  0.0058333334
3.2	  0.0058333334
3.3	  0.0058333334
3.4	  0.0058333334
3.5	  0.0058333334
3.6	  0.0058333334
3.7	  0.0058333334
3.8	  0.0058333334
3.9	  0.0058333334
4.0	  0.0058333334
4.1	  0.0058333334
4.2	  0.0058333334
4.3	  0.0058333334
4.4	  0.0058333334
4.5	  0.0058333334
4.6	  0.0058333334
4.7	  0.0058333334
4.8	  0.0058333334
4.9	  0.0058333334
5.0	  0.0058333334
5.1	  0.0058333334
5.2	  0.0058333334
5.3	  0.0058333334
5.4	  0.0058333334
5.5	  0.0058333334
5.6	  0.0058333334
5.7	  0.0058333334
5.8	  0.0058333334
5.9	  0.0058333334
6.0	  0.0058333334
6.1	  0.0056944443
6.2	  0.004953704
6.3	  0.0039351853
6.4	  0.0036574074
6.5	  0.0035185185
6.6	  0.0034722222
6.7	  0.0032407406
6.8	  0.0028703704
6.9	  0.0024074074
7.0	  0.0016666667
7.1	  0.00125
7.2	  9.259259E-4
7.3	  6.481481E-4
7.4	  4.6296295E-4
7.5	  3.2407406E-4
7.6	  3.2407406E-4
7.7	  2.3148148E-4
7.8	  4.6296296E-5
7.9	  0.0
8.0	  0.0
8.1	  0.0
8.2	  0.0
8.3	  0.0
8.4	  0.0
8.5	  0.0
8.6	  0.0
8.7	  0.0
8.8	  0.0
8.9	  0.0
9.0	  0.0



DATASET #9

     Name: Primary
   Points: 66
     Info: 

Data[x,y]:
2.5	  206.13449
2.6	  163.75713
2.7	  130.02583
2.8	  103.24069
2.9	  82.02949
3.0	  65.12301
3.1	  51.732822
3.2	  41.121758
3.3	  32.682777
3.4	  25.949722
3.5	  20.59023
3.6	  16.355694
3.7	  12.98963
3.8	  10.309537
3.9	  8.188565
4.0	  6.505787
4.1	  5.1561575
4.2	  4.092639
4.3	  3.2509723
4.4	  2.5708797
4.5	  2.0329168
4.6	  1.605
4.7	  1.2667129
4.8	  1.0030556
4.9	  0.79041666
5.0	  0.62453705
5.1	  0.49157408
5.2	  0.3861574
5.3	  0.2998611
5.4	  0.23583333
5.5	  0.1837037
5.6	  0.13981481
5.7	  0.10662037
5.8	  0.08023148
5.9	  0.060555555
6.0	  0.045092594
6.1	  0.035277776
6.2	  0.027083334
6.3	  0.01925926
6.4	  0.014444444
6.5	  0.010972222
6.6	  0.008101852
6.7	  0.0063888887
6.8	  0.0044907406
6.9	  0.0032870371
7.0	  0.002175926
7.1	  0.0014351852
7.2	  0.0011111111
7.3	  6.481481E-4
7.4	  4.6296295E-4
7.5	  2.3148148E-4
7.6	  2.3148148E-4
7.7	  1.8518518E-4
7.8	  9.259259E-5
7.9	  0.0
8.0	  0.0
8.1	  0.0
8.2	  0.0
8.3	  0.0
8.4	  0.0
8.5	  0.0
8.6	  0.0
8.7	  0.0
8.8	  0.0
8.9	  0.0
9.0	  0.0


