
X-Axis: Magnitude
Y-Axis: 1 Hour Cumulative Number
Number of Data Sets: 9


DATASET #1

     Name: Mean
   Points: 66
     Info: 

Data[x,y]:
2.5	  99.841805
2.6	  79.34963
2.7	  62.9969
2.8	  50.01727
2.9	  39.744953
3.0	  31.536297
3.1	  25.076296
3.2	  19.924675
3.3	  15.826111
3.4	  12.57375
3.5	  9.987593
3.6	  7.928241
3.7	  6.2937036
3.8	  4.998009
3.9	  3.9696295
4.0	  3.1559722
4.1	  2.4981945
4.2	  1.9859722
4.3	  1.5778704
4.4	  1.2468982
4.5	  0.98310184
4.6	  0.77847224
4.7	  0.6145833
4.8	  0.48875
4.9	  0.38768518
5.0	  0.3090278
5.1	  0.24652778
5.2	  0.19384259
5.3	  0.15106481
5.4	  0.11898148
5.5	  0.09277778
5.6	  0.070185184
5.7	  0.053796295
5.8	  0.040416665
5.9	  0.030787038
6.0	  0.022962963
6.1	  0.01824074
6.2	  0.01375
6.3	  0.01
6.4	  0.0073148147
6.5	  0.0055555557
6.6	  0.0043055555
6.7	  0.0031944443
6.8	  0.0024074074
6.9	  0.0016203703
7.0	  9.7222225E-4
7.1	  7.87037E-4
7.2	  5.5555557E-4
7.3	  3.7037037E-4
7.4	  1.8518518E-4
7.5	  4.6296296E-5
7.6	  4.6296296E-5
7.7	  4.6296296E-5
7.8	  0.0
7.9	  0.0
8.0	  0.0
8.1	  0.0
8.2	  0.0
8.3	  0.0
8.4	  0.0
8.5	  0.0
8.6	  0.0
8.7	  0.0
8.8	  0.0
8.9	  0.0
9.0	  0.0



DATASET #2

     Name: 2.5%,97.5%
   Points: 66
     Info: 

Data[x,y]:
2.5	  77.0
2.6	  59.0
2.7	  45.0
2.8	  35.0
2.9	  26.0
3.0	  20.0
3.1	  15.0
3.2	  11.0
3.3	  8.0
3.4	  6.0
3.5	  4.0
3.6	  3.0
3.7	  2.0
3.8	  1.0
3.9	  1.0
4.0	  0.0
4.1	  0.0
4.2	  0.0
4.3	  0.0
4.4	  0.0
4.5	  0.0
4.6	  0.0
4.7	  0.0
4.8	  0.0
4.9	  0.0
5.0	  0.0
5.1	  0.0
5.2	  0.0
5.3	  0.0
5.4	  0.0
5.5	  0.0
5.6	  0.0
5.7	  0.0
5.8	  0.0
5.9	  0.0
6.0	  0.0
6.1	  0.0
6.2	  0.0
6.3	  0.0
6.4	  0.0
6.5	  0.0
6.6	  0.0
6.7	  0.0
6.8	  0.0
6.9	  0.0
7.0	  0.0
7.1	  0.0
7.2	  0.0
7.3	  0.0
7.4	  0.0
7.5	  0.0
7.6	  0.0
7.7	  0.0
7.8	  0.0
7.9	  0.0
8.0	  0.0
8.1	  0.0
8.2	  0.0
8.3	  0.0
8.4	  0.0
8.5	  0.0
8.6	  0.0
8.7	  0.0
8.8	  0.0
8.9	  0.0
9.0	  0.0



DATASET #3

     Name: null
   Points: 66
     Info: 

Data[x,y]:
2.5	  133.0
2.6	  107.0
2.7	  87.0
2.8	  70.0
2.9	  57.0
3.0	  47.0
3.1	  38.0
3.2	  31.0
3.3	  26.0
3.4	  21.0
3.5	  18.0
3.6	  15.0
3.7	  13.0
3.8	  11.0
3.9	  9.0
4.0	  8.0
4.1	  6.0
4.2	  5.0
4.3	  5.0
4.4	  4.0
4.5	  4.0
4.6	  3.0
4.7	  3.0
4.8	  2.0
4.9	  2.0
5.0	  2.0
5.1	  2.0
5.2	  1.0
5.3	  1.0
5.4	  1.0
5.5	  1.0
5.6	  1.0
5.7	  1.0
5.8	  1.0
5.9	  1.0
6.0	  0.0
6.1	  0.0
6.2	  0.0
6.3	  0.0
6.4	  0.0
6.5	  0.0
6.6	  0.0
6.7	  0.0
6.8	  0.0
6.9	  0.0
7.0	  0.0
7.1	  0.0
7.2	  0.0
7.3	  0.0
7.4	  0.0
7.5	  0.0
7.6	  0.0
7.7	  0.0
7.8	  0.0
7.9	  0.0
8.0	  0.0
8.1	  0.0
8.2	  0.0
8.3	  0.0
8.4	  0.0
8.5	  0.0
8.6	  0.0
8.7	  0.0
8.8	  0.0
8.9	  0.0
9.0	  0.0



DATASET #4

     Name: Median
   Points: 66
     Info: 

Data[x,y]:
2.5	  97.0
2.6	  77.0
2.7	  61.0
2.8	  49.0
2.9	  39.0
3.0	  31.0
3.1	  24.0
3.2	  19.0
3.3	  15.0
3.4	  12.0
3.5	  10.0
3.6	  8.0
3.7	  6.0
3.8	  5.0
3.9	  4.0
4.0	  3.0
4.1	  2.0
4.2	  2.0
4.3	  1.0
4.4	  1.0
4.5	  1.0
4.6	  1.0
4.7	  0.0
4.8	  0.0
4.9	  0.0
5.0	  0.0
5.1	  0.0
5.2	  0.0
5.3	  0.0
5.4	  0.0
5.5	  0.0
5.6	  0.0
5.7	  0.0
5.8	  0.0
5.9	  0.0
6.0	  0.0
6.1	  0.0
6.2	  0.0
6.3	  0.0
6.4	  0.0
6.5	  0.0
6.6	  0.0
6.7	  0.0
6.8	  0.0
6.9	  0.0
7.0	  0.0
7.1	  0.0
7.2	  0.0
7.3	  0.0
7.4	  0.0
7.5	  0.0
7.6	  0.0
7.7	  0.0
7.8	  0.0
7.9	  0.0
8.0	  0.0
8.1	  0.0
8.2	  0.0
8.3	  0.0
8.4	  0.0
8.5	  0.0
8.6	  0.0
8.7	  0.0
8.8	  0.0
8.9	  0.0
9.0	  0.0



DATASET #5

     Name: Mode
   Points: 66
     Info: 

Data[x,y]:
2.5	  97.0
2.6	  75.0
2.7	  60.0
2.8	  46.0
2.9	  39.0
3.0	  30.0
3.1	  23.0
3.2	  19.0
3.3	  15.0
3.4	  12.0
3.5	  9.0
3.6	  7.0
3.7	  6.0
3.8	  4.0
3.9	  3.0
4.0	  2.0
4.1	  2.0
4.2	  1.0
4.3	  1.0
4.4	  1.0
4.5	  0.0
4.6	  0.0
4.7	  0.0
4.8	  0.0
4.9	  0.0
5.0	  0.0
5.1	  0.0
5.2	  0.0
5.3	  0.0
5.4	  0.0
5.5	  0.0
5.6	  0.0
5.7	  0.0
5.8	  0.0
5.9	  0.0
6.0	  0.0
6.1	  0.0
6.2	  0.0
6.3	  0.0
6.4	  0.0
6.5	  0.0
6.6	  0.0
6.7	  0.0
6.8	  0.0
6.9	  0.0
7.0	  0.0
7.1	  0.0
7.2	  0.0
7.3	  0.0
7.4	  0.0
7.5	  0.0
7.6	  0.0
7.7	  0.0
7.8	  0.0
7.9	  0.0
8.0	  0.0
8.1	  0.0
8.2	  0.0
8.3	  0.0
8.4	  0.0
8.5	  0.0
8.6	  0.0
8.7	  0.0
8.8	  0.0
8.9	  0.0
9.0	  0.0



DATASET #6

     Name: 1 hr Prob
   Points: 66
     Info: 

Data[x,y]:
2.5	  1.0
2.6	  1.0
2.7	  1.0
2.8	  1.0
2.9	  1.0
3.0	  1.0
3.1	  1.0
3.2	  1.0
3.3	  1.0
3.4	  1.0
3.5	  0.9998611
3.6	  0.999213
3.7	  0.99699074
3.8	  0.99064815
3.9	  0.9752778
4.0	  0.94796294
4.1	  0.9037963
4.2	  0.84449077
4.3	  0.77476853
4.4	  0.690787
4.5	  0.6038426
4.6	  0.5199074
4.7	  0.4397222
4.8	  0.36953703
4.9	  0.30833334
5.0	  0.2547222
5.1	  0.20953704
5.2	  0.16861111
5.3	  0.13523148
5.4	  0.10824074
5.5	  0.085185185
5.6	  0.065648146
5.7	  0.05087963
5.8	  0.03861111
5.9	  0.029444445
6.0	  0.022083333
6.1	  0.017592592
6.2	  0.013333334
6.3	  0.009768519
6.4	  0.007175926
6.5	  0.005462963
6.6	  0.004212963
6.7	  0.0031944443
6.8	  0.0024074074
6.9	  0.0016203703
7.0	  9.7222225E-4
7.1	  7.87037E-4
7.2	  5.5555557E-4
7.3	  3.7037037E-4
7.4	  1.8518518E-4
7.5	  4.6296296E-5
7.6	  4.6296296E-5
7.7	  4.6296296E-5
7.8	  0.0
7.9	  0.0
8.0	  0.0
8.1	  0.0
8.2	  0.0
8.3	  0.0
8.4	  0.0
8.5	  0.0
8.6	  0.0
8.7	  0.0
8.8	  0.0
8.9	  0.0
9.0	  0.0



DATASET #7

Name: 95% Conf
Num Points: 66
Info: 

X, Y Data:
2.5	1.0	[1.0	1.0]
2.6	1.0	[1.0	1.0]
2.7	1.0	[1.0	1.0]
2.8	1.0	[1.0	1.0]
2.9	1.0	[1.0	1.0]
3.0	1.0	[1.0	1.0]
3.1	1.0	[1.0	1.0]
3.2	1.0	[1.0	1.0]
3.3	1.0	[1.0	1.0]
3.4	1.0	[1.0	1.0]
3.5	0.9998611	[0.9995575	0.9999641]
3.6	0.999213	[0.9987114	0.9995263]
3.7	0.99699074	[0.9961407	0.99765843]
3.8	0.99064815	[0.9892497	0.991869]
3.9	0.9752778	[0.97309685	0.97728777]
4.0	0.94796294	[0.94489676	0.9508686]
4.1	0.9037963	[0.8997682	0.9076799]
4.2	0.84449077	[0.8395732	0.8492852]
4.3	0.77476853	[0.76912564	0.78031325]
4.4	0.690787	[0.68456674	0.69693923]
4.5	0.6038426	[0.59727883	0.6103693]
4.6	0.5199074	[0.5132185	0.52658916]
4.7	0.4397222	[0.43309098	0.44637495]
4.8	0.36953703	[0.36310065	0.37601998]
4.9	0.30833334	[0.30218616	0.3145489]
5.0	0.2547222	[0.24893261	0.2605994]
5.1	0.20953704	[0.20413849	0.21503933]
5.2	0.16861111	[0.16365412	0.1736865]
5.3	0.13523148	[0.13071291	0.13988043]
5.4	0.10824074	[0.10414411	0.112477474]
5.5	0.085185185	[0.081512995	0.08900582]
5.6	0.065648146	[0.062399272	0.069052584]
5.7	0.05087963	[0.048005518	0.05391473]
5.8	0.03861111	[0.03610025	0.041287538]
5.9	0.029444445	[0.02725003	0.031807926]
6.0	0.022083333	[0.020184705	0.024153933]
6.1	0.017592592	[0.015901186	0.019457825]
6.2	0.013333334	[0.011866106	0.014976255]
6.3	0.009768519	[0.008519675	0.011194779]
6.4	0.007175926	[0.0061132554	0.008417458]
6.5	0.005462963	[0.004542983	0.006562945]
6.6	0.004212963	[0.003412136	0.005194812]
6.7	0.0031944443	[0.0025047006	0.00406627]
6.8	0.0024074074	[0.0018164007	0.003181589]
6.9	0.0016203703	[0.0011460156	0.0022795154]
7.0	9.7222225E-4	[6.177209E-4	0.0015138643]
7.1	7.87037E-4	[4.7370142E-4	0.0012886049]
7.2	5.5555557E-4	[3.010501E-4	0.0010002757]
7.3	3.7037037E-4	[1.7222266E-4	7.613579E-4]
7.4	1.8518518E-4	[5.9323243E-5	5.091889E-4]
7.5	4.6296296E-5	[2.416606E-6	3.0064676E-4]
7.6	4.6296296E-5	[2.416606E-6	3.0064676E-4]
7.7	4.6296296E-5	[2.416606E-6	3.0064676E-4]
7.8	0.0	[0.0	2.2169169E-4]
7.9	0.0	[0.0	2.2169169E-4]
8.0	0.0	[0.0	2.2169169E-4]
8.1	0.0	[0.0	2.2169169E-4]
8.2	0.0	[0.0	2.2169169E-4]
8.3	0.0	[0.0	2.2169169E-4]
8.4	0.0	[0.0	0.0]
8.5	0.0	[0.0	0.0]
8.6	0.0	[0.0	0.0]
8.7	0.0	[0.0	0.0]
8.8	0.0	[0.0	0.0]
8.9	0.0	[0.0	0.0]
9.0	0.0	[0.0	0.0]



DATASET #8

     Name: Supra
   Points: 66
     Info: 

Data[x,y]:
2.5	  0.002037037
2.6	  0.002037037
2.7	  0.002037037
2.8	  0.002037037
2.9	  0.002037037
3.0	  0.002037037
3.1	  0.002037037
3.2	  0.002037037
3.3	  0.002037037
3.4	  0.002037037
3.5	  0.002037037
3.6	  0.002037037
3.7	  0.002037037
3.8	  0.002037037
3.9	  0.002037037
4.0	  0.002037037
4.1	  0.002037037
4.2	  0.002037037
4.3	  0.002037037
4.4	  0.002037037
4.5	  0.002037037
4.6	  0.002037037
4.7	  0.002037037
4.8	  0.002037037
4.9	  0.002037037
5.0	  0.002037037
5.1	  0.002037037
5.2	  0.002037037
5.3	  0.002037037
5.4	  0.002037037
5.5	  0.002037037
5.6	  0.002037037
5.7	  0.002037037
5.8	  0.002037037
5.9	  0.002037037
6.0	  0.002037037
6.1	  0.0019444445
6.2	  0.0017592593
6.3	  0.0013888889
6.4	  0.0012037037
6.5	  0.0011574074
6.6	  0.0011574074
6.7	  0.0010648149
6.8	  9.259259E-4
6.9	  6.9444446E-4
7.0	  4.6296295E-4
7.1	  4.1666668E-4
7.2	  2.7777778E-4
7.3	  1.8518518E-4
7.4	  9.259259E-5
7.5	  4.6296296E-5
7.6	  4.6296296E-5
7.7	  4.6296296E-5
7.8	  0.0
7.9	  0.0
8.0	  0.0
8.1	  0.0
8.2	  0.0
8.3	  0.0
8.4	  0.0
8.5	  0.0
8.6	  0.0
8.7	  0.0
8.8	  0.0
8.9	  0.0
9.0	  0.0



DATASET #9

     Name: Primary
   Points: 66
     Info: 

Data[x,y]:
2.5	  90.58607
2.6	  71.98482
2.7	  57.158333
2.8	  45.378983
2.9	  36.054443
3.0	  28.608334
3.1	  22.747175
3.2	  18.075047
3.3	  14.357963
3.4	  11.406065
3.5	  9.064769
3.6	  7.195787
3.7	  5.713148
3.8	  4.538287
3.9	  3.6088426
4.0	  2.8716204
4.1	  2.2746758
4.2	  1.8086574
4.3	  1.4368519
4.4	  1.1357408
4.5	  0.8958796
4.6	  0.70958334
4.7	  0.5598611
4.8	  0.4448611
4.9	  0.35171297
5.0	  0.27935186
5.1	  0.22226852
5.2	  0.17472222
5.3	  0.1363426
5.4	  0.107453704
5.5	  0.08324074
5.6	  0.062453702
5.7	  0.04773148
5.8	  0.03574074
5.9	  0.027314816
6.0	  0.020555556
6.1	  0.016111111
6.2	  0.012268518
6.3	  0.008703704
6.4	  0.0063425926
6.5	  0.004814815
6.6	  0.0036574074
6.7	  0.0027777778
6.8	  0.002037037
6.9	  0.0013425926
7.0	  7.87037E-4
7.1	  6.0185185E-4
7.2	  4.6296295E-4
7.3	  2.7777778E-4
7.4	  1.8518518E-4
7.5	  4.6296296E-5
7.6	  4.6296296E-5
7.7	  4.6296296E-5
7.8	  0.0
7.9	  0.0
8.0	  0.0
8.1	  0.0
8.2	  0.0
8.3	  0.0
8.4	  0.0
8.5	  0.0
8.6	  0.0
8.7	  0.0
8.8	  0.0
8.9	  0.0
9.0	  0.0


