
X-Axis: Magnitude
Y-Axis: 1 Month Cumulative Number
Number of Data Sets: 9


DATASET #1

     Name: Mean
   Points: 66
     Info: 

Data[x,y]:
2.5	  509.0291
2.6	  404.31836
2.7	  321.10962
2.8	  255.02916
2.9	  202.54247
3.0	  160.8719
3.1	  127.78962
3.2	  101.5068
3.3	  80.63437
3.4	  64.0109
3.5	  50.818047
3.6	  40.36822
3.7	  32.05234
3.8	  25.443481
3.9	  20.207874
4.0	  16.03642
4.1	  12.726117
4.2	  10.095879
4.3	  8.008275
4.4	  6.3508134
4.5	  5.03718
4.6	  3.9927223
4.7	  3.1596637
4.8	  2.4998157
4.9	  1.975781
5.0	  1.5607375
5.1	  1.231475
5.2	  0.9672668
5.3	  0.7564642
5.4	  0.58986986
5.5	  0.45845988
5.6	  0.35425162
5.7	  0.27034706
5.8	  0.20379609
5.9	  0.15213665
6.0	  0.11424078
6.1	  0.08831887
6.2	  0.0654013
6.3	  0.048655096
6.4	  0.03592191
6.5	  0.026225597
6.6	  0.0194577
6.7	  0.014295011
6.8	  0.010227766
6.9	  0.0073318873
7.0	  0.005032538
7.1	  0.0036984815
7.2	  0.002581345
7.3	  0.0015618221
7.4	  0.0012364425
7.5	  8.7852497E-4
7.6	  6.073753E-4
7.7	  2.0607375E-4
7.8	  8.67679E-5
7.9	  2.1691974E-5
8.0	  1.0845987E-5
8.1	  1.0845987E-5
8.2	  0.0
8.3	  0.0
8.4	  0.0
8.5	  0.0
8.6	  0.0
8.7	  0.0
8.8	  0.0
8.9	  0.0
9.0	  0.0



DATASET #2

     Name: 2.5%,97.5%
   Points: 66
     Info: 

Data[x,y]:
2.5	  353.0
2.6	  277.0
2.7	  217.0
2.8	  170.0
2.9	  133.0
3.0	  103.0
3.1	  80.0
3.2	  62.0
3.3	  47.0
3.4	  36.0
3.5	  27.0
3.6	  21.0
3.7	  15.0
3.8	  11.0
3.9	  8.0
4.0	  6.0
4.1	  4.0
4.2	  3.0
4.3	  2.0
4.4	  1.0
4.5	  0.0
4.6	  0.0
4.7	  0.0
4.8	  0.0
4.9	  0.0
5.0	  0.0
5.1	  0.0
5.2	  0.0
5.3	  0.0
5.4	  0.0
5.5	  0.0
5.6	  0.0
5.7	  0.0
5.8	  0.0
5.9	  0.0
6.0	  0.0
6.1	  0.0
6.2	  0.0
6.3	  0.0
6.4	  0.0
6.5	  0.0
6.6	  0.0
6.7	  0.0
6.8	  0.0
6.9	  0.0
7.0	  0.0
7.1	  0.0
7.2	  0.0
7.3	  0.0
7.4	  0.0
7.5	  0.0
7.6	  0.0
7.7	  0.0
7.8	  0.0
7.9	  0.0
8.0	  0.0
8.1	  0.0
8.2	  0.0
8.3	  0.0
8.4	  0.0
8.5	  0.0
8.6	  0.0
8.7	  0.0
8.8	  0.0
8.9	  0.0
9.0	  0.0



DATASET #3

     Name: null
   Points: 66
     Info: 

Data[x,y]:
2.5	  1087.0
2.6	  865.0
2.7	  685.0
2.8	  546.0
2.9	  435.0
3.0	  346.0
3.1	  275.0
3.2	  220.0
3.3	  175.0
3.4	  139.0
3.5	  111.0
3.6	  89.0
3.7	  72.0
3.8	  58.0
3.9	  47.0
4.0	  37.0
4.1	  30.0
4.2	  25.0
4.3	  20.0
4.4	  17.0
4.5	  14.0
4.6	  11.0
4.7	  10.0
4.8	  8.0
4.9	  7.0
5.0	  6.0
5.1	  5.0
5.2	  4.0
5.3	  4.0
5.4	  3.0
5.5	  3.0
5.6	  2.0
5.7	  2.0
5.8	  2.0
5.9	  1.0
6.0	  1.0
6.1	  1.0
6.2	  1.0
6.3	  1.0
6.4	  1.0
6.5	  0.0
6.6	  0.0
6.7	  0.0
6.8	  0.0
6.9	  0.0
7.0	  0.0
7.1	  0.0
7.2	  0.0
7.3	  0.0
7.4	  0.0
7.5	  0.0
7.6	  0.0
7.7	  0.0
7.8	  0.0
7.9	  0.0
8.0	  0.0
8.1	  0.0
8.2	  0.0
8.3	  0.0
8.4	  0.0
8.5	  0.0
8.6	  0.0
8.7	  0.0
8.8	  0.0
8.9	  0.0
9.0	  0.0



DATASET #4

     Name: Median
   Points: 66
     Info: 

Data[x,y]:
2.5	  438.0
2.6	  349.0
2.7	  278.0
2.8	  221.0
2.9	  176.0
3.0	  140.0
3.1	  111.0
3.2	  88.0
3.3	  70.0
3.4	  56.0
3.5	  44.0
3.6	  35.0
3.7	  28.0
3.8	  22.0
3.9	  18.0
4.0	  14.0
4.1	  11.0
4.2	  9.0
4.3	  7.0
4.4	  5.0
4.5	  4.0
4.6	  3.0
4.7	  3.0
4.8	  2.0
4.9	  2.0
5.0	  1.0
5.1	  1.0
5.2	  1.0
5.3	  0.0
5.4	  0.0
5.5	  0.0
5.6	  0.0
5.7	  0.0
5.8	  0.0
5.9	  0.0
6.0	  0.0
6.1	  0.0
6.2	  0.0
6.3	  0.0
6.4	  0.0
6.5	  0.0
6.6	  0.0
6.7	  0.0
6.8	  0.0
6.9	  0.0
7.0	  0.0
7.1	  0.0
7.2	  0.0
7.3	  0.0
7.4	  0.0
7.5	  0.0
7.6	  0.0
7.7	  0.0
7.8	  0.0
7.9	  0.0
8.0	  0.0
8.1	  0.0
8.2	  0.0
8.3	  0.0
8.4	  0.0
8.5	  0.0
8.6	  0.0
8.7	  0.0
8.8	  0.0
8.9	  0.0
9.0	  0.0



DATASET #5

     Name: Mode
   Points: 66
     Info: 

Data[x,y]:
2.5	  409.0
2.6	  329.0
2.7	  260.0
2.8	  199.0
2.9	  164.0
3.0	  131.0
3.1	  101.0
3.2	  82.0
3.3	  64.0
3.4	  51.0
3.5	  41.0
3.6	  32.0
3.7	  27.0
3.8	  21.0
3.9	  17.0
4.0	  12.0
4.1	  10.0
4.2	  8.0
4.3	  6.0
4.4	  4.0
4.5	  3.0
4.6	  3.0
4.7	  2.0
4.8	  1.0
4.9	  1.0
5.0	  1.0
5.1	  0.0
5.2	  0.0
5.3	  0.0
5.4	  0.0
5.5	  0.0
5.6	  0.0
5.7	  0.0
5.8	  0.0
5.9	  0.0
6.0	  0.0
6.1	  0.0
6.2	  0.0
6.3	  0.0
6.4	  0.0
6.5	  0.0
6.6	  0.0
6.7	  0.0
6.8	  0.0
6.9	  0.0
7.0	  0.0
7.1	  0.0
7.2	  0.0
7.3	  0.0
7.4	  0.0
7.5	  0.0
7.6	  0.0
7.7	  0.0
7.8	  0.0
7.9	  0.0
8.0	  0.0
8.1	  0.0
8.2	  0.0
8.3	  0.0
8.4	  0.0
8.5	  0.0
8.6	  0.0
8.7	  0.0
8.8	  0.0
8.9	  0.0
9.0	  0.0



DATASET #6

     Name: 1 mo Prob
   Points: 66
     Info: 

Data[x,y]:
2.5	  1.0
2.6	  1.0
2.7	  1.0
2.8	  1.0
2.9	  1.0
3.0	  1.0
3.1	  1.0
3.2	  1.0
3.3	  1.0
3.4	  1.0
3.5	  1.0
3.6	  1.0
3.7	  1.0
3.8	  1.0
3.9	  1.0
4.0	  0.9999783
4.1	  0.9998698
4.2	  0.999295
4.3	  0.99685466
4.4	  0.99005425
4.5	  0.974859
4.6	  0.94845986
4.7	  0.90770066
4.8	  0.8507158
4.9	  0.78154016
5.0	  0.70449024
5.1	  0.622744
5.2	  0.53976136
5.3	  0.4593384
5.4	  0.38489154
5.5	  0.3177549
5.6	  0.25788504
5.7	  0.2063666
5.8	  0.16175705
5.9	  0.12510847
6.0	  0.09683297
6.1	  0.0767679
6.2	  0.058524948
6.3	  0.04424078
6.4	  0.033318873
6.5	  0.024587853
6.6	  0.018535791
6.7	  0.013720173
6.8	  0.009859002
6.9	  0.0071583516
7.0	  0.004924078
7.1	  0.0036225596
7.2	  0.002537961
7.3	  0.0015401301
7.4	  0.0012147506
7.5	  8.6767896E-4
7.6	  5.965293E-4
7.7	  2.0607375E-4
7.8	  8.67679E-5
7.9	  2.1691974E-5
8.0	  1.0845987E-5
8.1	  1.0845987E-5
8.2	  0.0
8.3	  0.0
8.4	  0.0
8.5	  0.0
8.6	  0.0
8.7	  0.0
8.8	  0.0
8.9	  0.0
9.0	  0.0



DATASET #7

Name: 95% Conf
Num Points: 66
Info: 

X, Y Data:
2.5	1.0	[1.0	1.0]
2.6	1.0	[1.0	1.0]
2.7	1.0	[1.0	1.0]
2.8	1.0	[1.0	1.0]
2.9	1.0	[1.0	1.0]
3.0	1.0	[1.0	1.0]
3.1	1.0	[1.0	1.0]
3.2	1.0	[1.0	1.0]
3.3	1.0	[1.0	1.0]
3.4	1.0	[1.0	1.0]
3.5	1.0	[1.0	1.0]
3.6	1.0	[1.0	1.0]
3.7	1.0	[1.0	1.0]
3.8	1.0	[1.0	1.0]
3.9	1.0	[1.0	1.0]
4.0	0.9999783	[0.9999125	0.99999624]
4.1	0.9998698	[0.99976563	0.9999295]
4.2	0.999295	[0.99909556	0.9994516]
4.3	0.99685466	[0.9964662	0.9972011]
4.4	0.99005425	[0.9893874	0.9906799]
4.5	0.974859	[0.97382295	0.97585523]
4.6	0.94845986	[0.94700843	0.9498738]
4.7	0.90770066	[0.9058098	0.90955746]
4.8	0.8507158	[0.84839547	0.85300696]
4.9	0.78154016	[0.7788558	0.78420097]
5.0	0.70449024	[0.7015311	0.70743227]
5.1	0.622744	[0.6196048	0.62587297]
5.2	0.53976136	[0.5365371	0.54298234]
5.3	0.4593384	[0.45611796	0.4625622]
5.4	0.38489154	[0.38175023	0.38804248]
5.5	0.3177549	[0.31475168	0.3207733]
5.6	0.25788504	[0.25506592	0.26072437]
5.7	0.2063666	[0.20376118	0.20899653]
5.8	0.16175705	[0.15938888	0.16415347]
5.9	0.12510847	[0.12298313	0.12726511]
6.0	0.09683297	[0.09493545	0.09876419]
6.1	0.0767679	[0.075061664	0.07850951]
6.2	0.058524948	[0.057022717	0.060064092]
6.3	0.04424078	[0.042926993	0.0455927]
6.4	0.033318873	[0.032174394	0.03450242]
6.5	0.024587853	[0.023602527	0.025613008]
6.6	0.018535791	[0.017679712	0.019432241]
6.7	0.013720173	[0.01298402	0.01449714]
6.8	0.009859002	[0.009236103	0.010523091]
6.9	0.0071583516	[0.0066291178	0.0077290614]
7.0	0.004924078	[0.0044872323	0.0054026726]
7.1	0.0036225596	[0.0032497616	0.0040372973]
7.2	0.002537961	[0.0022281823	0.0028898832]
7.3	0.0015401301	[0.0013019491	0.0018207339]
7.4	0.0012147506	[0.001004817	0.0014672453]
7.5	8.6767896E-4	[6.9245644E-4	0.0010856731]
7.6	5.965293E-4	[4.536533E-4	7.824393E-4]
7.7	2.0607375E-4	[1.2770934E-4	3.2846362E-4]
7.8	8.67679E-5	[4.034538E-5	1.7839899E-4]
7.9	2.1691974E-5	[3.7571695E-6	8.748861E-5]
8.0	1.0845987E-5	[5.661455E-7	7.0443646E-5]
8.1	1.0845987E-5	[5.661455E-7	7.0443646E-5]
8.2	0.0	[0.0	5.1943596E-5]
8.3	0.0	[0.0	5.1943596E-5]
8.4	0.0	[0.0	0.0]
8.5	0.0	[0.0	0.0]
8.6	0.0	[0.0	0.0]
8.7	0.0	[0.0	0.0]
8.8	0.0	[0.0	0.0]
8.9	0.0	[0.0	0.0]
9.0	0.0	[0.0	0.0]



DATASET #8

     Name: Supra
   Points: 66
     Info: 

Data[x,y]:
2.5	  0.00994577
2.6	  0.00994577
2.7	  0.00994577
2.8	  0.00994577
2.9	  0.00994577
3.0	  0.00994577
3.1	  0.00994577
3.2	  0.00994577
3.3	  0.00994577
3.4	  0.00994577
3.5	  0.00994577
3.6	  0.00994577
3.7	  0.00994577
3.8	  0.00994577
3.9	  0.00994577
4.0	  0.00994577
4.1	  0.00994577
4.2	  0.00994577
4.3	  0.00994577
4.4	  0.00994577
4.5	  0.00994577
4.6	  0.00994577
4.7	  0.00994577
4.8	  0.00994577
4.9	  0.00994577
5.0	  0.00994577
5.1	  0.00994577
5.2	  0.00994577
5.3	  0.00994577
5.4	  0.00994577
5.5	  0.00994577
5.6	  0.00994577
5.7	  0.00994577
5.8	  0.00994577
5.9	  0.00994577
6.0	  0.009934925
6.1	  0.009501085
6.2	  0.008123645
6.3	  0.006518438
6.4	  0.005943601
6.5	  0.0054772235
6.6	  0.005195228
6.7	  0.004501085
6.8	  0.0037744034
6.9	  0.0031561821
7.0	  0.0024837311
7.1	  0.0021041215
7.2	  0.001691974
7.3	  0.0011171367
7.4	  0.0010303687
7.5	  8.45987E-4
7.6	  5.856833E-4
7.7	  1.9522777E-4
7.8	  7.592191E-5
7.9	  2.1691974E-5
8.0	  1.0845987E-5
8.1	  1.0845987E-5
8.2	  0.0
8.3	  0.0
8.4	  0.0
8.5	  0.0
8.6	  0.0
8.7	  0.0
8.8	  0.0
8.9	  0.0
9.0	  0.0



DATASET #9

     Name: Primary
   Points: 66
     Info: 

Data[x,y]:
2.5	  309.31662
2.6	  245.69283
2.7	  195.13617
2.8	  154.98654
2.9	  123.1081
3.0	  97.765045
3.1	  77.673546
3.2	  61.70013
3.3	  49.008644
3.4	  38.909058
3.5	  30.8909
3.6	  24.531507
3.7	  19.473232
3.8	  15.461302
3.9	  12.275705
4.0	  9.746204
4.1	  7.736139
4.2	  6.135846
4.3	  4.866757
4.4	  3.8586984
4.5	  3.0596745
4.6	  2.426421
4.7	  1.9225922
4.8	  1.5196313
4.9	  1.2000976
5.0	  0.9489913
5.1	  0.7499132
5.2	  0.5900108
5.3	  0.46099782
5.4	  0.36062908
5.5	  0.2809219
5.6	  0.21780911
5.7	  0.1667462
5.8	  0.12587853
5.9	  0.09467462
6.0	  0.0709436
6.1	  0.054696314
6.2	  0.04067245
6.3	  0.030195227
6.4	  0.022353578
6.5	  0.016366594
6.6	  0.011995662
6.7	  0.0086659435
6.8	  0.0061388286
6.9	  0.004316703
7.0	  0.0028308027
7.1	  0.0020498915
7.2	  0.0014099783
7.3	  8.893709E-4
7.4	  7.1583514E-4
7.5	  4.5553147E-4
7.6	  3.253796E-4
7.7	  9.761388E-5
7.8	  5.4229935E-5
7.9	  2.1691974E-5
8.0	  1.0845987E-5
8.1	  1.0845987E-5
8.2	  0.0
8.3	  0.0
8.4	  0.0
8.5	  0.0
8.6	  0.0
8.7	  0.0
8.8	  0.0
8.9	  0.0
9.0	  0.0


