
X-Axis: Magnitude
Y-Axis: Cumulative Annual Rate (1/yr)
Number of Data Sets: 8


DATASET #1

     Name: Mean
   Points: 41
     Info: 

Data[x,y]:
5.0	  7.442875
5.1	  5.891875
5.2	  4.6590624
5.3	  3.679125
5.4	  2.9042
5.5	  2.2878876
5.6	  1.7959125
5.7	  1.4060374
5.8	  1.0954375
5.9	  0.838925
6.0	  0.666275
6.1	  0.5080625
6.2	  0.3982875
6.3	  0.3118
6.4	  0.23925
6.5	  0.1820625
6.6	  0.13765
6.7	  0.1025875
6.8	  0.0772125
6.9	  0.0575125
7.0	  0.0424625
7.1	  0.03085
7.2	  0.0217875
7.3	  0.0158125
7.4	  0.010475
7.5	  0.0064
7.6	  0.0038625
7.7	  0.0020375
7.8	  8.875E-4
7.9	  4.0E-4
8.0	  1.75E-4
8.1	  2.5E-5
8.2	  0.0
8.3	  0.0
8.4	  0.0
8.5	  0.0
8.6	  0.0
8.7	  0.0
8.8	  0.0
8.9	  0.0
9.0	  0.0



DATASET #2

     Name: 2.5%,16%,84%,97.5%
   Points: 41
     Info: 

Data[x,y]:
5.0	  5.9875
5.1	  4.6625
5.2	  3.6375
5.3	  2.825
5.4	  2.1875
5.5	  1.7
5.6	  1.325
5.7	  1.025
5.8	  0.775
5.9	  0.575
6.0	  0.45
6.1	  0.325
6.2	  0.25
6.3	  0.1875
6.4	  0.1375
6.5	  0.0875
6.6	  0.0625
6.7	  0.0375
6.8	  0.025
6.9	  0.0125
7.0	  0.0
7.1	  0.0
7.2	  0.0
7.3	  0.0
7.4	  0.0
7.5	  0.0
7.6	  0.0
7.7	  0.0
7.8	  0.0
7.9	  0.0
8.0	  0.0
8.1	  0.0
8.2	  0.0
8.3	  0.0
8.4	  0.0
8.5	  0.0
8.6	  0.0
8.7	  0.0
8.8	  0.0
8.9	  0.0
9.0	  0.0



DATASET #3

     Name: 
   Points: 41
     Info: 

Data[x,y]:
5.0	  6.575
5.1	  5.1875
5.2	  4.075
5.3	  3.1875
5.4	  2.525
5.5	  1.975
5.6	  1.5375
5.7	  1.2
5.8	  0.925
5.9	  0.7
6.0	  0.55
6.1	  0.4
6.2	  0.3125
6.3	  0.2375
6.4	  0.175
6.5	  0.125
6.6	  0.1
6.7	  0.0625
6.8	  0.05
6.9	  0.025
7.0	  0.025
7.1	  0.0125
7.2	  0.0
7.3	  0.0
7.4	  0.0
7.5	  0.0
7.6	  0.0
7.7	  0.0
7.8	  0.0
7.9	  0.0
8.0	  0.0
8.1	  0.0
8.2	  0.0
8.3	  0.0
8.4	  0.0
8.5	  0.0
8.6	  0.0
8.7	  0.0
8.8	  0.0
8.9	  0.0
9.0	  0.0



DATASET #4

     Name: 
   Points: 41
     Info: 

Data[x,y]:
5.0	  8.275
5.1	  6.6125
5.2	  5.2125
5.3	  4.125
5.4	  3.275
5.5	  2.5875
5.6	  2.05
5.7	  1.6
5.8	  1.25
5.9	  0.975
6.0	  0.7875
6.1	  0.6
6.2	  0.4875
6.3	  0.3875
6.4	  0.3
6.5	  0.2375
6.6	  0.175
6.7	  0.1375
6.8	  0.1125
6.9	  0.0875
7.0	  0.0625
7.1	  0.05
7.2	  0.0375
7.3	  0.025
7.4	  0.025
7.5	  0.0125
7.6	  0.0125
7.7	  0.0
7.8	  0.0
7.9	  0.0
8.0	  0.0
8.1	  0.0
8.2	  0.0
8.3	  0.0
8.4	  0.0
8.5	  0.0
8.6	  0.0
8.7	  0.0
8.8	  0.0
8.9	  0.0
9.0	  0.0



DATASET #5

     Name: 
   Points: 41
     Info: 

Data[x,y]:
5.0	  9.375
5.1	  7.425
5.2	  5.8875
5.3	  4.7
5.4	  3.75
5.5	  3.0125
5.6	  2.35
5.7	  1.8625
5.8	  1.4625
5.9	  1.15
6.0	  0.9125
6.1	  0.725
6.2	  0.5875
6.3	  0.4625
6.4	  0.375
6.5	  0.3
6.6	  0.2375
6.7	  0.1875
6.8	  0.15
6.9	  0.1125
7.0	  0.1
7.1	  0.075
7.2	  0.0625
7.3	  0.05
7.4	  0.0375
7.5	  0.025
7.6	  0.025
7.7	  0.0125
7.8	  0.0125
7.9	  0.0125
8.0	  0.0
8.1	  0.0
8.2	  0.0
8.3	  0.0
8.4	  0.0
8.5	  0.0
8.6	  0.0
8.7	  0.0
8.8	  0.0
8.9	  0.0
9.0	  0.0



DATASET #6

     Name: Median
   Points: 41
     Info: 

Data[x,y]:
5.0	  7.375
5.1	  5.85
5.2	  4.625
5.3	  3.65
5.4	  2.8875
5.5	  2.275
5.6	  1.7875
5.7	  1.4
5.8	  1.0875
5.9	  0.8375
6.0	  0.6625
6.1	  0.5
6.2	  0.3875
6.3	  0.3
6.4	  0.2375
6.5	  0.175
6.6	  0.1375
6.7	  0.1
6.8	  0.075
6.9	  0.05
7.0	  0.0375
7.1	  0.025
7.2	  0.025
7.3	  0.0125
7.4	  0.0125
7.5	  0.0
7.6	  0.0
7.7	  0.0
7.8	  0.0
7.9	  0.0
8.0	  0.0
8.1	  0.0
8.2	  0.0
8.3	  0.0
8.4	  0.0
8.5	  0.0
8.6	  0.0
8.7	  0.0
8.8	  0.0
8.9	  0.0
9.0	  0.0



DATASET #7

     Name: Mode
   Points: 41
     Info: 

Data[x,y]:
5.0	  6.925
5.1	  5.925
5.2	  4.5
5.3	  3.6875
5.4	  2.925
5.5	  2.325
5.6	  1.8
5.7	  1.4
5.8	  1.0625
5.9	  0.85
6.0	  0.6375
6.1	  0.45
6.2	  0.3875
6.3	  0.2875
6.4	  0.225
6.5	  0.1875
6.6	  0.1375
6.7	  0.1
6.8	  0.0625
6.9	  0.05
7.0	  0.025
7.1	  0.025
7.2	  0.0125
7.3	  0.0125
7.4	  0.0
7.5	  0.0
7.6	  0.0
7.7	  0.0
7.8	  0.0
7.9	  0.0
8.0	  0.0
8.1	  0.0
8.2	  0.0
8.3	  0.0
8.4	  0.0
8.5	  0.0
8.6	  0.0
8.7	  0.0
8.8	  0.0
8.9	  0.0
9.0	  0.0



DATASET #8

     Name: Std. Dev.
   Points: 41
     Info: 

Data[x,y]:
5.0	  0.86061656
5.1	  0.7051651
5.2	  0.5742838
5.3	  0.47498074
5.4	  0.38810095
5.5	  0.3198297
5.6	  0.26134545
5.7	  0.21129712
5.8	  0.17564668
5.9	  0.14466931
6.0	  0.1211073
6.1	  0.10221595
6.2	  0.08674711
6.3	  0.072718106
6.4	  0.06192352
6.5	  0.053221095
6.6	  0.045254424
6.7	  0.038478132
6.8	  0.032356344
6.9	  0.02759266
7.0	  0.023871524
7.1	  0.020154
7.2	  0.016746014
7.3	  0.014042553
7.4	  0.011582683
7.5	  0.008859656
7.6	  0.0067755627
7.7	  0.0049146716
7.8	  0.0032602488
7.9	  0.0022011008
8.0	  0.0014693652
8.1	  5.5873714E-4
8.2	  0.0
8.3	  0.0
8.4	  0.0
8.5	  0.0
8.6	  0.0
8.7	  0.0
8.8	  0.0
8.9	  0.0
9.0	  0.0


