
X-Axis: Magnitude
Y-Axis: 10 Year Cumulative Number
Number of Data Sets: 9


DATASET #1

     Name: Mean
   Points: 66
     Info: 

Data[x,y]:
2.5	  5416.8027
2.6	  4302.596
2.7	  3417.321
2.8	  2714.3691
2.9	  2156.1753
3.0	  1712.4957
3.1	  1360.2343
3.2	  1080.4194
3.3	  858.08984
3.4	  681.4244
3.5	  541.2209
3.6	  429.78
3.7	  341.2839
3.8	  271.0022
3.9	  215.18614
4.0	  170.81949
4.1	  135.57166
4.2	  107.58717
4.3	  85.348114
4.4	  67.67802
4.5	  53.670464
4.6	  42.526276
4.7	  33.69018
4.8	  26.64568
4.9	  21.073048
5.0	  16.63224
5.1	  13.109643
5.2	  10.315137
5.3	  8.0878725
5.4	  6.3207955
5.5	  4.9107833
5.6	  3.7943645
5.7	  2.9105003
5.8	  2.2089317
5.9	  1.6517901
6.0	  1.2642128
6.1	  0.9157908
6.2	  0.601375
6.3	  0.44896948
6.4	  0.34141994
6.5	  0.26151103
6.6	  0.21051589
6.7	  0.17014414
6.8	  0.1341717
6.9	  0.10292391
7.0	  0.078876264
7.1	  0.06529642
7.2	  0.048972316
7.3	  0.034529585
7.4	  0.030597089
7.5	  0.023750583
7.6	  0.012660377
7.7	  0.004257847
7.8	  0.002673532
7.9	  0.0016691893
8.0	  5.941182E-4
8.1	  5.658269E-5
8.2	  0.0
8.3	  0.0
8.4	  0.0
8.5	  0.0
8.6	  0.0
8.7	  0.0
8.8	  0.0
8.9	  0.0
9.0	  0.0



DATASET #2

     Name: 2.5%,97.5%
   Points: 66
     Info: 

Data[x,y]:
2.5	  739.0
2.6	  586.0
2.7	  466.0
2.8	  369.0
2.9	  293.0
3.0	  233.0
3.1	  184.0
3.2	  145.0
3.3	  115.0
3.4	  91.0
3.5	  72.0
3.6	  56.0
3.7	  44.0
3.8	  35.0
3.9	  27.0
4.0	  21.0
4.1	  16.0
4.2	  13.0
4.3	  10.0
4.4	  7.0
4.5	  5.0
4.6	  4.0
4.7	  3.0
4.8	  2.0
4.9	  1.0
5.0	  1.0
5.1	  0.0
5.2	  0.0
5.3	  0.0
5.4	  0.0
5.5	  0.0
5.6	  0.0
5.7	  0.0
5.8	  0.0
5.9	  0.0
6.0	  0.0
6.1	  0.0
6.2	  0.0
6.3	  0.0
6.4	  0.0
6.5	  0.0
6.6	  0.0
6.7	  0.0
6.8	  0.0
6.9	  0.0
7.0	  0.0
7.1	  0.0
7.2	  0.0
7.3	  0.0
7.4	  0.0
7.5	  0.0
7.6	  0.0
7.7	  0.0
7.8	  0.0
7.9	  0.0
8.0	  0.0
8.1	  0.0
8.2	  0.0
8.3	  0.0
8.4	  0.0
8.5	  0.0
8.6	  0.0
8.7	  0.0
8.8	  0.0
8.9	  0.0
9.0	  0.0



DATASET #3

     Name: null
   Points: 66
     Info: 

Data[x,y]:
2.5	  23057.0
2.6	  18320.0
2.7	  14538.0
2.8	  11558.0
2.9	  9199.0
3.0	  7304.0
3.1	  5793.0
3.2	  4608.0
3.3	  3656.0
3.4	  2902.0
3.5	  2303.0
3.6	  1831.0
3.7	  1457.0
3.8	  1158.0
3.9	  920.0
4.0	  731.0
4.1	  582.0
4.2	  463.0
4.3	  367.0
4.4	  291.0
4.5	  232.0
4.6	  184.0
4.7	  146.0
4.8	  116.0
4.9	  92.0
5.0	  72.0
5.1	  58.0
5.2	  45.0
5.3	  36.0
5.4	  29.0
5.5	  23.0
5.6	  18.0
5.7	  14.0
5.8	  11.0
5.9	  8.0
6.0	  7.0
6.1	  5.0
6.2	  4.0
6.3	  3.0
6.4	  2.0
6.5	  2.0
6.6	  2.0
6.7	  2.0
6.8	  1.0
6.9	  1.0
7.0	  1.0
7.1	  1.0
7.2	  1.0
7.3	  1.0
7.4	  1.0
7.5	  0.0
7.6	  0.0
7.7	  0.0
7.8	  0.0
7.9	  0.0
8.0	  0.0
8.1	  0.0
8.2	  0.0
8.3	  0.0
8.4	  0.0
8.5	  0.0
8.6	  0.0
8.7	  0.0
8.8	  0.0
8.9	  0.0
9.0	  0.0



DATASET #4

     Name: Median
   Points: 66
     Info: 

Data[x,y]:
2.5	  3370.0
2.6	  2678.0
2.7	  2126.0
2.8	  1689.0
2.9	  1342.0
3.0	  1065.0
3.1	  847.0
3.2	  672.0
3.3	  534.0
3.4	  424.0
3.5	  337.0
3.6	  267.0
3.7	  212.0
3.8	  168.0
3.9	  134.0
4.0	  106.0
4.1	  84.0
4.2	  67.0
4.3	  53.0
4.4	  42.0
4.5	  33.0
4.6	  26.0
4.7	  21.0
4.8	  17.0
4.9	  13.0
5.0	  10.0
5.1	  8.0
5.2	  6.0
5.3	  5.0
5.4	  4.0
5.5	  3.0
5.6	  2.0
5.7	  2.0
5.8	  1.0
5.9	  1.0
6.0	  1.0
6.1	  0.0
6.2	  0.0
6.3	  0.0
6.4	  0.0
6.5	  0.0
6.6	  0.0
6.7	  0.0
6.8	  0.0
6.9	  0.0
7.0	  0.0
7.1	  0.0
7.2	  0.0
7.3	  0.0
7.4	  0.0
7.5	  0.0
7.6	  0.0
7.7	  0.0
7.8	  0.0
7.9	  0.0
8.0	  0.0
8.1	  0.0
8.2	  0.0
8.3	  0.0
8.4	  0.0
8.5	  0.0
8.6	  0.0
8.7	  0.0
8.8	  0.0
8.9	  0.0
9.0	  0.0



DATASET #5

     Name: Mode
   Points: 66
     Info: 

Data[x,y]:
2.5	  1729.0
2.6	  1920.0
2.7	  1329.0
2.8	  697.0
2.9	  907.0
3.0	  524.0
3.1	  461.0
3.2	  338.0
3.3	  244.0
3.4	  194.0
3.5	  158.0
3.6	  108.0
3.7	  97.0
3.8	  68.0
3.9	  60.0
4.0	  51.0
4.1	  35.0
4.2	  28.0
4.3	  28.0
4.4	  20.0
4.5	  15.0
4.6	  12.0
4.7	  8.0
4.8	  8.0
4.9	  5.0
5.0	  4.0
5.1	  3.0
5.2	  2.0
5.3	  2.0
5.4	  1.0
5.5	  1.0
5.6	  0.0
5.7	  0.0
5.8	  0.0
5.9	  0.0
6.0	  0.0
6.1	  0.0
6.2	  0.0
6.3	  0.0
6.4	  0.0
6.5	  0.0
6.6	  0.0
6.7	  0.0
6.8	  0.0
6.9	  0.0
7.0	  0.0
7.1	  0.0
7.2	  0.0
7.3	  0.0
7.4	  0.0
7.5	  0.0
7.6	  0.0
7.7	  0.0
7.8	  0.0
7.9	  0.0
8.0	  0.0
8.1	  0.0
8.2	  0.0
8.3	  0.0
8.4	  0.0
8.5	  0.0
8.6	  0.0
8.7	  0.0
8.8	  0.0
8.9	  0.0
9.0	  0.0



DATASET #6

     Name: 10 yr Prob
   Points: 66
     Info: 

Data[x,y]:
2.5	  1.0
2.6	  1.0
2.7	  1.0
2.8	  1.0
2.9	  1.0
3.0	  1.0
3.1	  1.0
3.2	  1.0
3.3	  1.0
3.4	  1.0
3.5	  1.0
3.6	  1.0
3.7	  1.0
3.8	  1.0
3.9	  1.0
4.0	  1.0
4.1	  1.0
4.2	  1.0
4.3	  0.9999717
4.4	  0.99985856
4.5	  0.99974537
4.6	  0.999222
4.7	  0.99803376
4.8	  0.995728
4.9	  0.9915409
5.0	  0.98415685
5.1	  0.9725291
5.2	  0.95463485
5.3	  0.929696
5.4	  0.8976561
5.5	  0.85639316
5.6	  0.8046341
5.7	  0.7461135
5.8	  0.6788084
5.9	  0.60413337
6.0	  0.53282505
6.1	  0.44814903
6.2	  0.34818158
6.3	  0.28620937
6.4	  0.23164953
6.5	  0.1881233
6.6	  0.16202453
6.7	  0.13561456
6.8	  0.11265613
6.9	  0.09119715
7.0	  0.07214293
7.1	  0.061109304
7.2	  0.046595845
7.3	  0.03308673
7.4	  0.029507872
7.5	  0.023085738
7.6	  0.012377463
7.7	  0.0042012646
7.8	  0.002673532
7.9	  0.0016691893
8.0	  5.941182E-4
8.1	  5.658269E-5
8.2	  0.0
8.3	  0.0
8.4	  0.0
8.5	  0.0
8.6	  0.0
8.7	  0.0
8.8	  0.0
8.9	  0.0
9.0	  0.0



DATASET #7

Name: 95% Conf
Num Points: 66
Info: 

X, Y Data:
2.5	1.0	[1.0	1.0]
2.6	1.0	[1.0	1.0]
2.7	1.0	[1.0	1.0]
2.8	1.0	[1.0	1.0]
2.9	1.0	[1.0	1.0]
3.0	1.0	[1.0	1.0]
3.1	1.0	[1.0	1.0]
3.2	1.0	[1.0	1.0]
3.3	1.0	[1.0	1.0]
3.4	1.0	[1.0	1.0]
3.5	1.0	[1.0	1.0]
3.6	1.0	[1.0	1.0]
3.7	1.0	[1.0	1.0]
3.8	1.0	[1.0	1.0]
3.9	1.0	[1.0	1.0]
4.0	1.0	[1.0	1.0]
4.1	1.0	[1.0	1.0]
4.2	1.0	[1.0	1.0]
4.3	0.9999717	[0.9998859	0.9999951]
4.4	0.99985856	[0.99973047	0.9999281]
4.5	0.99974537	[0.99958885	0.9998444]
4.6	0.999222	[0.99897957	0.9994083]
4.7	0.99803376	[0.99767137	0.99834085]
4.8	0.995728	[0.9952121	0.9961893]
4.9	0.9915409	[0.9908312	0.9921966]
5.0	0.98415685	[0.9832024	0.98505825]
5.1	0.9725291	[0.97129107	0.9737155]
5.2	0.95463485	[0.9530687	0.9561513]
5.3	0.929696	[0.92778075	0.9315644]
5.4	0.8976561	[0.8953929	0.8998759]
5.5	0.85639316	[0.85378146	0.858966]
5.6	0.8046341	[0.8016877	0.80754733]
5.7	0.7461135	[0.74288464	0.7493155]
5.8	0.6788084	[0.67534953	0.6822477]
5.9	0.60413337	[0.60051566	0.6077397]
6.0	0.53282505	[0.5291384	0.53650814]
6.1	0.44814903	[0.4444789	0.4518248]
6.2	0.34818158	[0.344671	0.35170865]
6.3	0.28620937	[0.2828821	0.28955996]
6.4	0.23164953	[0.2285471	0.23478119]
6.5	0.1881233	[0.1852523	0.19102827]
6.6	0.16202453	[0.15931961	0.16476628]
6.7	0.13561456	[0.13310342	0.13816541]
6.8	0.11265613	[0.11033941	0.115015075]
6.9	0.09119715	[0.08909007	0.0933488]
7.0	0.07214293	[0.07025186	0.07408067]
7.1	0.061109304	[0.059360314	0.06290618]
7.2	0.046595845	[0.04505962	0.048181564]
7.3	0.03308673	[0.031786427	0.03443804]
7.4	0.029507872	[0.028278805	0.030788362]
7.5	0.023085738	[0.02199742	0.024226215]
7.6	0.012377463	[0.011581669	0.013226711]
7.7	0.0042012646	[0.0037439768	0.004713233]
7.8	0.002673532	[0.0023123843	0.00308973]
7.9	0.0016691893	[0.0013876978	0.0020061063]
8.0	5.941182E-4	[4.3358063E-4	8.1104337E-4]
8.1	5.658269E-5	[1.8125664E-5	1.5560398E-4]
8.2	0.0	[0.0	6.774558E-5]
8.3	0.0	[0.0	6.774558E-5]
8.4	0.0	[0.0	0.0]
8.5	0.0	[0.0	0.0]
8.6	0.0	[0.0	0.0]
8.7	0.0	[0.0	0.0]
8.8	0.0	[0.0	0.0]
8.9	0.0	[0.0	0.0]
9.0	0.0	[0.0	0.0]



DATASET #8

     Name: Supra
   Points: 66
     Info: 

Data[x,y]:
2.5	  0.27172422
2.6	  0.27172422
2.7	  0.27172422
2.8	  0.27172422
2.9	  0.27172422
3.0	  0.27172422
3.1	  0.27172422
3.2	  0.27172422
3.3	  0.27172422
3.4	  0.27172422
3.5	  0.27172422
3.6	  0.27172422
3.7	  0.27172422
3.8	  0.27172422
3.9	  0.27172422
4.0	  0.27172422
4.1	  0.27172422
4.2	  0.27172422
4.3	  0.27172422
4.4	  0.27172422
4.5	  0.27172422
4.6	  0.27172422
4.7	  0.27172422
4.8	  0.27172422
4.9	  0.27172422
5.0	  0.27172422
5.1	  0.27172422
5.2	  0.27172422
5.3	  0.27172422
5.4	  0.27172422
5.5	  0.27172422
5.6	  0.27172422
5.7	  0.27172422
5.8	  0.27171007
5.9	  0.27163935
6.0	  0.2715262
6.1	  0.23709561
6.2	  0.19055635
6.3	  0.16457075
6.4	  0.1443
6.5	  0.12750909
6.6	  0.118073925
6.7	  0.104253605
6.8	  0.090914235
6.9	  0.07637248
7.0	  0.06287751
7.1	  0.055422742
7.2	  0.04334234
7.3	  0.031516556
7.4	  0.028758151
7.5	  0.022831114
7.6	  0.012236007
7.7	  0.004144682
7.8	  0.0026452406
7.9	  0.0016691893
8.0	  5.941182E-4
8.1	  5.658269E-5
8.2	  0.0
8.3	  0.0
8.4	  0.0
8.5	  0.0
8.6	  0.0
8.7	  0.0
8.8	  0.0
8.9	  0.0
9.0	  0.0



DATASET #9

     Name: Primary
   Points: 66
     Info: 

Data[x,y]:
2.5	  2391.3857
2.6	  1899.4363
2.7	  1508.517
2.8	  1198.198
2.9	  951.7825
3.0	  755.9431
3.1	  600.42664
3.2	  476.9357
3.3	  378.82657
3.4	  300.81
3.5	  238.90164
3.6	  189.72037
3.7	  150.64764
3.8	  119.65228
3.9	  94.99997
4.0	  75.393265
4.1	  59.83741
4.2	  47.487785
4.3	  37.661648
4.4	  29.875772
4.5	  23.692543
4.6	  18.773598
4.7	  14.873156
4.8	  11.759792
4.9	  9.301684
5.0	  7.341731
5.1	  5.788494
5.2	  4.558966
5.3	  3.5743568
5.4	  2.7985797
5.5	  2.1760428
5.6	  1.6846505
5.7	  1.2955596
5.8	  0.9854158
5.9	  0.7366076
6.0	  0.559235
6.1	  0.41247365
6.2	  0.27253053
6.3	  0.20607415
6.4	  0.15410295
6.5	  0.11774857
6.6	  0.09916116
6.7	  0.08081423
6.8	  0.0661876
6.9	  0.05226826
7.0	  0.039636172
7.1	  0.032803815
7.2	  0.024061788
7.3	  0.016762622
7.4	  0.015036849
7.5	  0.0116843255
7.6	  0.006422135
7.7	  0.00189552
7.8	  0.0013438389
7.9	  8.3459466E-4
8.0	  3.3949612E-4
8.1	  2.8291344E-5
8.2	  0.0
8.3	  0.0
8.4	  0.0
8.5	  0.0
8.6	  0.0
8.7	  0.0
8.8	  0.0
8.9	  0.0
9.0	  0.0


