
X-Axis: Magnitude
Y-Axis: 1 Hour Cumulative Number
Number of Data Sets: 9


DATASET #1

     Name: Mean
   Points: 66
     Info: 

Data[x,y]:
2.5	  508.65543
2.6	  404.0116
2.7	  320.89285
2.8	  254.8771
2.9	  202.52512
3.0	  160.83815
3.1	  127.752235
3.2	  101.498924
3.3	  80.588715
3.4	  63.984844
3.5	  50.813923
3.6	  40.347
3.7	  32.034462
3.8	  25.454397
3.9	  20.200193
4.0	  16.036882
4.1	  12.721541
4.2	  10.086499
4.3	  8.000519
4.4	  6.3492146
4.5	  5.032662
4.6	  3.991869
4.7	  3.1576016
4.8	  2.4984431
4.9	  1.9830462
5.0	  1.5640786
5.1	  1.2360736
5.2	  0.9766798
5.3	  0.765345
5.4	  0.5979171
5.5	  0.46339354
5.6	  0.36059788
5.7	  0.27603626
5.8	  0.20970868
5.9	  0.15635596
6.0	  0.11746592
6.1	  0.08615321
6.2	  0.05753927
6.3	  0.043976195
6.4	  0.033042695
6.5	  0.025499966
6.6	  0.022074597
6.7	  0.018234033
6.8	  0.0150162615
6.9	  0.01193689
7.0	  0.00868452
7.1	  0.0071967337
7.2	  0.005120753
7.3	  0.0035291675
7.4	  0.0032177705
7.5	  0.0024565775
7.6	  0.0014877863
7.7	  4.1519618E-4
7.8	  3.1139713E-4
7.9	  2.0759809E-4
8.0	  6.919936E-5
8.1	  3.459968E-5
8.2	  0.0
8.3	  0.0
8.4	  0.0
8.5	  0.0
8.6	  0.0
8.7	  0.0
8.8	  0.0
8.9	  0.0
9.0	  0.0



DATASET #2

     Name: 2.5%,97.5%
   Points: 66
     Info: 

Data[x,y]:
2.5	  56.0
2.6	  44.0
2.7	  34.0
2.8	  27.0
2.9	  21.0
3.0	  17.0
3.1	  13.0
3.2	  10.0
3.3	  8.0
3.4	  6.0
3.5	  4.0
3.6	  3.0
3.7	  2.0
3.8	  2.0
3.9	  1.0
4.0	  1.0
4.1	  0.0
4.2	  0.0
4.3	  0.0
4.4	  0.0
4.5	  0.0
4.6	  0.0
4.7	  0.0
4.8	  0.0
4.9	  0.0
5.0	  0.0
5.1	  0.0
5.2	  0.0
5.3	  0.0
5.4	  0.0
5.5	  0.0
5.6	  0.0
5.7	  0.0
5.8	  0.0
5.9	  0.0
6.0	  0.0
6.1	  0.0
6.2	  0.0
6.3	  0.0
6.4	  0.0
6.5	  0.0
6.6	  0.0
6.7	  0.0
6.8	  0.0
6.9	  0.0
7.0	  0.0
7.1	  0.0
7.2	  0.0
7.3	  0.0
7.4	  0.0
7.5	  0.0
7.6	  0.0
7.7	  0.0
7.8	  0.0
7.9	  0.0
8.0	  0.0
8.1	  0.0
8.2	  0.0
8.3	  0.0
8.4	  0.0
8.5	  0.0
8.6	  0.0
8.7	  0.0
8.8	  0.0
8.9	  0.0
9.0	  0.0



DATASET #3

     Name: null
   Points: 66
     Info: 

Data[x,y]:
2.5	  2044.0
2.6	  1626.0
2.7	  1285.0
2.8	  1023.0
2.9	  815.0
3.0	  649.0
3.1	  516.0
3.2	  409.0
3.3	  325.0
3.4	  260.0
3.5	  206.0
3.6	  164.0
3.7	  129.0
3.8	  103.0
3.9	  82.0
4.0	  65.0
4.1	  52.0
4.2	  42.0
4.3	  33.0
4.4	  27.0
4.5	  21.0
4.6	  17.0
4.7	  14.0
4.8	  11.0
4.9	  9.0
5.0	  7.0
5.1	  6.0
5.2	  5.0
5.3	  4.0
5.4	  3.0
5.5	  3.0
5.6	  2.0
5.7	  2.0
5.8	  2.0
5.9	  1.0
6.0	  1.0
6.1	  1.0
6.2	  1.0
6.3	  1.0
6.4	  1.0
6.5	  0.0
6.6	  0.0
6.7	  0.0
6.8	  0.0
6.9	  0.0
7.0	  0.0
7.1	  0.0
7.2	  0.0
7.3	  0.0
7.4	  0.0
7.5	  0.0
7.6	  0.0
7.7	  0.0
7.8	  0.0
7.9	  0.0
8.0	  0.0
8.1	  0.0
8.2	  0.0
8.3	  0.0
8.4	  0.0
8.5	  0.0
8.6	  0.0
8.7	  0.0
8.8	  0.0
8.9	  0.0
9.0	  0.0



DATASET #4

     Name: Median
   Points: 66
     Info: 

Data[x,y]:
2.5	  329.0
2.6	  262.0
2.7	  208.0
2.8	  165.0
2.9	  131.0
3.0	  104.0
3.1	  83.0
3.2	  66.0
3.3	  52.0
3.4	  41.0
3.5	  33.0
3.6	  26.0
3.7	  21.0
3.8	  16.0
3.9	  13.0
4.0	  10.0
4.1	  8.0
4.2	  6.0
4.3	  5.0
4.4	  4.0
4.5	  3.0
4.6	  3.0
4.7	  2.0
4.8	  2.0
4.9	  1.0
5.0	  1.0
5.1	  1.0
5.2	  0.0
5.3	  0.0
5.4	  0.0
5.5	  0.0
5.6	  0.0
5.7	  0.0
5.8	  0.0
5.9	  0.0
6.0	  0.0
6.1	  0.0
6.2	  0.0
6.3	  0.0
6.4	  0.0
6.5	  0.0
6.6	  0.0
6.7	  0.0
6.8	  0.0
6.9	  0.0
7.0	  0.0
7.1	  0.0
7.2	  0.0
7.3	  0.0
7.4	  0.0
7.5	  0.0
7.6	  0.0
7.7	  0.0
7.8	  0.0
7.9	  0.0
8.0	  0.0
8.1	  0.0
8.2	  0.0
8.3	  0.0
8.4	  0.0
8.5	  0.0
8.6	  0.0
8.7	  0.0
8.8	  0.0
8.9	  0.0
9.0	  0.0



DATASET #5

     Name: Mode
   Points: 66
     Info: 

Data[x,y]:
2.5	  161.0
2.6	  135.0
2.7	  90.0
2.8	  96.0
2.9	  62.0
3.0	  60.0
3.1	  36.0
3.2	  34.0
3.3	  26.0
3.4	  15.0
3.5	  13.0
3.6	  13.0
3.7	  8.0
3.8	  9.0
3.9	  5.0
4.0	  4.0
4.1	  4.0
4.2	  2.0
4.3	  2.0
4.4	  2.0
4.5	  1.0
4.6	  1.0
4.7	  0.0
4.8	  0.0
4.9	  0.0
5.0	  0.0
5.1	  0.0
5.2	  0.0
5.3	  0.0
5.4	  0.0
5.5	  0.0
5.6	  0.0
5.7	  0.0
5.8	  0.0
5.9	  0.0
6.0	  0.0
6.1	  0.0
6.2	  0.0
6.3	  0.0
6.4	  0.0
6.5	  0.0
6.6	  0.0
6.7	  0.0
6.8	  0.0
6.9	  0.0
7.0	  0.0
7.1	  0.0
7.2	  0.0
7.3	  0.0
7.4	  0.0
7.5	  0.0
7.6	  0.0
7.7	  0.0
7.8	  0.0
7.9	  0.0
8.0	  0.0
8.1	  0.0
8.2	  0.0
8.3	  0.0
8.4	  0.0
8.5	  0.0
8.6	  0.0
8.7	  0.0
8.8	  0.0
8.9	  0.0
9.0	  0.0



DATASET #6

     Name: 1 hr Prob
   Points: 66
     Info: 

Data[x,y]:
2.5	  1.0
2.6	  1.0
2.7	  1.0
2.8	  1.0
2.9	  1.0
3.0	  1.0
3.1	  0.9999654
3.2	  0.9998962
3.3	  0.9997578
3.4	  0.999481
3.5	  0.9991696
3.6	  0.99827003
3.7	  0.99629784
3.8	  0.99380666
3.9	  0.9901737
4.0	  0.98287314
4.1	  0.9723548
4.2	  0.9568542
4.3	  0.93678635
4.4	  0.91097504
4.5	  0.87748253
4.6	  0.8374853
4.7	  0.7883192
4.8	  0.7349318
4.9	  0.6772888
5.0	  0.61369455
5.1	  0.55106914
5.2	  0.48626393
5.3	  0.4222891
5.4	  0.36405784
5.5	  0.30634558
5.6	  0.25534564
5.7	  0.20915508
5.8	  0.16850045
5.9	  0.13134038
6.0	  0.102380455
6.1	  0.076603696
6.2	  0.052626114
6.3	  0.041035224
6.4	  0.03127811
6.5	  0.024565773
6.6	  0.021486402
6.7	  0.017888036
6.8	  0.014808664
6.9	  0.011867691
7.0	  0.00868452
7.1	  0.0071967337
7.2	  0.005120753
7.3	  0.0035291675
7.4	  0.0032177705
7.5	  0.0024565775
7.6	  0.0014877863
7.7	  4.1519618E-4
7.8	  3.1139713E-4
7.9	  2.0759809E-4
8.0	  6.919936E-5
8.1	  3.459968E-5
8.2	  0.0
8.3	  0.0
8.4	  0.0
8.5	  0.0
8.6	  0.0
8.7	  0.0
8.8	  0.0
8.9	  0.0
9.0	  0.0



DATASET #7

Name: 95% Conf
Num Points: 66
Info: 

X, Y Data:
2.5	1.0	[1.0	1.0]
2.6	1.0	[1.0	1.0]
2.7	1.0	[1.0	1.0]
2.8	1.0	[1.0	1.0]
2.9	1.0	[1.0	1.0]
3.0	1.0	[1.0	1.0]
3.1	0.9999654	[0.9997753	0.9999982]
3.2	0.9998962	[0.99966925	0.9999732]
3.3	0.9997578	[0.9994769	0.99989384]
3.4	0.999481	[0.9991223	0.99969846]
3.5	0.9991696	[0.99874395	0.9994558]
3.6	0.99827003	[0.9977005	0.99870235]
3.7	0.99629784	[0.99550974	0.9969508]
3.8	0.99380666	[0.9928157	0.9946639]
3.9	0.9901737	[0.98895127	0.99126387]
4.0	0.98287314	[0.98129386	0.9843226]
4.1	0.9723548	[0.97038305	0.97419995]
4.2	0.9568542	[0.9544326	0.9591535]
4.3	0.93678635	[0.9339047	0.93955123]
4.4	0.91097504	[0.90761936	0.91422087]
4.5	0.87748253	[0.8736346	0.8812297]
4.6	0.8374853	[0.8331697	0.8417108]
4.7	0.7883192	[0.78355396	0.79300743]
4.8	0.7349318	[0.7297949	0.74000615]
4.9	0.6772888	[0.6718582	0.6826721]
5.0	0.61369455	[0.608049	0.61930984]
5.1	0.55106914	[0.54531103	0.5568136]
5.2	0.48626393	[0.4804865	0.49204502]
5.3	0.4222891	[0.4165881	0.42801085]
5.4	0.36405784	[0.35851166	0.3696403]
5.5	0.30634558	[0.30103981	0.311703]
5.6	0.25534564	[0.25033394	0.26042265]
5.7	0.20915508	[0.20448782	0.21389993]
5.8	0.16850045	[0.16421202	0.17287734]
5.9	0.13134038	[0.12747808	0.13530113]
6.0	0.102380455	[0.098921105	0.10594603]
6.1	0.076603696	[0.0735764	0.07974417]
6.2	0.052626114	[0.050093893	0.05527805]
6.3	0.041035224	[0.03879169	0.04340167]
6.4	0.03127811	[0.029315975	0.03336591]
6.5	0.024565773	[0.02282661	0.026432533]
6.6	0.021486402	[0.019860562	0.023240747]
6.7	0.017888036	[0.016406186	0.019499479]
6.8	0.014808664	[0.013462701	0.016285192]
6.9	0.011867691	[0.01066608	0.013200844]
7.0	0.00868452	[0.0076619308	0.0098398095]
7.1	0.0071967337	[0.0062694354	0.00825734]
7.2	0.005120753	[0.00434514	0.0060306615]
7.3	0.0035291675	[0.0028926916	0.004300929]
7.4	0.0032177705	[0.002612017	0.0039590495]
7.5	0.0024565775	[0.0019328977	0.0031164864]
7.6	0.0014877863	[0.0010900528	0.002023127]
7.7	4.1519618E-4	[2.2498598E-4	7.4760965E-4]
7.8	3.1139713E-4	[1.5197879E-4	6.143738E-4]
7.9	2.0759809E-4	[8.439157E-5	4.7650462E-4]
8.0	6.919936E-5	[1.1985772E-5	2.7906842E-4]
8.1	3.459968E-5	[1.8060572E-6	2.2469995E-4]
8.2	0.0	[0.0	1.656895E-4]
8.3	0.0	[0.0	1.656895E-4]
8.4	0.0	[0.0	0.0]
8.5	0.0	[0.0	0.0]
8.6	0.0	[0.0	0.0]
8.7	0.0	[0.0	0.0]
8.8	0.0	[0.0	0.0]
8.9	0.0	[0.0	0.0]
9.0	0.0	[0.0	0.0]



DATASET #8

     Name: Supra
   Points: 66
     Info: 

Data[x,y]:
2.5	  0.03695246
2.6	  0.03695246
2.7	  0.03695246
2.8	  0.03695246
2.9	  0.03695246
3.0	  0.03695246
3.1	  0.03695246
3.2	  0.03695246
3.3	  0.03695246
3.4	  0.03695246
3.5	  0.03695246
3.6	  0.03695246
3.7	  0.03695246
3.8	  0.03695246
3.9	  0.03695246
4.0	  0.03695246
4.1	  0.03695246
4.2	  0.03695246
4.3	  0.03695246
4.4	  0.03695246
4.5	  0.03695246
4.6	  0.03695246
4.7	  0.03695246
4.8	  0.03695246
4.9	  0.03695246
5.0	  0.03695246
5.1	  0.03695246
5.2	  0.03695246
5.3	  0.03695246
5.4	  0.03695246
5.5	  0.03695246
5.6	  0.03695246
5.7	  0.03695246
5.8	  0.03695246
5.9	  0.03695246
6.0	  0.03695246
6.1	  0.0326621
6.2	  0.025845962
6.3	  0.022593591
6.4	  0.019929416
6.5	  0.01743824
6.6	  0.01629645
6.7	  0.014185869
6.8	  0.012421286
6.9	  0.010206906
7.0	  0.007715729
7.1	  0.0066777384
7.2	  0.004878555
7.3	  0.0034253686
7.4	  0.0032177705
7.5	  0.0024565775
7.6	  0.0014877863
7.7	  4.1519618E-4
7.8	  3.1139713E-4
7.9	  2.0759809E-4
8.0	  6.919936E-5
8.1	  3.459968E-5
8.2	  0.0
8.3	  0.0
8.4	  0.0
8.5	  0.0
8.6	  0.0
8.7	  0.0
8.8	  0.0
8.9	  0.0
9.0	  0.0



DATASET #9

     Name: Primary
   Points: 66
     Info: 

Data[x,y]:
2.5	  457.84164
2.6	  363.66513
2.7	  288.8445
2.8	  229.42253
2.9	  182.29208
3.0	  144.79088
3.1	  115.00841
3.2	  91.37634
3.3	  72.54975
3.4	  57.609474
3.5	  45.747803
3.6	  36.3242
3.7	  28.848938
3.8	  22.916925
3.9	  18.185385
4.0	  14.436164
4.1	  11.45419
4.2	  9.07996
4.3	  7.203688
4.4	  5.713722
4.5	  4.5289598
4.6	  3.5924158
4.7	  2.8404608
4.8	  2.2482526
4.9	  1.785136
5.0	  1.4079994
5.1	  1.1118608
5.2	  0.8784167
5.3	  0.6890181
5.4	  0.5385094
5.5	  0.41716835
5.6	  0.32416442
5.7	  0.24887551
5.8	  0.18950246
5.9	  0.14147809
6.0	  0.10656702
6.1	  0.07816068
6.2	  0.05241852
6.3	  0.04020483
6.4	  0.030170923
6.5	  0.023389384
6.6	  0.020483011
6.7	  0.017057642
6.8	  0.014185869
6.9	  0.011314096
7.0	  0.008234724
7.1	  0.006746938
7.2	  0.004913155
7.3	  0.0033907688
7.4	  0.0030793718
7.5	  0.0023181788
7.6	  0.0014185869
7.7	  3.805965E-4
7.8	  2.7679745E-4
7.9	  2.0759809E-4
8.0	  6.919936E-5
8.1	  3.459968E-5
8.2	  0.0
8.3	  0.0
8.4	  0.0
8.5	  0.0
8.6	  0.0
8.7	  0.0
8.8	  0.0
8.9	  0.0
9.0	  0.0


