
X-Axis: Magnitude
Y-Axis: 1 Year Cumulative Number
Number of Data Sets: 9


DATASET #1

     Name: Mean
   Points: 66
     Info: 

Data[x,y]:
2.5	  910.98035
2.6	  723.5266
2.7	  574.8849
2.8	  456.69522
2.9	  362.8334
3.0	  288.29156
3.1	  228.91263
3.2	  181.8124
3.3	  144.55672
3.4	  114.82018
3.5	  91.313576
3.6	  72.58889
3.7	  57.69895
3.8	  45.84863
3.9	  36.39011
4.0	  28.953268
4.1	  22.981375
4.2	  18.299356
4.3	  14.519472
4.4	  11.508974
4.5	  9.12191
4.6	  7.2786994
4.7	  5.8367763
4.8	  4.65425
4.9	  3.6864207
5.0	  2.9244835
5.1	  2.3264477
5.2	  1.8543854
5.3	  1.4575008
5.4	  1.1567897
5.5	  0.91635627
5.6	  0.7284118
5.7	  0.5773789
5.8	  0.44293937
5.9	  0.3555706
6.0	  0.2749746
6.1	  0.22146969
6.2	  0.18015577
6.3	  0.1391805
6.4	  0.11513715
6.5	  0.087707415
6.6	  0.06975957
6.7	  0.054859463
6.8	  0.042329833
6.9	  0.03386387
7.0	  0.026413817
7.1	  0.019302404
7.2	  0.012868269
7.3	  0.01015916
7.4	  0.007111412
7.5	  0.0057568573
7.6	  0.00507958
7.7	  0.0037250253
7.8	  0.0023704707
7.9	  0.0016931933
8.0	  0.001015916
8.1	  6.7727733E-4
8.2	  0.0
8.3	  0.0
8.4	  0.0
8.5	  0.0
8.6	  0.0
8.7	  0.0
8.8	  0.0
8.9	  0.0
9.0	  0.0



DATASET #2

     Name: 2.5%,97.5%
   Points: 66
     Info: 

Data[x,y]:
2.5	  452.0
2.6	  355.0
2.7	  280.0
2.8	  220.0
2.9	  172.0
3.0	  134.0
3.1	  105.0
3.2	  81.0
3.3	  63.0
3.4	  49.0
3.5	  37.0
3.6	  28.0
3.7	  21.0
3.8	  16.0
3.9	  12.0
4.0	  8.0
4.1	  6.0
4.2	  4.0
4.3	  3.0
4.4	  2.0
4.5	  1.0
4.6	  0.0
4.7	  0.0
4.8	  0.0
4.9	  0.0
5.0	  0.0
5.1	  0.0
5.2	  0.0
5.3	  0.0
5.4	  0.0
5.5	  0.0
5.6	  0.0
5.7	  0.0
5.8	  0.0
5.9	  0.0
6.0	  0.0
6.1	  0.0
6.2	  0.0
6.3	  0.0
6.4	  0.0
6.5	  0.0
6.6	  0.0
6.7	  0.0
6.8	  0.0
6.9	  0.0
7.0	  0.0
7.1	  0.0
7.2	  0.0
7.3	  0.0
7.4	  0.0
7.5	  0.0
7.6	  0.0
7.7	  0.0
7.8	  0.0
7.9	  0.0
8.0	  0.0
8.1	  0.0
8.2	  0.0
8.3	  0.0
8.4	  0.0
8.5	  0.0
8.6	  0.0
8.7	  0.0
8.8	  0.0
8.9	  0.0
9.0	  0.0



DATASET #3

     Name: null
   Points: 66
     Info: 

Data[x,y]:
2.5	  2958.0
2.6	  2351.0
2.7	  1866.0
2.8	  1480.0
2.9	  1175.0
3.0	  943.0
3.1	  743.0
3.2	  583.0
3.3	  466.0
3.4	  377.0
3.5	  298.0
3.6	  239.0
3.7	  186.0
3.8	  148.0
3.9	  119.0
4.0	  96.0
4.1	  75.0
4.2	  60.0
4.3	  48.0
4.4	  39.0
4.5	  31.0
4.6	  26.0
4.7	  21.0
4.8	  17.0
4.9	  14.0
5.0	  12.0
5.1	  9.0
5.2	  8.0
5.3	  7.0
5.4	  5.0
5.5	  5.0
5.6	  4.0
5.7	  4.0
5.8	  3.0
5.9	  3.0
6.0	  2.0
6.1	  2.0
6.2	  2.0
6.3	  1.0
6.4	  1.0
6.5	  1.0
6.6	  1.0
6.7	  1.0
6.8	  1.0
6.9	  1.0
7.0	  0.0
7.1	  0.0
7.2	  0.0
7.3	  0.0
7.4	  0.0
7.5	  0.0
7.6	  0.0
7.7	  0.0
7.8	  0.0
7.9	  0.0
8.0	  0.0
8.1	  0.0
8.2	  0.0
8.3	  0.0
8.4	  0.0
8.5	  0.0
8.6	  0.0
8.7	  0.0
8.8	  0.0
8.9	  0.0
9.0	  0.0



DATASET #4

     Name: Median
   Points: 66
     Info: 

Data[x,y]:
2.5	  586.0
2.6	  466.0
2.7	  371.0
2.8	  295.0
2.9	  235.0
3.0	  187.0
3.1	  149.0
3.2	  119.0
3.3	  94.0
3.4	  75.0
3.5	  60.0
3.6	  48.0
3.7	  38.0
3.8	  30.0
3.9	  24.0
4.0	  19.0
4.1	  15.0
4.2	  12.0
4.3	  10.0
4.4	  7.0
4.5	  6.0
4.6	  5.0
4.7	  4.0
4.8	  3.0
4.9	  2.0
5.0	  2.0
5.1	  1.0
5.2	  1.0
5.3	  1.0
5.4	  0.0
5.5	  0.0
5.6	  0.0
5.7	  0.0
5.8	  0.0
5.9	  0.0
6.0	  0.0
6.1	  0.0
6.2	  0.0
6.3	  0.0
6.4	  0.0
6.5	  0.0
6.6	  0.0
6.7	  0.0
6.8	  0.0
6.9	  0.0
7.0	  0.0
7.1	  0.0
7.2	  0.0
7.3	  0.0
7.4	  0.0
7.5	  0.0
7.6	  0.0
7.7	  0.0
7.8	  0.0
7.9	  0.0
8.0	  0.0
8.1	  0.0
8.2	  0.0
8.3	  0.0
8.4	  0.0
8.5	  0.0
8.6	  0.0
8.7	  0.0
8.8	  0.0
8.9	  0.0
9.0	  0.0



DATASET #5

     Name: Mode
   Points: 66
     Info: 

Data[x,y]:
2.5	  545.0
2.6	  449.0
2.7	  341.0
2.8	  273.0
2.9	  225.0
3.0	  164.0
3.1	  134.0
3.2	  106.0
3.3	  80.0
3.4	  62.0
3.5	  56.0
3.6	  40.0
3.7	  37.0
3.8	  26.0
3.9	  24.0
4.0	  19.0
4.1	  15.0
4.2	  9.0
4.3	  7.0
4.4	  6.0
4.5	  4.0
4.6	  4.0
4.7	  2.0
4.8	  2.0
4.9	  1.0
5.0	  1.0
5.1	  1.0
5.2	  0.0
5.3	  0.0
5.4	  0.0
5.5	  0.0
5.6	  0.0
5.7	  0.0
5.8	  0.0
5.9	  0.0
6.0	  0.0
6.1	  0.0
6.2	  0.0
6.3	  0.0
6.4	  0.0
6.5	  0.0
6.6	  0.0
6.7	  0.0
6.8	  0.0
6.9	  0.0
7.0	  0.0
7.1	  0.0
7.2	  0.0
7.3	  0.0
7.4	  0.0
7.5	  0.0
7.6	  0.0
7.7	  0.0
7.8	  0.0
7.9	  0.0
8.0	  0.0
8.1	  0.0
8.2	  0.0
8.3	  0.0
8.4	  0.0
8.5	  0.0
8.6	  0.0
8.7	  0.0
8.8	  0.0
8.9	  0.0
9.0	  0.0



DATASET #6

     Name: 1 yr Prob
   Points: 66
     Info: 

Data[x,y]:
2.5	  1.0
2.6	  1.0
2.7	  1.0
2.8	  1.0
2.9	  1.0
3.0	  1.0
3.1	  1.0
3.2	  1.0
3.3	  1.0
3.4	  1.0
3.5	  1.0
3.6	  1.0
3.7	  1.0
3.8	  1.0
3.9	  1.0
4.0	  1.0
4.1	  1.0
4.2	  1.0
4.3	  0.9993227
4.4	  0.9972909
4.5	  0.9891636
4.6	  0.9746021
4.7	  0.9519133
4.8	  0.91703355
4.9	  0.8658991
5.0	  0.802235
5.1	  0.7321368
5.2	  0.64781576
5.3	  0.5594311
5.4	  0.4876397
5.5	  0.41550964
5.6	  0.34879783
5.7	  0.2888588
5.8	  0.2373857
5.9	  0.19979681
6.0	  0.15916018
6.1	  0.12834406
6.2	  0.10430071
6.3	  0.08567558
6.4	  0.07382323
6.5	  0.0612936
6.6	  0.048763968
6.7	  0.039620724
6.8	  0.031832036
6.9	  0.0253979
7.0	  0.018963765
7.1	  0.013884186
7.2	  0.01015916
7.3	  0.008465967
7.4	  0.006095496
7.5	  0.0047409413
7.6	  0.0044023027
7.7	  0.0033863867
7.8	  0.002031832
7.9	  0.0016931933
8.0	  0.001015916
8.1	  6.7727733E-4
8.2	  0.0
8.3	  0.0
8.4	  0.0
8.5	  0.0
8.6	  0.0
8.7	  0.0
8.8	  0.0
8.9	  0.0
9.0	  0.0



DATASET #7

Name: 95% Conf
Num Points: 66
Info: 

X, Y Data:
2.5	1.0	[1.0	1.0]
2.6	1.0	[1.0	1.0]
2.7	1.0	[1.0	1.0]
2.8	1.0	[1.0	1.0]
2.9	1.0	[1.0	1.0]
3.0	1.0	[1.0	1.0]
3.1	1.0	[1.0	1.0]
3.2	1.0	[1.0	1.0]
3.3	1.0	[1.0	1.0]
3.4	1.0	[1.0	1.0]
3.5	1.0	[1.0	1.0]
3.6	1.0	[1.0	1.0]
3.7	1.0	[1.0	1.0]
3.8	1.0	[1.0	1.0]
3.9	1.0	[1.0	1.0]
4.0	1.0	[1.0	1.0]
4.1	1.0	[1.0	1.0]
4.2	1.0	[1.0	1.0]
4.3	0.9993227	[0.9972722	0.9998827]
4.4	0.9972909	[0.9944395	0.9987398]
4.5	0.9891636	[0.9845451	0.9924542]
4.6	0.9746021	[0.96809375	0.97984064]
4.7	0.9519133	[0.94341016	0.9592165]
4.8	0.91703355	[0.9063564	0.9266086]
4.9	0.8658991	[0.85295624	0.87787807]
5.0	0.802235	[0.78730613	0.8163693]
5.1	0.7321368	[0.7156978	0.74796623]
5.2	0.64781576	[0.63023484	0.66500884]
5.3	0.5594311	[0.54128927	0.577417]
5.4	0.4876397	[0.46946993	0.50584185]
5.5	0.41550964	[0.39768782	0.4335531]
5.6	0.34879783	[0.33164743	0.366345]
5.7	0.2888588	[0.2726279	0.30564398]
5.8	0.2373857	[0.22222143	0.2532399]
5.9	0.19979681	[0.18560465	0.2147782]
6.0	0.15916018	[0.14624606	0.1729713]
6.1	0.12834406	[0.11659895	0.14106843]
6.2	0.10430071	[0.093624525	0.116020866]
6.3	0.08567558	[0.075951084	0.096494704]
6.4	0.07382323	[0.06477641	0.08399728]
6.5	0.0612936	[0.05304086	0.07070854]
6.6	0.048763968	[0.041408658	0.05731726]
6.7	0.039620724	[0.033007596	0.047458794]
6.8	0.031832036	[0.025930474	0.038982466]
6.9	0.0253979	[0.020159367	0.03190622]
7.0	0.018963765	[0.014485054	0.024735074]
7.1	0.013884186	[0.010107147	0.018974457]
7.2	0.01015916	[0.006985775	0.014664018]
7.3	0.008465967	[0.005604132	0.01266924]
7.4	0.006095496	[0.0037280445	0.009821746]
7.5	0.0047409413	[0.0026999968	0.008153869]
7.6	0.0044023027	[0.0024499174	0.0077305925]
7.7	0.0033863867	[0.0017217456	0.0064410665]
7.8	0.002031832	[8.2620495E-4	0.0046567107]
7.9	0.0016931933	[6.2351907E-4	0.004193205]
8.0	0.001015916	[2.6240625E-4	0.0032326141]
8.1	6.7727733E-4	[1.1731649E-4	0.0027278115]
8.2	0.0	[0.0	0.0016197461]
8.3	0.0	[0.0	0.0016197461]
8.4	0.0	[0.0	0.0]
8.5	0.0	[0.0	0.0]
8.6	0.0	[0.0	0.0]
8.7	0.0	[0.0	0.0]
8.8	0.0	[0.0	0.0]
8.9	0.0	[0.0	0.0]
9.0	0.0	[0.0	0.0]



DATASET #8

     Name: Supra
   Points: 66
     Info: 

Data[x,y]:
2.5	  0.0
2.6	  0.0
2.7	  0.0
2.8	  0.0
2.9	  0.0
3.0	  0.0
3.1	  0.0
3.2	  0.0
3.3	  0.0
3.4	  0.0
3.5	  0.0
3.6	  0.0
3.7	  0.0
3.8	  0.0
3.9	  0.0
4.0	  0.0
4.1	  0.0
4.2	  0.0
4.3	  0.0
4.4	  0.0
4.5	  0.0
4.6	  0.0
4.7	  0.0
4.8	  0.0
4.9	  0.0
5.0	  0.0
5.1	  0.0
5.2	  0.0
5.3	  0.0
5.4	  0.0
5.5	  0.0
5.6	  0.0
5.7	  0.0
5.8	  0.0
5.9	  0.0
6.0	  0.0
6.1	  0.0
6.2	  0.0
6.3	  0.0
6.4	  0.0
6.5	  0.0
6.6	  0.0
6.7	  0.0
6.8	  0.0
6.9	  0.0
7.0	  0.0
7.1	  0.0
7.2	  0.0
7.3	  0.0
7.4	  0.0
7.5	  0.0
7.6	  0.0
7.7	  0.0
7.8	  0.0
7.9	  0.0
8.0	  0.0
8.1	  0.0
8.2	  0.0
8.3	  0.0
8.4	  0.0
8.5	  0.0
8.6	  0.0
8.7	  0.0
8.8	  0.0
8.9	  0.0
9.0	  0.0



DATASET #9

     Name: Primary
   Points: 66
     Info: 

Data[x,y]:
2.5	  370.4196
2.6	  294.08127
2.7	  233.52861
2.8	  185.31561
2.9	  147.15611
3.0	  116.892654
3.1	  92.82357
3.2	  73.70877
3.3	  58.577377
3.4	  46.4978
3.5	  36.966812
3.6	  29.41551
3.7	  23.347782
3.8	  18.5127
3.9	  14.661023
4.0	  11.6261425
4.1	  9.234676
4.2	  7.3647137
4.3	  5.816119
4.4	  4.601761
4.5	  3.6349475
4.6	  2.8936675
4.7	  2.318659
4.8	  1.8540467
4.9	  1.4700304
5.0	  1.1672875
5.1	  0.923129
5.2	  0.73450726
5.3	  0.57196075
5.4	  0.45682356
5.5	  0.35692516
5.6	  0.28310192
5.7	  0.22688791
5.8	  0.17507619
5.9	  0.14256687
6.0	  0.113443956
6.1	  0.090755165
6.2	  0.06772774
6.3	  0.05045716
6.4	  0.043007113
6.5	  0.03521842
6.6	  0.026752455
6.7	  0.019641044
6.8	  0.016254656
6.9	  0.012529631
7.0	  0.0077886893
7.1	  0.00507958
7.2	  0.0033863867
7.3	  0.003047748
7.4	  0.002031832
7.5	  0.0013545547
7.6	  0.001015916
7.7	  3.3863867E-4
7.8	  3.3863867E-4
7.9	  3.3863867E-4
8.0	  0.0
8.1	  0.0
8.2	  0.0
8.3	  0.0
8.4	  0.0
8.5	  0.0
8.6	  0.0
8.7	  0.0
8.8	  0.0
8.9	  0.0
9.0	  0.0


