
X-Axis: Magnitude
Y-Axis: 1 Month Cumulative Number
Number of Data Sets: 9


DATASET #1

     Name: Mean
   Points: 66
     Info: 

Data[x,y]:
2.5	  140.8647
2.6	  111.88278
2.7	  88.8755
2.8	  70.588196
2.9	  56.069767
3.0	  44.535397
3.1	  35.358482
3.2	  28.075127
3.3	  22.301985
3.4	  17.712925
3.5	  14.070199
3.6	  11.184332
3.7	  8.887834
3.8	  7.058285
3.9	  5.600397
4.0	  4.444657
4.1	  3.529603
4.2	  2.8033392
4.3	  2.2295668
4.4	  1.771408
4.5	  1.401083
4.6	  1.1103971
4.7	  0.87839353
4.8	  0.6934296
4.9	  0.54873645
5.0	  0.43344766
5.1	  0.3430686
5.2	  0.2694946
5.3	  0.21231046
5.4	  0.1651805
5.5	  0.12797834
5.6	  0.098429605
5.7	  0.0766787
5.8	  0.058519855
5.9	  0.044855595
6.0	  0.034368232
6.1	  0.02463899
6.2	  0.016191335
6.3	  0.012111913
6.4	  0.008916968
6.5	  0.0066064983
6.6	  0.005559567
6.7	  0.004530686
6.8	  0.0036823105
6.9	  0.002960289
7.0	  0.0024187726
7.1	  0.0019494585
7.2	  0.0015342961
7.3	  0.001101083
7.4	  9.927797E-4
7.5	  7.5812277E-4
7.6	  3.971119E-4
7.7	  1.4440433E-4
7.8	  7.2202165E-5
7.9	  3.6101083E-5
8.0	  1.8050541E-5
8.1	  0.0
8.2	  0.0
8.3	  0.0
8.4	  0.0
8.5	  0.0
8.6	  0.0
8.7	  0.0
8.8	  0.0
8.9	  0.0
9.0	  0.0



DATASET #2

     Name: 2.5%,97.5%
   Points: 66
     Info: 

Data[x,y]:
2.5	  83.0
2.6	  64.0
2.7	  49.0
2.8	  38.0
2.9	  29.0
3.0	  22.0
3.1	  16.0
3.2	  12.0
3.3	  9.0
3.4	  6.0
3.5	  4.0
3.6	  3.0
3.7	  2.0
3.8	  1.0
3.9	  1.0
4.0	  0.0
4.1	  0.0
4.2	  0.0
4.3	  0.0
4.4	  0.0
4.5	  0.0
4.6	  0.0
4.7	  0.0
4.8	  0.0
4.9	  0.0
5.0	  0.0
5.1	  0.0
5.2	  0.0
5.3	  0.0
5.4	  0.0
5.5	  0.0
5.6	  0.0
5.7	  0.0
5.8	  0.0
5.9	  0.0
6.0	  0.0
6.1	  0.0
6.2	  0.0
6.3	  0.0
6.4	  0.0
6.5	  0.0
6.6	  0.0
6.7	  0.0
6.8	  0.0
6.9	  0.0
7.0	  0.0
7.1	  0.0
7.2	  0.0
7.3	  0.0
7.4	  0.0
7.5	  0.0
7.6	  0.0
7.7	  0.0
7.8	  0.0
7.9	  0.0
8.0	  0.0
8.1	  0.0
8.2	  0.0
8.3	  0.0
8.4	  0.0
8.5	  0.0
8.6	  0.0
8.7	  0.0
8.8	  0.0
8.9	  0.0
9.0	  0.0



DATASET #3

     Name: null
   Points: 66
     Info: 

Data[x,y]:
2.5	  309.0
2.6	  247.0
2.7	  196.0
2.8	  156.0
2.9	  125.0
3.0	  100.0
3.1	  80.0
3.2	  64.0
3.3	  51.0
3.4	  41.0
3.5	  34.0
3.6	  27.0
3.7	  22.0
3.8	  18.0
3.9	  15.0
4.0	  13.0
4.1	  10.0
4.2	  9.0
4.3	  7.0
4.4	  6.0
4.5	  5.0
4.6	  5.0
4.7	  4.0
4.8	  3.0
4.9	  3.0
5.0	  3.0
5.1	  2.0
5.2	  2.0
5.3	  2.0
5.4	  1.0
5.5	  1.0
5.6	  1.0
5.7	  1.0
5.8	  1.0
5.9	  1.0
6.0	  1.0
6.1	  0.0
6.2	  0.0
6.3	  0.0
6.4	  0.0
6.5	  0.0
6.6	  0.0
6.7	  0.0
6.8	  0.0
6.9	  0.0
7.0	  0.0
7.1	  0.0
7.2	  0.0
7.3	  0.0
7.4	  0.0
7.5	  0.0
7.6	  0.0
7.7	  0.0
7.8	  0.0
7.9	  0.0
8.0	  0.0
8.1	  0.0
8.2	  0.0
8.3	  0.0
8.4	  0.0
8.5	  0.0
8.6	  0.0
8.7	  0.0
8.8	  0.0
8.9	  0.0
9.0	  0.0



DATASET #4

     Name: Median
   Points: 66
     Info: 

Data[x,y]:
2.5	  113.0
2.6	  90.0
2.7	  72.0
2.8	  57.0
2.9	  45.0
3.0	  36.0
3.1	  29.0
3.2	  23.0
3.3	  18.0
3.4	  14.0
3.5	  11.0
3.6	  9.0
3.7	  7.0
3.8	  6.0
3.9	  4.0
4.0	  3.0
4.1	  3.0
4.2	  2.0
4.3	  2.0
4.4	  1.0
4.5	  1.0
4.6	  1.0
4.7	  0.0
4.8	  0.0
4.9	  0.0
5.0	  0.0
5.1	  0.0
5.2	  0.0
5.3	  0.0
5.4	  0.0
5.5	  0.0
5.6	  0.0
5.7	  0.0
5.8	  0.0
5.9	  0.0
6.0	  0.0
6.1	  0.0
6.2	  0.0
6.3	  0.0
6.4	  0.0
6.5	  0.0
6.6	  0.0
6.7	  0.0
6.8	  0.0
6.9	  0.0
7.0	  0.0
7.1	  0.0
7.2	  0.0
7.3	  0.0
7.4	  0.0
7.5	  0.0
7.6	  0.0
7.7	  0.0
7.8	  0.0
7.9	  0.0
8.0	  0.0
8.1	  0.0
8.2	  0.0
8.3	  0.0
8.4	  0.0
8.5	  0.0
8.6	  0.0
8.7	  0.0
8.8	  0.0
8.9	  0.0
9.0	  0.0



DATASET #5

     Name: Mode
   Points: 66
     Info: 

Data[x,y]:
2.5	  104.0
2.6	  85.0
2.7	  68.0
2.8	  55.0
2.9	  43.0
3.0	  34.0
3.1	  28.0
3.2	  21.0
3.3	  17.0
3.4	  13.0
3.5	  10.0
3.6	  8.0
3.7	  6.0
3.8	  5.0
3.9	  4.0
4.0	  3.0
4.1	  2.0
4.2	  1.0
4.3	  1.0
4.4	  1.0
4.5	  0.0
4.6	  0.0
4.7	  0.0
4.8	  0.0
4.9	  0.0
5.0	  0.0
5.1	  0.0
5.2	  0.0
5.3	  0.0
5.4	  0.0
5.5	  0.0
5.6	  0.0
5.7	  0.0
5.8	  0.0
5.9	  0.0
6.0	  0.0
6.1	  0.0
6.2	  0.0
6.3	  0.0
6.4	  0.0
6.5	  0.0
6.6	  0.0
6.7	  0.0
6.8	  0.0
6.9	  0.0
7.0	  0.0
7.1	  0.0
7.2	  0.0
7.3	  0.0
7.4	  0.0
7.5	  0.0
7.6	  0.0
7.7	  0.0
7.8	  0.0
7.9	  0.0
8.0	  0.0
8.1	  0.0
8.2	  0.0
8.3	  0.0
8.4	  0.0
8.5	  0.0
8.6	  0.0
8.7	  0.0
8.8	  0.0
8.9	  0.0
9.0	  0.0



DATASET #6

     Name: 1 mo Prob
   Points: 66
     Info: 

Data[x,y]:
2.5	  1.0
2.6	  1.0
2.7	  1.0
2.8	  1.0
2.9	  1.0
3.0	  1.0
3.1	  1.0
3.2	  1.0
3.3	  1.0
3.4	  1.0
3.5	  0.9998917
3.6	  0.99958485
3.7	  0.99758124
3.8	  0.99205774
3.9	  0.97906137
4.0	  0.95637184
4.1	  0.91884476
4.2	  0.86341155
4.3	  0.7986643
4.4	  0.721787
4.5	  0.640704
4.6	  0.5588989
4.7	  0.48032492
4.8	  0.40685922
4.9	  0.34229243
5.0	  0.2837184
5.1	  0.23411553
5.2	  0.1901444
5.3	  0.15509026
5.4	  0.12422383
5.5	  0.09880866
5.6	  0.07790614
5.7	  0.061823104
5.8	  0.048158843
5.9	  0.037509024
6.0	  0.02904332
6.1	  0.021317689
6.2	  0.014296029
6.3	  0.010866426
6.4	  0.008050541
6.5	  0.005974729
6.6	  0.0052166064
6.7	  0.0042779786
6.8	  0.003501805
6.9	  0.0028880867
7.0	  0.0023465704
7.1	  0.001931408
7.2	  0.0015162455
7.3	  0.0010830325
7.4	  9.7472925E-4
7.5	  7.5812277E-4
7.6	  3.971119E-4
7.7	  1.4440433E-4
7.8	  7.2202165E-5
7.9	  3.6101083E-5
8.0	  1.8050541E-5
8.1	  0.0
8.2	  0.0
8.3	  0.0
8.4	  0.0
8.5	  0.0
8.6	  0.0
8.7	  0.0
8.8	  0.0
8.9	  0.0
9.0	  0.0



DATASET #7

Name: 95% Conf
Num Points: 66
Info: 

X, Y Data:
2.5	1.0	[1.0	1.0]
2.6	1.0	[1.0	1.0]
2.7	1.0	[1.0	1.0]
2.8	1.0	[1.0	1.0]
2.9	1.0	[1.0	1.0]
3.0	1.0	[1.0	1.0]
3.1	1.0	[1.0	1.0]
3.2	1.0	[1.0	1.0]
3.3	1.0	[1.0	1.0]
3.4	1.0	[1.0	1.0]
3.5	0.9998917	[0.9997514	0.99995595]
3.6	0.99958485	[0.9993662	0.9997305]
3.7	0.99758124	[0.99712646	0.99796546]
3.8	0.99205774	[0.9912743	0.99277216]
3.9	0.97906137	[0.9778262	0.9802296]
4.0	0.95637184	[0.9546298	0.95805025]
4.1	0.91884476	[0.9165325	0.9210987]
4.2	0.86341155	[0.86051756	0.866255]
4.3	0.7986643	[0.7952953	0.8019917]
4.4	0.721787	[0.71803105	0.7255121]
4.5	0.640704	[0.63668996	0.64469844]
4.6	0.5588989	[0.55475134	0.56303835]
4.7	0.48032492	[0.476157	0.48449555]
4.8	0.40685922	[0.40276605	0.41096532]
4.9	0.34229243	[0.33834338	0.34626338]
5.0	0.2837184	[0.2799706	0.2874963]
5.1	0.23411553	[0.23059893	0.23766908]
5.2	0.1901444	[0.18688923	0.19344266]
5.3	0.15509026	[0.15209085	0.15813763]
5.4	0.12422383	[0.121494286	0.12700565]
5.5	0.09880866	[0.0963426	0.10133057]
5.6	0.07790614	[0.07569449	0.08017656]
5.7	0.061823104	[0.059838954	0.06386829]
5.8	0.048158843	[0.04639822	0.049982447]
5.9	0.037509024	[0.03594976	0.039132793]
6.0	0.02904332	[0.027668454	0.030483922]
6.1	0.021317689	[0.020138891	0.022563366]
6.2	0.014296029	[0.013331938	0.015328091]
6.3	0.010866426	[0.010027715	0.011773677]
6.4	0.008050541	[0.007331139	0.008838993]
6.5	0.005974729	[0.0053578094	0.006661121]
6.6	0.0052166064	[0.004641572	0.005861286]
6.7	0.0042779786	[0.0037593415	0.0048664995]
6.8	0.003501805	[0.0030347412	0.0040389816]
6.9	0.0028880867	[0.0024660465	0.0033804525]
7.0	0.0023465704	[0.0019684522	0.0027952415]
7.1	0.001931408	[0.0015905431	0.0023430407]
7.2	0.0015162455	[0.0012169078	0.0018866257]
7.3	0.0010830325	[8.336719E-4	0.0014038429]
7.4	9.7472925E-4	[7.3936017E-4	0.0012816838]
7.5	7.5812277E-4	[5.532792E-4	0.001034895]
7.6	3.971119E-4	[2.551017E-4	6.1209465E-4]
7.7	1.4440433E-4	[6.714581E-5	2.9689108E-4]
7.8	7.2202165E-5	[2.3129252E-5	1.985544E-4]
7.9	3.6101083E-5	[6.252916E-6	1.4559933E-4]
8.0	1.8050541E-5	[9.4221355E-7	1.172331E-4]
8.1	0.0	[0.0	8.644523E-5]
8.2	0.0	[0.0	8.644523E-5]
8.3	0.0	[0.0	8.644523E-5]
8.4	0.0	[0.0	0.0]
8.5	0.0	[0.0	0.0]
8.6	0.0	[0.0	0.0]
8.7	0.0	[0.0	0.0]
8.8	0.0	[0.0	0.0]
8.9	0.0	[0.0	0.0]
9.0	0.0	[0.0	0.0]



DATASET #8

     Name: Supra
   Points: 66
     Info: 

Data[x,y]:
2.5	  0.010306859
2.6	  0.010306859
2.7	  0.010306859
2.8	  0.010306859
2.9	  0.010306859
3.0	  0.010306859
3.1	  0.010306859
3.2	  0.010306859
3.3	  0.010306859
3.4	  0.010306859
3.5	  0.010306859
3.6	  0.010306859
3.7	  0.010306859
3.8	  0.010306859
3.9	  0.010306859
4.0	  0.010306859
4.1	  0.010306859
4.2	  0.010306859
4.3	  0.010306859
4.4	  0.010306859
4.5	  0.010306859
4.6	  0.010306859
4.7	  0.010306859
4.8	  0.010306859
4.9	  0.010306859
5.0	  0.010306859
5.1	  0.010306859
5.2	  0.010306859
5.3	  0.010306859
5.4	  0.010306859
5.5	  0.010306859
5.6	  0.010306859
5.7	  0.010306859
5.8	  0.010306859
5.9	  0.0102707585
6.0	  0.0102707585
6.1	  0.008537906
6.2	  0.006462094
6.3	  0.0055415165
6.4	  0.0046750903
6.5	  0.0040252707
6.6	  0.0037184115
6.7	  0.0033212996
6.8	  0.002833935
6.9	  0.0024187726
7.0	  0.0020938627
7.1	  0.0018411552
7.2	  0.0014620939
7.3	  0.0010288808
7.4	  9.566787E-4
7.5	  7.5812277E-4
7.6	  3.971119E-4
7.7	  1.4440433E-4
7.8	  7.2202165E-5
7.9	  3.6101083E-5
8.0	  1.8050541E-5
8.1	  0.0
8.2	  0.0
8.3	  0.0
8.4	  0.0
8.5	  0.0
8.6	  0.0
8.7	  0.0
8.8	  0.0
8.9	  0.0
9.0	  0.0



DATASET #9

     Name: Primary
   Points: 66
     Info: 

Data[x,y]:
2.5	  86.341736
2.6	  68.58106
2.7	  54.48648
2.8	  43.279476
2.9	  34.371803
3.0	  27.300848
3.1	  21.673664
3.2	  17.192076
3.3	  13.649278
3.4	  10.838844
3.5	  8.611859
3.6	  6.8394947
3.7	  5.4323463
3.8	  4.312419
3.9	  3.4187906
4.0	  2.7151263
4.1	  2.1551263
4.2	  1.7111552
4.3	  1.3599459
4.4	  1.0795848
4.5	  0.85440433
4.6	  0.6773285
4.7	  0.53657037
4.8	  0.42456678
4.9	  0.33655235
5.0	  0.26555955
5.1	  0.2100722
5.2	  0.16447653
5.3	  0.12949458
5.4	  0.10050541
5.5	  0.07749098
5.6	  0.05978339
5.7	  0.046335742
5.8	  0.03525271
5.9	  0.02669675
6.0	  0.020397112
6.1	  0.014909747
6.2	  0.009530686
6.3	  0.007238267
6.4	  0.005306859
6.5	  0.0038086642
6.6	  0.0033393502
6.7	  0.002833935
6.8	  0.00232852
6.9	  0.0019855595
7.0	  0.0016245487
7.1	  0.0013537906
7.2	  0.0010288808
7.3	  7.5812277E-4
7.4	  7.400722E-4
7.5	  5.595668E-4
7.6	  2.8880866E-4
7.7	  1.0830325E-4
7.8	  7.2202165E-5
7.9	  3.6101083E-5
8.0	  1.8050541E-5
8.1	  0.0
8.2	  0.0
8.3	  0.0
8.4	  0.0
8.5	  0.0
8.6	  0.0
8.7	  0.0
8.8	  0.0
8.9	  0.0
9.0	  0.0


