
X-Axis: Magnitude
Y-Axis: 1 Month Cumulative Number
Number of Data Sets: 9


DATASET #1

     Name: Mean
   Points: 41
     Info: 

Data[x,y]:
5.0	  0.183
5.1	  0.144
5.2	  0.113
5.3	  0.092
5.4	  0.072
5.5	  0.056
5.6	  0.041
5.7	  0.03
5.8	  0.025
5.9	  0.016
6.0	  0.015
6.1	  0.012
6.2	  0.011
6.3	  0.009
6.4	  0.008
6.5	  0.007
6.6	  0.005
6.7	  0.004
6.8	  0.004
6.9	  0.004
7.0	  0.004
7.1	  0.003
7.2	  0.003
7.3	  0.002
7.4	  0.001
7.5	  0.0
7.6	  0.0
7.7	  0.0
7.8	  0.0
7.9	  0.0
8.0	  0.0
8.1	  0.0
8.2	  0.0
8.3	  0.0
8.4	  0.0
8.5	  0.0
8.6	  0.0
8.7	  0.0
8.8	  0.0
8.9	  0.0
9.0	  0.0



DATASET #2

     Name: 2.5%,97.5%
   Points: 41
     Info: 

Data[x,y]:
5.0	  0.0
5.1	  0.0
5.2	  0.0
5.3	  0.0
5.4	  0.0
5.5	  0.0
5.6	  0.0
5.7	  0.0
5.8	  0.0
5.9	  0.0
6.0	  0.0
6.1	  0.0
6.2	  0.0
6.3	  0.0
6.4	  0.0
6.5	  0.0
6.6	  0.0
6.7	  0.0
6.8	  0.0
6.9	  0.0
7.0	  0.0
7.1	  0.0
7.2	  0.0
7.3	  0.0
7.4	  0.0
7.5	  0.0
7.6	  0.0
7.7	  0.0
7.8	  0.0
7.9	  0.0
8.0	  0.0
8.1	  0.0
8.2	  0.0
8.3	  0.0
8.4	  0.0
8.5	  0.0
8.6	  0.0
8.7	  0.0
8.8	  0.0
8.9	  0.0
9.0	  0.0



DATASET #3

     Name: null
   Points: 41
     Info: 

Data[x,y]:
5.0	  1.0
5.1	  1.0
5.2	  1.0
5.3	  1.0
5.4	  1.0
5.5	  1.0
5.6	  1.0
5.7	  1.0
5.8	  0.0
5.9	  0.0
6.0	  0.0
6.1	  0.0
6.2	  0.0
6.3	  0.0
6.4	  0.0
6.5	  0.0
6.6	  0.0
6.7	  0.0
6.8	  0.0
6.9	  0.0
7.0	  0.0
7.1	  0.0
7.2	  0.0
7.3	  0.0
7.4	  0.0
7.5	  0.0
7.6	  0.0
7.7	  0.0
7.8	  0.0
7.9	  0.0
8.0	  0.0
8.1	  0.0
8.2	  0.0
8.3	  0.0
8.4	  0.0
8.5	  0.0
8.6	  0.0
8.7	  0.0
8.8	  0.0
8.9	  0.0
9.0	  0.0



DATASET #4

     Name: Median
   Points: 41
     Info: 

Data[x,y]:
5.0	  0.0
5.1	  0.0
5.2	  0.0
5.3	  0.0
5.4	  0.0
5.5	  0.0
5.6	  0.0
5.7	  0.0
5.8	  0.0
5.9	  0.0
6.0	  0.0
6.1	  0.0
6.2	  0.0
6.3	  0.0
6.4	  0.0
6.5	  0.0
6.6	  0.0
6.7	  0.0
6.8	  0.0
6.9	  0.0
7.0	  0.0
7.1	  0.0
7.2	  0.0
7.3	  0.0
7.4	  0.0
7.5	  0.0
7.6	  0.0
7.7	  0.0
7.8	  0.0
7.9	  0.0
8.0	  0.0
8.1	  0.0
8.2	  0.0
8.3	  0.0
8.4	  0.0
8.5	  0.0
8.6	  0.0
8.7	  0.0
8.8	  0.0
8.9	  0.0
9.0	  0.0



DATASET #5

     Name: Mode
   Points: 41
     Info: 

Data[x,y]:
5.0	  0.0
5.1	  0.0
5.2	  0.0
5.3	  0.0
5.4	  0.0
5.5	  0.0
5.6	  0.0
5.7	  0.0
5.8	  0.0
5.9	  0.0
6.0	  0.0
6.1	  0.0
6.2	  0.0
6.3	  0.0
6.4	  0.0
6.5	  0.0
6.6	  0.0
6.7	  0.0
6.8	  0.0
6.9	  0.0
7.0	  0.0
7.1	  0.0
7.2	  0.0
7.3	  0.0
7.4	  0.0
7.5	  0.0
7.6	  0.0
7.7	  0.0
7.8	  0.0
7.9	  0.0
8.0	  0.0
8.1	  0.0
8.2	  0.0
8.3	  0.0
8.4	  0.0
8.5	  0.0
8.6	  0.0
8.7	  0.0
8.8	  0.0
8.9	  0.0
9.0	  0.0



DATASET #6

     Name: 1 mo Prob
   Points: 41
     Info: 

Data[x,y]:
5.0	  0.119
5.1	  0.095
5.2	  0.077
5.3	  0.065
5.4	  0.053
5.5	  0.044
5.6	  0.033
5.7	  0.027
5.8	  0.024
5.9	  0.015
6.0	  0.015
6.1	  0.012
6.2	  0.011
6.3	  0.009
6.4	  0.008
6.5	  0.007
6.6	  0.005
6.7	  0.004
6.8	  0.004
6.9	  0.004
7.0	  0.004
7.1	  0.003
7.2	  0.003
7.3	  0.002
7.4	  0.001
7.5	  0.0
7.6	  0.0
7.7	  0.0
7.8	  0.0
7.9	  0.0
8.0	  0.0
8.1	  0.0
8.2	  0.0
8.3	  0.0
8.4	  0.0
8.5	  0.0
8.6	  0.0
8.7	  0.0
8.8	  0.0
8.9	  0.0
9.0	  0.0



DATASET #7

Name: 95% Conf
Num Points: 41
Info: 

X, Y Data:
5.0	0.119	[0.099913	0.14107542]
5.1	0.095	[0.07788935	0.115295246]
5.2	0.077	[0.06159833	0.09573654]
5.3	0.065	[0.050879635	0.082557864]
5.4	0.053	[0.040309407	0.06923387]
5.5	0.044	[0.032508038	0.05911783]
5.6	0.033	[0.023174543	0.046558823]
5.7	0.027	[0.018212093	0.039585136]
5.8	0.024	[0.015776584	0.036054842]
5.9	0.015	[0.008733168	0.025217677]
6.0	0.015	[0.008733168	0.025217677]
6.1	0.012	[0.006513929	0.021487325]
6.2	0.011	[0.0057953	0.020224951]
6.3	0.009	[0.0043984456	0.017664673]
6.4	0.008	[0.0037244693	0.016363395]
6.5	0.007	[0.0030706925	0.015045025]
6.6	0.005	[0.0018421938	0.012343498]
6.7	0.004	[0.0012821096	0.010950263]
6.8	0.004	[0.0012821096	0.010950263]
6.9	0.004	[0.0012821096	0.010950263]
7.0	0.004	[0.0012821096	0.010950263]
7.1	0.003	[7.75095E-4	0.009518]
7.2	0.003	[7.75095E-4	0.009518]
7.3	0.002	[3.464852E-4	0.008032669]
7.4	0.001	[5.22008E-5	0.0064689326]
7.5	0.0	[0.0	0.004770871]
7.6	0.0	[0.0	0.004770871]
7.7	0.0	[0.0	0.004770871]
7.8	0.0	[0.0	0.004770871]
7.9	0.0	[0.0	0.004770871]
8.0	0.0	[0.0	0.004770871]
8.1	0.0	[0.0	0.004770871]
8.2	0.0	[0.0	0.004770871]
8.3	0.0	[0.0	0.004770871]
8.4	0.0	[0.0	0.0]
8.5	0.0	[0.0	0.0]
8.6	0.0	[0.0	0.0]
8.7	0.0	[0.0	0.0]
8.8	0.0	[0.0	0.0]
8.9	0.0	[0.0	0.0]
9.0	0.0	[0.0	0.0]



DATASET #8

     Name: Supra
   Points: 41
     Info: 

Data[x,y]:
5.0	  0.01
5.1	  0.01
5.2	  0.01
5.3	  0.01
5.4	  0.01
5.5	  0.01
5.6	  0.01
5.7	  0.01
5.8	  0.01
5.9	  0.008
6.0	  0.008
6.1	  0.007
6.2	  0.006
6.3	  0.006
6.4	  0.005
6.5	  0.005
6.6	  0.004
6.7	  0.004
6.8	  0.004
6.9	  0.004
7.0	  0.004
7.1	  0.003
7.2	  0.003
7.3	  0.002
7.4	  0.001
7.5	  0.0
7.6	  0.0
7.7	  0.0
7.8	  0.0
7.9	  0.0
8.0	  0.0
8.1	  0.0
8.2	  0.0
8.3	  0.0
8.4	  0.0
8.5	  0.0
8.6	  0.0
8.7	  0.0
8.8	  0.0
8.9	  0.0
9.0	  0.0



DATASET #9

     Name: Primary
   Points: 41
     Info: 

Data[x,y]:
5.0	  0.105
5.1	  0.083
5.2	  0.069
5.3	  0.054
5.4	  0.043
5.5	  0.034
5.6	  0.023
5.7	  0.02
5.8	  0.017
5.9	  0.011
6.0	  0.011
6.1	  0.008
6.2	  0.007
6.3	  0.006
6.4	  0.006
6.5	  0.005
6.6	  0.003
6.7	  0.002
6.8	  0.002
6.9	  0.002
7.0	  0.002
7.1	  0.001
7.2	  0.001
7.3	  0.001
7.4	  0.0
7.5	  0.0
7.6	  0.0
7.7	  0.0
7.8	  0.0
7.9	  0.0
8.0	  0.0
8.1	  0.0
8.2	  0.0
8.3	  0.0
8.4	  0.0
8.5	  0.0
8.6	  0.0
8.7	  0.0
8.8	  0.0
8.9	  0.0
9.0	  0.0


