
X-Axis: Magnitude
Y-Axis: 1 Week Cumulative Number
Number of Data Sets: 8


DATASET #1

     Name: Mean
   Points: 41
     Info: 

Data[x,y]:
5.0	  0.113
5.1	  0.09
5.2	  0.072
5.3	  0.055
5.4	  0.043
5.5	  0.034
5.6	  0.026
5.7	  0.021
5.8	  0.02
5.9	  0.016
6.0	  0.009
6.1	  0.007
6.2	  0.005
6.3	  0.004
6.4	  0.003
6.5	  0.002
6.6	  0.002
6.7	  0.001
6.8	  0.001
6.9	  0.0
7.0	  0.0
7.1	  0.0
7.2	  0.0
7.3	  0.0
7.4	  0.0
7.5	  0.0
7.6	  0.0
7.7	  0.0
7.8	  0.0
7.9	  0.0
8.0	  0.0
8.1	  0.0
8.2	  0.0
8.3	  0.0
8.4	  0.0
8.5	  0.0
8.6	  0.0
8.7	  0.0
8.8	  0.0
8.9	  0.0
9.0	  0.0



DATASET #2

     Name: 2.5%,97.5%
   Points: 41
     Info: 

Data[x,y]:
5.0	  0.0
5.1	  0.0
5.2	  0.0
5.3	  0.0
5.4	  0.0
5.5	  0.0
5.6	  0.0
5.7	  0.0
5.8	  0.0
5.9	  0.0
6.0	  0.0
6.1	  0.0
6.2	  0.0
6.3	  0.0
6.4	  0.0
6.5	  0.0
6.6	  0.0
6.7	  0.0
6.8	  0.0
6.9	  0.0
7.0	  0.0
7.1	  0.0
7.2	  0.0
7.3	  0.0
7.4	  0.0
7.5	  0.0
7.6	  0.0
7.7	  0.0
7.8	  0.0
7.9	  0.0
8.0	  0.0
8.1	  0.0
8.2	  0.0
8.3	  0.0
8.4	  0.0
8.5	  0.0
8.6	  0.0
8.7	  0.0
8.8	  0.0
8.9	  0.0
9.0	  0.0



DATASET #3

     Name: null
   Points: 41
     Info: 

Data[x,y]:
5.0	  1.0
5.1	  1.0
5.2	  1.0
5.3	  1.0
5.4	  1.0
5.5	  1.0
5.6	  0.0
5.7	  0.0
5.8	  0.0
5.9	  0.0
6.0	  0.0
6.1	  0.0
6.2	  0.0
6.3	  0.0
6.4	  0.0
6.5	  0.0
6.6	  0.0
6.7	  0.0
6.8	  0.0
6.9	  0.0
7.0	  0.0
7.1	  0.0
7.2	  0.0
7.3	  0.0
7.4	  0.0
7.5	  0.0
7.6	  0.0
7.7	  0.0
7.8	  0.0
7.9	  0.0
8.0	  0.0
8.1	  0.0
8.2	  0.0
8.3	  0.0
8.4	  0.0
8.5	  0.0
8.6	  0.0
8.7	  0.0
8.8	  0.0
8.9	  0.0
9.0	  0.0



DATASET #4

     Name: Median
   Points: 41
     Info: 

Data[x,y]:
5.0	  0.0
5.1	  0.0
5.2	  0.0
5.3	  0.0
5.4	  0.0
5.5	  0.0
5.6	  0.0
5.7	  0.0
5.8	  0.0
5.9	  0.0
6.0	  0.0
6.1	  0.0
6.2	  0.0
6.3	  0.0
6.4	  0.0
6.5	  0.0
6.6	  0.0
6.7	  0.0
6.8	  0.0
6.9	  0.0
7.0	  0.0
7.1	  0.0
7.2	  0.0
7.3	  0.0
7.4	  0.0
7.5	  0.0
7.6	  0.0
7.7	  0.0
7.8	  0.0
7.9	  0.0
8.0	  0.0
8.1	  0.0
8.2	  0.0
8.3	  0.0
8.4	  0.0
8.5	  0.0
8.6	  0.0
8.7	  0.0
8.8	  0.0
8.9	  0.0
9.0	  0.0



DATASET #5

     Name: Mode
   Points: 41
     Info: 

Data[x,y]:
5.0	  0.0
5.1	  0.0
5.2	  0.0
5.3	  0.0
5.4	  0.0
5.5	  0.0
5.6	  0.0
5.7	  0.0
5.8	  0.0
5.9	  0.0
6.0	  0.0
6.1	  0.0
6.2	  0.0
6.3	  0.0
6.4	  0.0
6.5	  0.0
6.6	  0.0
6.7	  0.0
6.8	  0.0
6.9	  0.0
7.0	  0.0
7.1	  0.0
7.2	  0.0
7.3	  0.0
7.4	  0.0
7.5	  0.0
7.6	  0.0
7.7	  0.0
7.8	  0.0
7.9	  0.0
8.0	  0.0
8.1	  0.0
8.2	  0.0
8.3	  0.0
8.4	  0.0
8.5	  0.0
8.6	  0.0
8.7	  0.0
8.8	  0.0
8.9	  0.0
9.0	  0.0



DATASET #6

     Name: 1 wk Prob
   Points: 41
     Info: 

Data[x,y]:
5.0	  0.088
5.1	  0.074
5.2	  0.058
5.3	  0.044
5.4	  0.035
5.5	  0.029
5.6	  0.023
5.7	  0.02
5.8	  0.019
5.9	  0.015
6.0	  0.009
6.1	  0.007
6.2	  0.005
6.3	  0.004
6.4	  0.003
6.5	  0.002
6.6	  0.002
6.7	  0.001
6.8	  0.001
6.9	  0.0
7.0	  0.0
7.1	  0.0
7.2	  0.0
7.3	  0.0
7.4	  0.0
7.5	  0.0
7.6	  0.0
7.7	  0.0
7.8	  0.0
7.9	  0.0
8.0	  0.0
8.1	  0.0
8.2	  0.0
8.3	  0.0
8.4	  0.0
8.5	  0.0
8.6	  0.0
8.7	  0.0
8.8	  0.0
8.9	  0.0
9.0	  0.0



DATASET #7

Name: 95% Conf
Num Points: 41
Info: 

X, Y Data:
5.0	0.088	[0.07152736	0.107715264]
5.1	0.074	[0.058906663	0.092453636]
5.2	0.058	[0.044693004	0.07480572]
5.3	0.044	[0.032508038	0.05911783]
5.4	0.035	[0.024851352	0.048861716]
5.5	0.029	[0.019853832	0.041921534]
5.6	0.023	[0.014972825	0.03487045]
5.7	0.02	[0.012589504	0.031291023]
5.8	0.019	[0.011805484	0.030088145]
5.9	0.015	[0.008733168	0.025217677]
6.0	0.009	[0.0043984456	0.017664673]
6.1	0.007	[0.0030706925	0.015045025]
6.2	0.005	[0.0018421938	0.012343498]
6.3	0.004	[0.0012821096	0.010950263]
6.4	0.003	[7.75095E-4	0.009518]
6.5	0.002	[3.464852E-4	0.008032669]
6.6	0.002	[3.464852E-4	0.008032669]
6.7	0.001	[5.22008E-5	0.0064689326]
6.8	0.001	[5.22008E-5	0.0064689326]
6.9	0.0	[0.0	0.004770871]
7.0	0.0	[0.0	0.004770871]
7.1	0.0	[0.0	0.004770871]
7.2	0.0	[0.0	0.004770871]
7.3	0.0	[0.0	0.004770871]
7.4	0.0	[0.0	0.004770871]
7.5	0.0	[0.0	0.004770871]
7.6	0.0	[0.0	0.004770871]
7.7	0.0	[0.0	0.004770871]
7.8	0.0	[0.0	0.004770871]
7.9	0.0	[0.0	0.004770871]
8.0	0.0	[0.0	0.004770871]
8.1	0.0	[0.0	0.004770871]
8.2	0.0	[0.0	0.004770871]
8.3	0.0	[0.0	0.004770871]
8.4	0.0	[0.0	0.0]
8.5	0.0	[0.0	0.0]
8.6	0.0	[0.0	0.0]
8.7	0.0	[0.0	0.0]
8.8	0.0	[0.0	0.0]
8.9	0.0	[0.0	0.0]
9.0	0.0	[0.0	0.0]



DATASET #8

     Name: Supra
   Points: 41
     Info: 

Data[x,y]:
5.0	  0.005
5.1	  0.005
5.2	  0.005
5.3	  0.005
5.4	  0.005
5.5	  0.005
5.6	  0.005
5.7	  0.005
5.8	  0.005
5.9	  0.005
6.0	  0.005
6.1	  0.004
6.2	  0.004
6.3	  0.004
6.4	  0.003
6.5	  0.002
6.6	  0.002
6.7	  0.001
6.8	  0.001
6.9	  0.0
7.0	  0.0
7.1	  0.0
7.2	  0.0
7.3	  0.0
7.4	  0.0
7.5	  0.0
7.6	  0.0
7.7	  0.0
7.8	  0.0
7.9	  0.0
8.0	  0.0
8.1	  0.0
8.2	  0.0
8.3	  0.0
8.4	  0.0
8.5	  0.0
8.6	  0.0
8.7	  0.0
8.8	  0.0
8.9	  0.0
9.0	  0.0


