
X-Axis: Magnitude
Y-Axis: 1 Year Cumulative Number
Number of Data Sets: 9


DATASET #1

     Name: Mean
   Points: 66
     Info: 

Data[x,y]:
2.5	  590.6949
2.6	  468.67798
2.7	  373.35593
2.8	  297.84744
2.9	  235.44067
3.0	  187.49153
3.1	  149.1017
3.2	  117.32204
3.3	  93.52542
3.4	  74.33898
3.5	  58.966103
3.6	  46.898304
3.7	  37.050846
3.8	  29.62712
3.9	  23.305084
4.0	  18.508474
4.1	  14.711864
4.2	  11.745763
4.3	  9.457627
4.4	  7.4745765
4.5	  5.7118645
4.6	  4.5084743
4.7	  3.5254238
4.8	  2.7118645
4.9	  2.1694915
5.0	  1.7288135
5.1	  1.3898305
5.2	  1.1355932
5.3	  0.9830508
5.4	  0.779661
5.5	  0.5762712
5.6	  0.44067797
5.7	  0.27118644
5.8	  0.18644068
5.9	  0.16949153
6.0	  0.118644066
6.1	  0.084745765
6.2	  0.06779661
6.3	  0.050847456
6.4	  0.050847456
6.5	  0.050847456
6.6	  0.050847456
6.7	  0.016949153
6.8	  0.016949153
6.9	  0.016949153
7.0	  0.016949153
7.1	  0.0
7.2	  0.0
7.3	  0.0
7.4	  0.0
7.5	  0.0
7.6	  0.0
7.7	  0.0
7.8	  0.0
7.9	  0.0
8.0	  0.0
8.1	  0.0
8.2	  0.0
8.3	  0.0
8.4	  0.0
8.5	  0.0
8.6	  0.0
8.7	  0.0
8.8	  0.0
8.9	  0.0
9.0	  0.0



DATASET #2

     Name: 2.5%,97.5%
   Points: 66
     Info: 

Data[x,y]:
2.5	  280.0
2.6	  212.0
2.7	  170.0
2.8	  133.0
2.9	  102.0
3.0	  78.0
3.1	  63.0
3.2	  46.0
3.3	  37.0
3.4	  26.0
3.5	  19.0
3.6	  15.0
3.7	  13.0
3.8	  9.0
3.9	  8.0
4.0	  4.0
4.1	  2.0
4.2	  1.0
4.3	  1.0
4.4	  1.0
4.5	  1.0
4.6	  0.0
4.7	  0.0
4.8	  0.0
4.9	  0.0
5.0	  0.0
5.1	  0.0
5.2	  0.0
5.3	  0.0
5.4	  0.0
5.5	  0.0
5.6	  0.0
5.7	  0.0
5.8	  0.0
5.9	  0.0
6.0	  0.0
6.1	  0.0
6.2	  0.0
6.3	  0.0
6.4	  0.0
6.5	  0.0
6.6	  0.0
6.7	  0.0
6.8	  0.0
6.9	  0.0
7.0	  0.0
7.1	  0.0
7.2	  0.0
7.3	  0.0
7.4	  0.0
7.5	  0.0
7.6	  0.0
7.7	  0.0
7.8	  0.0
7.9	  0.0
8.0	  0.0
8.1	  0.0
8.2	  0.0
8.3	  0.0
8.4	  0.0
8.5	  0.0
8.6	  0.0
8.7	  0.0
8.8	  0.0
8.9	  0.0
9.0	  0.0



DATASET #3

     Name: null
   Points: 66
     Info: 

Data[x,y]:
2.5	  2529.0
2.6	  2023.0
2.7	  1606.0
2.8	  1280.0
2.9	  999.0
3.0	  772.0
3.1	  625.0
3.2	  486.0
3.3	  391.0
3.4	  314.0
3.5	  262.0
3.6	  207.0
3.7	  148.0
3.8	  116.0
3.9	  94.0
4.0	  69.0
4.1	  49.0
4.2	  43.0
4.3	  37.0
4.4	  26.0
4.5	  21.0
4.6	  18.0
4.7	  14.0
4.8	  10.0
4.9	  8.0
5.0	  7.0
5.1	  6.0
5.2	  6.0
5.3	  5.0
5.4	  4.0
5.5	  4.0
5.6	  3.0
5.7	  2.0
5.8	  1.0
5.9	  1.0
6.0	  1.0
6.1	  1.0
6.2	  1.0
6.3	  1.0
6.4	  1.0
6.5	  1.0
6.6	  1.0
6.7	  0.0
6.8	  0.0
6.9	  0.0
7.0	  0.0
7.1	  0.0
7.2	  0.0
7.3	  0.0
7.4	  0.0
7.5	  0.0
7.6	  0.0
7.7	  0.0
7.8	  0.0
7.9	  0.0
8.0	  0.0
8.1	  0.0
8.2	  0.0
8.3	  0.0
8.4	  0.0
8.5	  0.0
8.6	  0.0
8.7	  0.0
8.8	  0.0
8.9	  0.0
9.0	  0.0



DATASET #4

     Name: Median
   Points: 66
     Info: 

Data[x,y]:
2.5	  434.0
2.6	  346.0
2.7	  277.0
2.8	  220.0
2.9	  169.0
3.0	  139.0
3.1	  111.0
3.2	  90.0
3.3	  70.0
3.4	  53.0
3.5	  44.0
3.6	  35.0
3.7	  26.0
3.8	  21.0
3.9	  18.0
4.0	  14.0
4.1	  11.0
4.2	  9.0
4.3	  7.0
4.4	  5.0
4.5	  4.0
4.6	  4.0
4.7	  3.0
4.8	  2.0
4.9	  2.0
5.0	  1.0
5.1	  1.0
5.2	  1.0
5.3	  1.0
5.4	  0.0
5.5	  0.0
5.6	  0.0
5.7	  0.0
5.8	  0.0
5.9	  0.0
6.0	  0.0
6.1	  0.0
6.2	  0.0
6.3	  0.0
6.4	  0.0
6.5	  0.0
6.6	  0.0
6.7	  0.0
6.8	  0.0
6.9	  0.0
7.0	  0.0
7.1	  0.0
7.2	  0.0
7.3	  0.0
7.4	  0.0
7.5	  0.0
7.6	  0.0
7.7	  0.0
7.8	  0.0
7.9	  0.0
8.0	  0.0
8.1	  0.0
8.2	  0.0
8.3	  0.0
8.4	  0.0
8.5	  0.0
8.6	  0.0
8.7	  0.0
8.8	  0.0
8.9	  0.0
9.0	  0.0



DATASET #5

     Name: Mode
   Points: 66
     Info: 

Data[x,y]:
2.5	  406.0
2.6	  374.0
2.7	  232.0
2.8	  261.0
2.9	  169.0
3.0	  134.0
3.1	  100.0
3.2	  78.0
3.3	  62.0
3.4	  62.0
3.5	  35.0
3.6	  41.0
3.7	  25.0
3.8	  20.0
3.9	  20.0
4.0	  12.0
4.1	  9.0
4.2	  10.0
4.3	  7.0
4.4	  4.0
4.5	  2.0
4.6	  2.0
4.7	  1.0
4.8	  2.0
4.9	  2.0
5.0	  1.0
5.1	  1.0
5.2	  0.0
5.3	  0.0
5.4	  0.0
5.5	  0.0
5.6	  0.0
5.7	  0.0
5.8	  0.0
5.9	  0.0
6.0	  0.0
6.1	  0.0
6.2	  0.0
6.3	  0.0
6.4	  0.0
6.5	  0.0
6.6	  0.0
6.7	  0.0
6.8	  0.0
6.9	  0.0
7.0	  0.0
7.1	  0.0
7.2	  0.0
7.3	  0.0
7.4	  0.0
7.5	  0.0
7.6	  0.0
7.7	  0.0
7.8	  0.0
7.9	  0.0
8.0	  0.0
8.1	  0.0
8.2	  0.0
8.3	  0.0
8.4	  0.0
8.5	  0.0
8.6	  0.0
8.7	  0.0
8.8	  0.0
8.9	  0.0
9.0	  0.0



DATASET #6

     Name: 1 yr Prob
   Points: 66
     Info: 

Data[x,y]:
2.5	  1.0
2.6	  1.0
2.7	  1.0
2.8	  1.0
2.9	  1.0
3.0	  1.0
3.1	  1.0
3.2	  1.0
3.3	  1.0
3.4	  1.0
3.5	  1.0
3.6	  1.0
3.7	  1.0
3.8	  1.0
3.9	  1.0
4.0	  1.0
4.1	  1.0
4.2	  1.0
4.3	  1.0
4.4	  1.0
4.5	  0.9830508
4.6	  0.9661017
4.7	  0.9322034
4.8	  0.86440676
4.9	  0.8135593
5.0	  0.7627119
5.1	  0.66101694
5.2	  0.55932206
5.3	  0.5084746
5.4	  0.42372882
5.5	  0.3559322
5.6	  0.27118644
5.7	  0.20338982
5.8	  0.16949153
5.9	  0.15254237
6.0	  0.10169491
6.1	  0.06779661
6.2	  0.050847456
6.3	  0.033898305
6.4	  0.033898305
6.5	  0.033898305
6.6	  0.033898305
6.7	  0.016949153
6.8	  0.016949153
6.9	  0.016949153
7.0	  0.016949153
7.1	  0.0
7.2	  0.0
7.3	  0.0
7.4	  0.0
7.5	  0.0
7.6	  0.0
7.7	  0.0
7.8	  0.0
7.9	  0.0
8.0	  0.0
8.1	  0.0
8.2	  0.0
8.3	  0.0
8.4	  0.0
8.5	  0.0
8.6	  0.0
8.7	  0.0
8.8	  0.0
8.9	  0.0
9.0	  0.0



DATASET #7

Name: 95% Conf
Num Points: 66
Info: 

X, Y Data:
2.5	1.0	[1.0	1.0]
2.6	1.0	[1.0	1.0]
2.7	1.0	[1.0	1.0]
2.8	1.0	[1.0	1.0]
2.9	1.0	[1.0	1.0]
3.0	1.0	[1.0	1.0]
3.1	1.0	[1.0	1.0]
3.2	1.0	[1.0	1.0]
3.3	1.0	[1.0	1.0]
3.4	1.0	[1.0	1.0]
3.5	1.0	[1.0	1.0]
3.6	1.0	[1.0	1.0]
3.7	1.0	[1.0	1.0]
3.8	1.0	[1.0	1.0]
3.9	1.0	[1.0	1.0]
4.0	1.0	[1.0	1.0]
4.1	1.0	[1.0	1.0]
4.2	1.0	[1.0	1.0]
4.3	1.0	[1.0	1.0]
4.4	1.0	[1.0	1.0]
4.5	0.9830508	[0.8970225	0.99911463]
4.6	0.9661017	[0.8725274	0.99410695]
4.7	0.9322034	[0.8272712	0.9780585]
4.8	0.86440676	[0.74466544	0.9355425]
4.9	0.8135593	[0.686731	0.8989432]
5.0	0.7627119	[0.6311171	0.8597843]
5.1	0.66101694	[0.52511835	0.7758953]
5.2	0.55932206	[0.4247168	0.6862044]
5.3	0.5084746	[0.3763761	0.6394702]
5.4	0.42372882	[0.2984895	0.5589002]
5.5	0.3559322	[0.23868388	0.4919755]
5.6	0.27118644	[0.1674395	0.40491802]
5.7	0.20338982	[0.113862045	0.33203518]
5.8	0.16949153	[0.08853163	0.29424822]
5.9	0.15254237	[0.07631835	0.27494735]
6.0	0.10169491	[0.04202272	0.21499896]
6.1	0.06779661	[0.021941494	0.17272876]
6.2	0.050847456	[0.0132240355	0.15058117]
6.3	0.033898305	[0.005893061	0.12747258]
6.4	0.033898305	[0.005893061	0.12747258]
6.5	0.033898305	[0.005893061	0.12747258]
6.6	0.033898305	[0.005893061	0.12747258]
6.7	0.016949153	[8.8535756E-4	0.1029775]
6.8	0.016949153	[8.8535756E-4	0.1029775]
6.9	0.016949153	[8.8535756E-4	0.1029775]
7.0	0.016949153	[8.8535756E-4	0.1029775]
7.1	0.0	[0.0	0.07615915]
7.2	0.0	[0.0	0.07615915]
7.3	0.0	[0.0	0.07615915]
7.4	0.0	[0.0	0.07615915]
7.5	0.0	[0.0	0.07615915]
7.6	0.0	[0.0	0.07615915]
7.7	0.0	[0.0	0.07615915]
7.8	0.0	[0.0	0.07615915]
7.9	0.0	[0.0	0.07615915]
8.0	0.0	[0.0	0.07615915]
8.1	0.0	[0.0	0.07615915]
8.2	0.0	[0.0	0.07615915]
8.3	0.0	[0.0	0.07615915]
8.4	0.0	[0.0	0.0]
8.5	0.0	[0.0	0.0]
8.6	0.0	[0.0	0.0]
8.7	0.0	[0.0	0.0]
8.8	0.0	[0.0	0.0]
8.9	0.0	[0.0	0.0]
9.0	0.0	[0.0	0.0]



DATASET #8

     Name: Supra
   Points: 66
     Info: 

Data[x,y]:
2.5	  0.10169491
2.6	  0.10169491
2.7	  0.10169491
2.8	  0.10169491
2.9	  0.10169491
3.0	  0.10169491
3.1	  0.10169491
3.2	  0.10169491
3.3	  0.10169491
3.4	  0.10169491
3.5	  0.10169491
3.6	  0.10169491
3.7	  0.10169491
3.8	  0.10169491
3.9	  0.10169491
4.0	  0.10169491
4.1	  0.10169491
4.2	  0.10169491
4.3	  0.10169491
4.4	  0.10169491
4.5	  0.10169491
4.6	  0.10169491
4.7	  0.10169491
4.8	  0.10169491
4.9	  0.10169491
5.0	  0.10169491
5.1	  0.10169491
5.2	  0.10169491
5.3	  0.10169491
5.4	  0.10169491
5.5	  0.10169491
5.6	  0.10169491
5.7	  0.10169491
5.8	  0.10169491
5.9	  0.10169491
6.0	  0.10169491
6.1	  0.06779661
6.2	  0.050847456
6.3	  0.033898305
6.4	  0.033898305
6.5	  0.033898305
6.6	  0.033898305
6.7	  0.016949153
6.8	  0.016949153
6.9	  0.016949153
7.0	  0.016949153
7.1	  0.0
7.2	  0.0
7.3	  0.0
7.4	  0.0
7.5	  0.0
7.6	  0.0
7.7	  0.0
7.8	  0.0
7.9	  0.0
8.0	  0.0
8.1	  0.0
8.2	  0.0
8.3	  0.0
8.4	  0.0
8.5	  0.0
8.6	  0.0
8.7	  0.0
8.8	  0.0
8.9	  0.0
9.0	  0.0



DATASET #9

     Name: Primary
   Points: 66
     Info: 

Data[x,y]:
2.5	  307.57626
2.6	  243.20338
2.7	  194.69492
2.8	  154.40678
2.9	  122.37288
3.0	  97.47458
3.1	  76.94915
3.2	  59.81356
3.3	  47.42373
3.4	  37.59322
3.5	  29.508474
3.6	  23.79661
3.7	  19.152542
3.8	  14.932203
3.9	  11.966102
4.0	  9.559322
4.1	  7.677966
4.2	  6.40678
4.3	  5.254237
4.4	  4.1525426
4.5	  3.2542372
4.6	  2.6101694
4.7	  1.9830508
4.8	  1.4915254
4.9	  1.1355932
5.0	  0.89830506
5.1	  0.66101694
5.2	  0.5254237
5.3	  0.44067797
5.4	  0.33898306
5.5	  0.2542373
5.6	  0.22033899
5.7	  0.15254237
5.8	  0.10169491
5.9	  0.084745765
6.0	  0.084745765
6.1	  0.050847456
6.2	  0.033898305
6.3	  0.033898305
6.4	  0.033898305
6.5	  0.033898305
6.6	  0.033898305
6.7	  0.016949153
6.8	  0.016949153
6.9	  0.016949153
7.0	  0.016949153
7.1	  0.0
7.2	  0.0
7.3	  0.0
7.4	  0.0
7.5	  0.0
7.6	  0.0
7.7	  0.0
7.8	  0.0
7.9	  0.0
8.0	  0.0
8.1	  0.0
8.2	  0.0
8.3	  0.0
8.4	  0.0
8.5	  0.0
8.6	  0.0
8.7	  0.0
8.8	  0.0
8.9	  0.0
9.0	  0.0


