
X-Axis: Magnitude
Y-Axis: 30 Year Cumulative Number
Number of Data Sets: 9


DATASET #1

     Name: Mean
   Points: 41
     Info: 

Data[x,y]:
5.0	  31.883
5.1	  25.238
5.2	  20.054
5.3	  15.886
5.4	  12.485
5.5	  9.851
5.6	  7.747
5.7	  6.038
5.8	  4.703
5.9	  3.54
6.0	  2.807
6.1	  2.146
6.2	  1.711
6.3	  1.369
6.4	  1.05
6.5	  0.814
6.6	  0.638
6.7	  0.472
6.8	  0.381
6.9	  0.298
7.0	  0.24
7.1	  0.174
7.2	  0.133
7.3	  0.11
7.4	  0.078
7.5	  0.049
7.6	  0.037
7.7	  0.028
7.8	  0.019
7.9	  0.013
8.0	  0.007
8.1	  0.0
8.2	  0.0
8.3	  0.0
8.4	  0.0
8.5	  0.0
8.6	  0.0
8.7	  0.0
8.8	  0.0
8.9	  0.0
9.0	  0.0



DATASET #2

     Name: 2.5%,97.5%
   Points: 41
     Info: 

Data[x,y]:
5.0	  10.0
5.1	  7.0
5.2	  5.0
5.3	  4.0
5.4	  3.0
5.5	  2.0
5.6	  1.0
5.7	  1.0
5.8	  0.0
5.9	  0.0
6.0	  0.0
6.1	  0.0
6.2	  0.0
6.3	  0.0
6.4	  0.0
6.5	  0.0
6.6	  0.0
6.7	  0.0
6.8	  0.0
6.9	  0.0
7.0	  0.0
7.1	  0.0
7.2	  0.0
7.3	  0.0
7.4	  0.0
7.5	  0.0
7.6	  0.0
7.7	  0.0
7.8	  0.0
7.9	  0.0
8.0	  0.0
8.1	  0.0
8.2	  0.0
8.3	  0.0
8.4	  0.0
8.5	  0.0
8.6	  0.0
8.7	  0.0
8.8	  0.0
8.9	  0.0
9.0	  0.0



DATASET #3

     Name: null
   Points: 41
     Info: 

Data[x,y]:
5.0	  93.0
5.1	  72.0
5.2	  59.0
5.3	  47.0
5.4	  37.0
5.5	  31.0
5.6	  24.0
5.7	  18.0
5.8	  14.0
5.9	  11.0
6.0	  9.0
6.1	  7.0
6.2	  6.0
6.3	  5.0
6.4	  4.0
6.5	  3.0
6.6	  3.0
6.7	  2.0
6.8	  2.0
6.9	  2.0
7.0	  1.0
7.1	  1.0
7.2	  1.0
7.3	  1.0
7.4	  1.0
7.5	  1.0
7.6	  1.0
7.7	  1.0
7.8	  0.0
7.9	  0.0
8.0	  0.0
8.1	  0.0
8.2	  0.0
8.3	  0.0
8.4	  0.0
8.5	  0.0
8.6	  0.0
8.7	  0.0
8.8	  0.0
8.9	  0.0
9.0	  0.0



DATASET #4

     Name: Median
   Points: 41
     Info: 

Data[x,y]:
5.0	  26.0
5.1	  20.0
5.2	  16.0
5.3	  13.0
5.4	  10.0
5.5	  8.0
5.6	  6.0
5.7	  5.0
5.8	  4.0
5.9	  3.0
6.0	  2.0
6.1	  2.0
6.2	  1.0
6.3	  1.0
6.4	  1.0
6.5	  1.0
6.6	  0.0
6.7	  0.0
6.8	  0.0
6.9	  0.0
7.0	  0.0
7.1	  0.0
7.2	  0.0
7.3	  0.0
7.4	  0.0
7.5	  0.0
7.6	  0.0
7.7	  0.0
7.8	  0.0
7.9	  0.0
8.0	  0.0
8.1	  0.0
8.2	  0.0
8.3	  0.0
8.4	  0.0
8.5	  0.0
8.6	  0.0
8.7	  0.0
8.8	  0.0
8.9	  0.0
9.0	  0.0



DATASET #5

     Name: Mode
   Points: 41
     Info: 

Data[x,y]:
5.0	  23.0
5.1	  15.0
5.2	  11.0
5.3	  10.0
5.4	  9.0
5.5	  6.0
5.6	  5.0
5.7	  4.0
5.8	  3.0
5.9	  2.0
6.0	  1.0
6.1	  1.0
6.2	  1.0
6.3	  1.0
6.4	  0.0
6.5	  0.0
6.6	  0.0
6.7	  0.0
6.8	  0.0
6.9	  0.0
7.0	  0.0
7.1	  0.0
7.2	  0.0
7.3	  0.0
7.4	  0.0
7.5	  0.0
7.6	  0.0
7.7	  0.0
7.8	  0.0
7.9	  0.0
8.0	  0.0
8.1	  0.0
8.2	  0.0
8.3	  0.0
8.4	  0.0
8.5	  0.0
8.6	  0.0
8.7	  0.0
8.8	  0.0
8.9	  0.0
9.0	  0.0



DATASET #6

     Name: 30 yr Prob
   Points: 41
     Info: 

Data[x,y]:
5.0	  1.0
5.1	  1.0
5.2	  1.0
5.3	  1.0
5.4	  1.0
5.5	  0.997
5.6	  0.994
5.7	  0.984
5.8	  0.959
5.9	  0.927
6.0	  0.89
6.1	  0.834
6.2	  0.769
6.3	  0.686
6.4	  0.603
6.5	  0.517
6.6	  0.443
6.7	  0.357
6.8	  0.312
6.9	  0.255
7.0	  0.216
7.1	  0.16
7.2	  0.125
7.3	  0.107
7.4	  0.077
7.5	  0.048
7.6	  0.037
7.7	  0.028
7.8	  0.019
7.9	  0.013
8.0	  0.007
8.1	  0.0
8.2	  0.0
8.3	  0.0
8.4	  0.0
8.5	  0.0
8.6	  0.0
8.7	  0.0
8.8	  0.0
8.9	  0.0
9.0	  0.0



DATASET #7

Name: 95% Conf
Num Points: 41
Info: 

X, Y Data:
5.0	1.0	[1.0	1.0]
5.1	1.0	[1.0	1.0]
5.2	1.0	[1.0	1.0]
5.3	1.0	[1.0	1.0]
5.4	1.0	[1.0	1.0]
5.5	0.997	[0.990482	0.9992249]
5.6	0.994	[0.98629355	0.9975587]
5.7	0.984	[0.9735549	0.9905094]
5.8	0.959	[0.94428325	0.97006243]
5.9	0.927	[0.9086423	0.9419889]
6.0	0.89	[0.86855775	0.9083807]
6.1	0.834	[0.80914307	0.85624534]
6.2	0.769	[0.7413594	0.7945424]
6.3	0.686	[0.65605783	0.7144939]
6.4	0.603	[0.57183117	0.63336754]
6.5	0.517	[0.48552266	0.5483451]
6.6	0.443	[0.4119935	0.47444984]
6.7	0.357	[0.32741436	0.38769853]
6.8	0.312	[0.2835636	0.3419003]
6.9	0.255	[0.22847733	0.28343248]
7.0	0.216	[0.19112977	0.2430864]
7.1	0.16	[0.13811538	0.18454398]
7.2	0.125	[0.10546272	0.14747715]
7.3	0.107	[0.08886361	0.12822244]
7.4	0.077	[0.06159833	0.09573654]
7.5	0.048	[0.035959825	0.0636289]
7.6	0.037	[0.02653794	0.051155217]
7.7	0.028	[0.019031283	0.040754933]
7.8	0.019	[0.011805484	0.030088145]
7.9	0.013	[0.0072439006	0.022739585]
8.0	0.007	[0.0030706925	0.015045025]
8.1	0.0	[0.0	0.004770871]
8.2	0.0	[0.0	0.004770871]
8.3	0.0	[0.0	0.004770871]
8.4	0.0	[0.0	0.0]
8.5	0.0	[0.0	0.0]
8.6	0.0	[0.0	0.0]
8.7	0.0	[0.0	0.0]
8.8	0.0	[0.0	0.0]
8.9	0.0	[0.0	0.0]
9.0	0.0	[0.0	0.0]



DATASET #8

     Name: Supra
   Points: 41
     Info: 

Data[x,y]:
5.0	  0.775
5.1	  0.775
5.2	  0.775
5.3	  0.775
5.4	  0.775
5.5	  0.775
5.6	  0.775
5.7	  0.775
5.8	  0.775
5.9	  0.75
6.0	  0.737
6.1	  0.682
6.2	  0.639
6.3	  0.588
6.4	  0.522
6.5	  0.448
6.6	  0.392
6.7	  0.325
6.8	  0.288
6.9	  0.239
7.0	  0.205
7.1	  0.153
7.2	  0.119
7.3	  0.104
7.4	  0.076
7.5	  0.048
7.6	  0.037
7.7	  0.028
7.8	  0.019
7.9	  0.013
8.0	  0.007
8.1	  0.0
8.2	  0.0
8.3	  0.0
8.4	  0.0
8.5	  0.0
8.6	  0.0
8.7	  0.0
8.8	  0.0
8.9	  0.0
9.0	  0.0



DATASET #9

     Name: Primary
   Points: 41
     Info: 

Data[x,y]:
5.0	  12.078
5.1	  9.619
5.2	  7.726
5.3	  6.151
5.4	  4.864
5.5	  3.931
5.6	  3.132
5.7	  2.524
5.8	  2.023
5.9	  1.56
6.0	  1.308
6.1	  1.007
6.2	  0.827
6.3	  0.693
6.4	  0.544
6.5	  0.428
6.6	  0.336
6.7	  0.257
6.8	  0.208
6.9	  0.164
7.0	  0.137
7.1	  0.096
7.2	  0.072
7.3	  0.059
7.4	  0.041
7.5	  0.029
7.6	  0.021
7.7	  0.017
7.8	  0.013
7.9	  0.008
8.0	  0.005
8.1	  0.0
8.2	  0.0
8.3	  0.0
8.4	  0.0
8.5	  0.0
8.6	  0.0
8.7	  0.0
8.8	  0.0
8.9	  0.0
9.0	  0.0


