
X-Axis: Magnitude
Y-Axis: 30 Year Cumulative Number
Number of Data Sets: 8


DATASET #1

     Name: Mean
   Points: 66
     Info: 

Data[x,y]:
2.5	  74879.93
2.6	  59489.863
2.7	  47269.695
2.8	  37550.63
2.9	  29830.848
3.0	  23681.457
3.1	  18811.39
3.2	  14939.542
3.3	  11880.017
3.4	  9430.221
3.5	  7497.305
3.6	  5958.271
3.7	  4733.6104
3.8	  3765.7795
3.9	  2993.4407
4.0	  2374.2034
4.1	  1884.2373
4.2	  1492.0509
4.3	  1184.5593
4.4	  940.77966
4.5	  748.38983
4.6	  595.1525
4.7	  474.45764
4.8	  375.32202
4.9	  296.84744
5.0	  233.98305
5.1	  186.76271
5.2	  148.01695
5.3	  116.881355
5.4	  92.0339
5.5	  73.305084
5.6	  57.66102
5.7	  45.440678
5.8	  35.33898
5.9	  27.152542
6.0	  21.915255
6.1	  17.355932
6.2	  13.576271
6.3	  10.966102
6.4	  8.694915
6.5	  6.8305087
6.6	  5.084746
6.7	  3.881356
6.8	  3.2711864
6.9	  2.457627
7.0	  1.8305085
7.1	  1.3728814
7.2	  0.86440676
7.3	  0.6101695
7.4	  0.42372882
7.5	  0.3220339
7.6	  0.22033899
7.7	  0.15254237
7.8	  0.084745765
7.9	  0.050847456
8.0	  0.050847456
8.1	  0.016949153
8.2	  0.0
8.3	  0.0
8.4	  0.0
8.5	  0.0
8.6	  0.0
8.7	  0.0
8.8	  0.0
8.9	  0.0
9.0	  0.0



DATASET #2

     Name: 2.5%,97.5%
   Points: 66
     Info: 

Data[x,y]:
2.5	  52241.0
2.6	  41422.0
2.7	  32910.0
2.8	  26158.0
2.9	  20732.0
3.0	  16322.0
3.1	  13013.0
3.2	  10397.0
3.3	  8308.0
3.4	  6528.0
3.5	  5207.0
3.6	  4169.0
3.7	  3301.0
3.8	  2634.0
3.9	  2072.0
4.0	  1639.0
4.1	  1286.0
4.2	  988.0
4.3	  797.0
4.4	  631.0
4.5	  512.0
4.6	  411.0
4.7	  328.0
4.8	  251.0
4.9	  200.0
5.0	  157.0
5.1	  117.0
5.2	  95.0
5.3	  76.0
5.4	  58.0
5.5	  47.0
5.6	  36.0
5.7	  25.0
5.8	  18.0
5.9	  14.0
6.0	  11.0
6.1	  9.0
6.2	  6.0
6.3	  4.0
6.4	  3.0
6.5	  1.0
6.6	  0.0
6.7	  0.0
6.8	  0.0
6.9	  0.0
7.0	  0.0
7.1	  0.0
7.2	  0.0
7.3	  0.0
7.4	  0.0
7.5	  0.0
7.6	  0.0
7.7	  0.0
7.8	  0.0
7.9	  0.0
8.0	  0.0
8.1	  0.0
8.2	  0.0
8.3	  0.0
8.4	  0.0
8.5	  0.0
8.6	  0.0
8.7	  0.0
8.8	  0.0
8.9	  0.0
9.0	  0.0



DATASET #3

     Name: null
   Points: 66
     Info: 

Data[x,y]:
2.5	  118919.0
2.6	  94607.0
2.7	  75294.0
2.8	  59934.0
2.9	  47561.0
3.0	  37781.0
3.1	  30101.0
3.2	  23914.0
3.3	  19088.0
3.4	  15210.0
3.5	  12092.0
3.6	  9594.0
3.7	  7607.0
3.8	  6026.0
3.9	  4729.0
4.0	  3765.0
4.1	  2995.0
4.2	  2344.0
4.3	  1869.0
4.4	  1488.0
4.5	  1188.0
4.6	  929.0
4.7	  744.0
4.8	  595.0
4.9	  467.0
5.0	  369.0
5.1	  292.0
5.2	  236.0
5.3	  179.0
5.4	  139.0
5.5	  111.0
5.6	  92.0
5.7	  77.0
5.8	  57.0
5.9	  43.0
6.0	  38.0
6.1	  30.0
6.2	  22.0
6.3	  20.0
6.4	  16.0
6.5	  14.0
6.6	  10.0
6.7	  8.0
6.8	  8.0
6.9	  6.0
7.0	  6.0
7.1	  4.0
7.2	  3.0
7.3	  3.0
7.4	  2.0
7.5	  2.0
7.6	  2.0
7.7	  1.0
7.8	  1.0
7.9	  1.0
8.0	  1.0
8.1	  0.0
8.2	  0.0
8.3	  0.0
8.4	  0.0
8.5	  0.0
8.6	  0.0
8.7	  0.0
8.8	  0.0
8.9	  0.0
9.0	  0.0



DATASET #4

     Name: Median
   Points: 66
     Info: 

Data[x,y]:
2.5	  70279.0
2.6	  55815.0
2.7	  44582.0
2.8	  35532.0
2.9	  28313.0
3.0	  22489.0
3.1	  17895.0
3.2	  14136.0
3.3	  11270.0
3.4	  8992.0
3.5	  7134.0
3.6	  5628.0
3.7	  4467.0
3.8	  3585.0
3.9	  2868.0
4.0	  2253.0
4.1	  1753.0
4.2	  1407.0
4.3	  1097.0
4.4	  863.0
4.5	  692.0
4.6	  550.0
4.7	  436.0
4.8	  346.0
4.9	  268.0
5.0	  211.0
5.1	  164.0
5.2	  131.0
5.3	  107.0
5.4	  85.0
5.5	  68.0
5.6	  52.0
5.7	  41.0
5.8	  33.0
5.9	  25.0
6.0	  21.0
6.1	  17.0
6.2	  14.0
6.3	  11.0
6.4	  8.0
6.5	  6.0
6.6	  5.0
6.7	  4.0
6.8	  3.0
6.9	  2.0
7.0	  1.0
7.1	  1.0
7.2	  1.0
7.3	  0.0
7.4	  0.0
7.5	  0.0
7.6	  0.0
7.7	  0.0
7.8	  0.0
7.9	  0.0
8.0	  0.0
8.1	  0.0
8.2	  0.0
8.3	  0.0
8.4	  0.0
8.5	  0.0
8.6	  0.0
8.7	  0.0
8.8	  0.0
8.9	  0.0
9.0	  0.0



DATASET #5

     Name: Mode
   Points: 66
     Info: 

Data[x,y]:
2.5	  70279.0
2.6	  55815.0
2.7	  44582.0
2.8	  35532.0
2.9	  28313.0
3.0	  22489.0
3.1	  17895.0
3.2	  14136.0
3.3	  11270.0
3.4	  6966.0
3.5	  7134.0
3.6	  5628.0
3.7	  4467.0
3.8	  3418.0
3.9	  2868.0
4.0	  2299.0
4.1	  1582.0
4.2	  1103.0
4.3	  1093.0
4.4	  779.0
4.5	  610.0
4.6	  428.0
4.7	  346.0
4.8	  393.0
4.9	  330.0
5.0	  203.0
5.1	  159.0
5.2	  107.0
5.3	  102.0
5.4	  72.0
5.5	  57.0
5.6	  45.0
5.7	  34.0
5.8	  30.0
5.9	  24.0
6.0	  20.0
6.1	  18.0
6.2	  16.0
6.3	  13.0
6.4	  7.0
6.5	  6.0
6.6	  5.0
6.7	  4.0
6.8	  2.0
6.9	  1.0
7.0	  1.0
7.1	  1.0
7.2	  0.0
7.3	  0.0
7.4	  0.0
7.5	  0.0
7.6	  0.0
7.7	  0.0
7.8	  0.0
7.9	  0.0
8.0	  0.0
8.1	  0.0
8.2	  0.0
8.3	  0.0
8.4	  0.0
8.5	  0.0
8.6	  0.0
8.7	  0.0
8.8	  0.0
8.9	  0.0
9.0	  0.0



DATASET #6

     Name: 30 yr Prob
   Points: 66
     Info: 

Data[x,y]:
2.5	  1.0
2.6	  1.0
2.7	  1.0
2.8	  1.0
2.9	  1.0
3.0	  1.0
3.1	  1.0
3.2	  1.0
3.3	  1.0
3.4	  1.0
3.5	  1.0
3.6	  1.0
3.7	  1.0
3.8	  1.0
3.9	  1.0
4.0	  1.0
4.1	  1.0
4.2	  1.0
4.3	  1.0
4.4	  1.0
4.5	  1.0
4.6	  1.0
4.7	  1.0
4.8	  1.0
4.9	  1.0
5.0	  1.0
5.1	  1.0
5.2	  1.0
5.3	  1.0
5.4	  1.0
5.5	  1.0
5.6	  1.0
5.7	  1.0
5.8	  1.0
5.9	  1.0
6.0	  1.0
6.1	  1.0
6.2	  1.0
6.3	  1.0
6.4	  1.0
6.5	  1.0
6.6	  0.9661017
6.7	  0.9491525
6.8	  0.9491525
6.9	  0.91525424
7.0	  0.7457627
7.1	  0.6779661
7.2	  0.5423729
7.3	  0.42372882
7.4	  0.30508474
7.5	  0.2542373
7.6	  0.16949153
7.7	  0.13559322
7.8	  0.084745765
7.9	  0.050847456
8.0	  0.050847456
8.1	  0.016949153
8.2	  0.0
8.3	  0.0
8.4	  0.0
8.5	  0.0
8.6	  0.0
8.7	  0.0
8.8	  0.0
8.9	  0.0
9.0	  0.0



DATASET #7

Name: 95% Conf
Num Points: 66
Info: 

X, Y Data:
2.5	1.0	[1.0	1.0]
2.6	1.0	[1.0	1.0]
2.7	1.0	[1.0	1.0]
2.8	1.0	[1.0	1.0]
2.9	1.0	[1.0	1.0]
3.0	1.0	[1.0	1.0]
3.1	1.0	[1.0	1.0]
3.2	1.0	[1.0	1.0]
3.3	1.0	[1.0	1.0]
3.4	1.0	[1.0	1.0]
3.5	1.0	[1.0	1.0]
3.6	1.0	[1.0	1.0]
3.7	1.0	[1.0	1.0]
3.8	1.0	[1.0	1.0]
3.9	1.0	[1.0	1.0]
4.0	1.0	[1.0	1.0]
4.1	1.0	[1.0	1.0]
4.2	1.0	[1.0	1.0]
4.3	1.0	[1.0	1.0]
4.4	1.0	[1.0	1.0]
4.5	1.0	[1.0	1.0]
4.6	1.0	[1.0	1.0]
4.7	1.0	[1.0	1.0]
4.8	1.0	[1.0	1.0]
4.9	1.0	[1.0	1.0]
5.0	1.0	[1.0	1.0]
5.1	1.0	[1.0	1.0]
5.2	1.0	[1.0	1.0]
5.3	1.0	[1.0	1.0]
5.4	1.0	[1.0	1.0]
5.5	1.0	[1.0	1.0]
5.6	1.0	[1.0	1.0]
5.7	1.0	[1.0	1.0]
5.8	1.0	[1.0	1.0]
5.9	1.0	[1.0	1.0]
6.0	1.0	[1.0	1.0]
6.1	1.0	[1.0	1.0]
6.2	1.0	[1.0	1.0]
6.3	1.0	[1.0	1.0]
6.4	1.0	[1.0	1.0]
6.5	1.0	[1.0	1.0]
6.6	0.9661017	[0.8725274	0.99410695]
6.7	0.9491525	[0.8494188	0.98677593]
6.8	0.9491525	[0.8494188	0.98677593]
6.9	0.91525424	[0.80584794	0.96838003]
7.0	0.7457627	[0.6130042	0.84627366]
7.1	0.6779661	[0.5423652	0.79031616]
7.2	0.5423729	[0.40846917	0.67076135]
7.3	0.42372882	[0.2984895	0.5589002]
7.4	0.30508474	[0.19542763	0.44022956]
7.5	0.2542373	[0.15372632	0.38699576]
7.6	0.16949153	[0.08853163	0.29424822]
7.7	0.13559322	[0.064457476	0.25533456]
7.8	0.084745765	[0.031619944	0.19415204]
7.9	0.050847456	[0.0132240355	0.15058117]
8.0	0.050847456	[0.0132240355	0.15058117]
8.1	0.016949153	[8.8535756E-4	0.1029775]
8.2	0.0	[0.0	0.07615915]
8.3	0.0	[0.0	0.07615915]
8.4	0.0	[0.0	0.0]
8.5	0.0	[0.0	0.0]
8.6	0.0	[0.0	0.0]
8.7	0.0	[0.0	0.0]
8.8	0.0	[0.0	0.0]
8.9	0.0	[0.0	0.0]
9.0	0.0	[0.0	0.0]



DATASET #8

     Name: Supra
   Points: 66
     Info: 

Data[x,y]:
2.5	  1.0
2.6	  1.0
2.7	  1.0
2.8	  1.0
2.9	  1.0
3.0	  1.0
3.1	  1.0
3.2	  1.0
3.3	  1.0
3.4	  1.0
3.5	  1.0
3.6	  1.0
3.7	  1.0
3.8	  1.0
3.9	  1.0
4.0	  1.0
4.1	  1.0
4.2	  1.0
4.3	  1.0
4.4	  1.0
4.5	  1.0
4.6	  1.0
4.7	  1.0
4.8	  1.0
4.9	  1.0
5.0	  1.0
5.1	  1.0
5.2	  1.0
5.3	  1.0
5.4	  1.0
5.5	  1.0
5.6	  1.0
5.7	  1.0
5.8	  1.0
5.9	  1.0
6.0	  1.0
6.1	  1.0
6.2	  1.0
6.3	  1.0
6.4	  1.0
6.5	  1.0
6.6	  0.9491525
6.7	  0.91525424
6.8	  0.89830506
6.9	  0.84745765
7.0	  0.69491524
7.1	  0.66101694
7.2	  0.5423729
7.3	  0.42372882
7.4	  0.30508474
7.5	  0.2542373
7.6	  0.16949153
7.7	  0.13559322
7.8	  0.084745765
7.9	  0.050847456
8.0	  0.050847456
8.1	  0.016949153
8.2	  0.0
8.3	  0.0
8.4	  0.0
8.5	  0.0
8.6	  0.0
8.7	  0.0
8.8	  0.0
8.9	  0.0
9.0	  0.0


