
X-Axis: Magnitude
Y-Axis: 1 Day Cumulative Number
Number of Data Sets: 9


DATASET #1

     Name: Mean
   Points: 66
     Info: 

Data[x,y]:
2.5	  1462.1437
2.6	  1161.3032
2.7	  922.419
2.8	  732.7161
2.9	  582.023
3.0	  462.31143
3.1	  367.23065
3.2	  291.70425
3.3	  231.6869
3.4	  184.00903
3.5	  146.13374
3.6	  116.04825
3.7	  92.17055
3.8	  73.19146
3.9	  58.1255
4.0	  46.15623
4.1	  36.64397
4.2	  29.08083
4.3	  23.08326
4.4	  18.29844
4.5	  14.51136
4.6	  11.50127
4.7	  9.11442
4.8	  7.22211
4.9	  5.71011
5.0	  4.50901
5.1	  3.55423
5.2	  2.80001
5.3	  2.20196
5.4	  1.72647
5.5	  1.34571
5.6	  1.04567
5.7	  0.80579
5.8	  0.61575
5.9	  0.4656
6.0	  0.3574
6.1	  0.26214
6.2	  0.17537
6.3	  0.1342
6.4	  0.10195
6.5	  0.07938
6.6	  0.06714
6.7	  0.05533
6.8	  0.04589
6.9	  0.03635
7.0	  0.02868
7.1	  0.02389
7.2	  0.01825
7.3	  0.01291
7.4	  0.01148
7.5	  0.00945
7.6	  0.00493
7.7	  0.00158
7.8	  0.00108
7.9	  6.0E-4
8.0	  1.6E-4
8.1	  0.0
8.2	  0.0
8.3	  0.0
8.4	  0.0
8.5	  0.0
8.6	  0.0
8.7	  0.0
8.8	  0.0
8.9	  0.0
9.0	  0.0



DATASET #2

     Name: 2.5%,97.5%
   Points: 66
     Info: 

Data[x,y]:
2.5	  1201.0
2.6	  948.0
2.7	  748.0
2.8	  590.0
2.9	  465.0
3.0	  365.0
3.1	  287.0
3.2	  225.0
3.3	  176.0
3.4	  137.0
3.5	  106.0
3.6	  82.0
3.7	  64.0
3.8	  49.0
3.9	  37.0
4.0	  28.0
4.1	  21.0
4.2	  16.0
4.3	  12.0
4.4	  9.0
4.5	  6.0
4.6	  4.0
4.7	  3.0
4.8	  2.0
4.9	  1.0
5.0	  1.0
5.1	  0.0
5.2	  0.0
5.3	  0.0
5.4	  0.0
5.5	  0.0
5.6	  0.0
5.7	  0.0
5.8	  0.0
5.9	  0.0
6.0	  0.0
6.1	  0.0
6.2	  0.0
6.3	  0.0
6.4	  0.0
6.5	  0.0
6.6	  0.0
6.7	  0.0
6.8	  0.0
6.9	  0.0
7.0	  0.0
7.1	  0.0
7.2	  0.0
7.3	  0.0
7.4	  0.0
7.5	  0.0
7.6	  0.0
7.7	  0.0
7.8	  0.0
7.9	  0.0
8.0	  0.0
8.1	  0.0
8.2	  0.0
8.3	  0.0
8.4	  0.0
8.5	  0.0
8.6	  0.0
8.7	  0.0
8.8	  0.0
8.9	  0.0
9.0	  0.0



DATASET #3

     Name: null
   Points: 66
     Info: 

Data[x,y]:
2.5	  2564.0
2.6	  2034.0
2.7	  1618.0
2.8	  1285.0
2.9	  1022.0
3.0	  809.0
3.1	  646.0
3.2	  514.0
3.3	  409.0
3.4	  325.0
3.5	  258.0
3.6	  205.0
3.7	  164.0
3.8	  130.0
3.9	  104.0
4.0	  83.0
4.1	  67.0
4.2	  54.0
4.3	  43.0
4.4	  35.0
4.5	  29.0
4.6	  24.0
4.7	  19.0
4.8	  16.0
4.9	  13.0
5.0	  11.0
5.1	  9.0
5.2	  8.0
5.3	  7.0
5.4	  6.0
5.5	  5.0
5.6	  4.0
5.7	  3.0
5.8	  3.0
5.9	  2.0
6.0	  2.0
6.1	  2.0
6.2	  1.0
6.3	  1.0
6.4	  1.0
6.5	  1.0
6.6	  1.0
6.7	  1.0
6.8	  1.0
6.9	  1.0
7.0	  1.0
7.1	  0.0
7.2	  0.0
7.3	  0.0
7.4	  0.0
7.5	  0.0
7.6	  0.0
7.7	  0.0
7.8	  0.0
7.9	  0.0
8.0	  0.0
8.1	  0.0
8.2	  0.0
8.3	  0.0
8.4	  0.0
8.5	  0.0
8.6	  0.0
8.7	  0.0
8.8	  0.0
8.9	  0.0
9.0	  0.0



DATASET #4

     Name: Median
   Points: 66
     Info: 

Data[x,y]:
2.5	  1349.0
2.6	  1072.0
2.7	  852.0
2.8	  677.0
2.9	  539.0
3.0	  428.0
3.1	  341.0
3.2	  271.0
3.3	  215.0
3.4	  171.0
3.5	  136.0
3.6	  108.0
3.7	  86.0
3.8	  68.0
3.9	  54.0
4.0	  43.0
4.1	  34.0
4.2	  27.0
4.3	  22.0
4.4	  17.0
4.5	  13.0
4.6	  11.0
4.7	  8.0
4.8	  7.0
4.9	  5.0
5.0	  4.0
5.1	  3.0
5.2	  2.0
5.3	  2.0
5.4	  1.0
5.5	  1.0
5.6	  1.0
5.7	  1.0
5.8	  0.0
5.9	  0.0
6.0	  0.0
6.1	  0.0
6.2	  0.0
6.3	  0.0
6.4	  0.0
6.5	  0.0
6.6	  0.0
6.7	  0.0
6.8	  0.0
6.9	  0.0
7.0	  0.0
7.1	  0.0
7.2	  0.0
7.3	  0.0
7.4	  0.0
7.5	  0.0
7.6	  0.0
7.7	  0.0
7.8	  0.0
7.9	  0.0
8.0	  0.0
8.1	  0.0
8.2	  0.0
8.3	  0.0
8.4	  0.0
8.5	  0.0
8.6	  0.0
8.7	  0.0
8.8	  0.0
8.9	  0.0
9.0	  0.0



DATASET #5

     Name: Mode
   Points: 66
     Info: 

Data[x,y]:
2.5	  1311.0
2.6	  1050.0
2.7	  836.0
2.8	  651.0
2.9	  511.0
3.0	  417.0
3.1	  330.0
3.2	  261.0
3.3	  209.0
3.4	  167.0
3.5	  130.0
3.6	  103.0
3.7	  82.0
3.8	  66.0
3.9	  53.0
4.0	  42.0
4.1	  33.0
4.2	  26.0
4.3	  21.0
4.4	  16.0
4.5	  13.0
4.6	  10.0
4.7	  8.0
4.8	  6.0
4.9	  5.0
5.0	  3.0
5.1	  3.0
5.2	  2.0
5.3	  1.0
5.4	  1.0
5.5	  1.0
5.6	  0.0
5.7	  0.0
5.8	  0.0
5.9	  0.0
6.0	  0.0
6.1	  0.0
6.2	  0.0
6.3	  0.0
6.4	  0.0
6.5	  0.0
6.6	  0.0
6.7	  0.0
6.8	  0.0
6.9	  0.0
7.0	  0.0
7.1	  0.0
7.2	  0.0
7.3	  0.0
7.4	  0.0
7.5	  0.0
7.6	  0.0
7.7	  0.0
7.8	  0.0
7.9	  0.0
8.0	  0.0
8.1	  0.0
8.2	  0.0
8.3	  0.0
8.4	  0.0
8.5	  0.0
8.6	  0.0
8.7	  0.0
8.8	  0.0
8.9	  0.0
9.0	  0.0



DATASET #6

     Name: 1 d Prob
   Points: 66
     Info: 

Data[x,y]:
2.5	  1.0
2.6	  1.0
2.7	  1.0
2.8	  1.0
2.9	  1.0
3.0	  1.0
3.1	  1.0
3.2	  1.0
3.3	  1.0
3.4	  1.0
3.5	  1.0
3.6	  1.0
3.7	  1.0
3.8	  1.0
3.9	  1.0
4.0	  1.0
4.1	  1.0
4.2	  1.0
4.3	  1.0
4.4	  1.0
4.5	  1.0
4.6	  0.99991
4.7	  0.9994
4.8	  0.99742
4.9	  0.99156
5.0	  0.97775
5.1	  0.95077
5.2	  0.90839
5.3	  0.84941
5.4	  0.77668
5.5	  0.68988
5.6	  0.59971
5.7	  0.50803
5.8	  0.41984
5.9	  0.33914
6.0	  0.27223
6.1	  0.21035
6.2	  0.14777
6.3	  0.11586
6.4	  0.08902
6.5	  0.0701
6.6	  0.06091
6.7	  0.05075
6.8	  0.04267
6.9	  0.03434
7.0	  0.02735
7.1	  0.02303
7.2	  0.0177
7.3	  0.01257
7.4	  0.01118
7.5	  0.00926
7.6	  0.00483
7.7	  0.00154
7.8	  0.00108
7.9	  6.0E-4
8.0	  1.6E-4
8.1	  0.0
8.2	  0.0
8.3	  0.0
8.4	  0.0
8.5	  0.0
8.6	  0.0
8.7	  0.0
8.8	  0.0
8.9	  0.0
9.0	  0.0



DATASET #7

Name: 95% Conf
Num Points: 66
Info: 

X, Y Data:
2.5	1.0	[1.0	1.0]
2.6	1.0	[1.0	1.0]
2.7	1.0	[1.0	1.0]
2.8	1.0	[1.0	1.0]
2.9	1.0	[1.0	1.0]
3.0	1.0	[1.0	1.0]
3.1	1.0	[1.0	1.0]
3.2	1.0	[1.0	1.0]
3.3	1.0	[1.0	1.0]
3.4	1.0	[1.0	1.0]
3.5	1.0	[1.0	1.0]
3.6	1.0	[1.0	1.0]
3.7	1.0	[1.0	1.0]
3.8	1.0	[1.0	1.0]
3.9	1.0	[1.0	1.0]
4.0	1.0	[1.0	1.0]
4.1	1.0	[1.0	1.0]
4.2	1.0	[1.0	1.0]
4.3	1.0	[1.0	1.0]
4.4	1.0	[1.0	1.0]
4.5	1.0	[1.0	1.0]
4.6	0.99991	[0.99982244	0.9999561]
4.7	0.9994	[0.9992222	0.9995382]
4.8	0.99742	[0.9970806	0.9977206]
4.9	0.99156	[0.99096864	0.99211323]
5.0	0.97775	[0.9768122	0.9786509]
5.1	0.95077	[0.9494066	0.95209867]
5.2	0.90839	[0.9065812	0.9101673]
5.3	0.84941	[0.8471748	0.8516183]
5.4	0.77668	[0.7740831	0.7792556]
5.5	0.68988	[0.6870009	0.6927445]
5.6	0.59971	[0.5966644	0.6027479]
5.7	0.50803	[0.50492615	0.51113325]
5.8	0.41984	[0.4167792	0.42290697]
5.9	0.33914	[0.33620697	0.34208542]
6.0	0.27223	[0.269475	0.27500254]
6.1	0.21035	[0.2078301	0.21289219]
6.2	0.14777	[0.14557904	0.14998809]
6.3	0.11586	[0.11388604	0.11786354]
6.4	0.08902	[0.08726576	0.09080591]
6.5	0.0701	[0.06852905	0.07170408]
6.6	0.06091	[0.059439495	0.06241435]
6.7	0.05075	[0.049401846	0.052132796]
6.8	0.04267	[0.041429836	0.04394544]
6.9	0.03434	[0.033224173	0.03549176]
7.0	0.02735	[0.026352191	0.028384302]
7.1	0.02303	[0.022113556	0.023983285]
7.2	0.0177	[0.016896179	0.018541103]
7.3	0.01257	[0.011893098	0.013284621]
7.4	0.01118	[0.010541982	0.011855861]
7.5	0.00926	[0.008680058	0.009877963]
7.6	0.00483	[0.004414118	0.005284368]
7.7	0.00154	[0.0013107506	0.001808331]
7.8	0.00108	[8.901597E-4	0.0013091092]
7.9	6.0E-4	[4.6183256E-4	7.7778986E-4]
8.0	1.6E-4	[9.4690186E-5	2.6609126E-4]
8.1	0.0	[0.0	4.7892154E-5]
8.2	0.0	[0.0	4.7892154E-5]
8.3	0.0	[0.0	4.7892154E-5]
8.4	0.0	[0.0	0.0]
8.5	0.0	[0.0	0.0]
8.6	0.0	[0.0	0.0]
8.7	0.0	[0.0	0.0]
8.8	0.0	[0.0	0.0]
8.9	0.0	[0.0	0.0]
9.0	0.0	[0.0	0.0]



DATASET #8

     Name: Supra
   Points: 66
     Info: 

Data[x,y]:
2.5	  0.1115
2.6	  0.1115
2.7	  0.1115
2.8	  0.1115
2.9	  0.1115
3.0	  0.1115
3.1	  0.1115
3.2	  0.1115
3.3	  0.1115
3.4	  0.1115
3.5	  0.1115
3.6	  0.1115
3.7	  0.1115
3.8	  0.1115
3.9	  0.1115
4.0	  0.1115
4.1	  0.1115
4.2	  0.1115
4.3	  0.1115
4.4	  0.1115
4.5	  0.1115
4.6	  0.1115
4.7	  0.1115
4.8	  0.1115
4.9	  0.1115
5.0	  0.1115
5.1	  0.1115
5.2	  0.1115
5.3	  0.1115
5.4	  0.1115
5.5	  0.1115
5.6	  0.11149
5.7	  0.11149
5.8	  0.11149
5.9	  0.11146
6.0	  0.11141
6.1	  0.09779
6.2	  0.07704
6.3	  0.06615
6.4	  0.05738
6.5	  0.05061
6.6	  0.04721
6.7	  0.04113
6.8	  0.03632
6.9	  0.03009
7.0	  0.02478
7.1	  0.02159
7.2	  0.01701
7.3	  0.01226
7.4	  0.01109
7.5	  0.00923
7.6	  0.00482
7.7	  0.00154
7.8	  0.00108
7.9	  6.0E-4
8.0	  1.6E-4
8.1	  0.0
8.2	  0.0
8.3	  0.0
8.4	  0.0
8.5	  0.0
8.6	  0.0
8.7	  0.0
8.8	  0.0
8.9	  0.0
9.0	  0.0



DATASET #9

     Name: Primary
   Points: 66
     Info: 

Data[x,y]:
2.5	  1063.7874
2.6	  844.9121
2.7	  671.1322
2.8	  533.1106
2.9	  423.46216
3.0	  336.3661
3.1	  267.1987
3.2	  212.25148
3.3	  168.58601
3.4	  133.89372
3.5	  106.34315
3.6	  84.44972
3.7	  67.06971
3.8	  53.26863
3.9	  42.30338
4.0	  33.59385
4.1	  26.67118
4.2	  21.164
4.3	  16.79969
4.4	  13.31625
4.5	  10.56007
4.6	  8.36928
4.7	  6.63194
4.8	  5.25485
4.9	  4.15461
5.0	  3.27885
5.1	  2.58173
5.2	  2.03136
5.3	  1.59667
5.4	  1.25105
5.5	  0.97028
5.6	  0.75214
5.7	  0.57803
5.8	  0.43975
5.9	  0.33048
6.0	  0.25098
6.1	  0.18421
6.2	  0.12211
6.3	  0.0931
6.4	  0.06946
6.5	  0.05415
6.6	  0.04692
6.7	  0.03908
6.8	  0.03255
6.9	  0.02599
7.0	  0.02041
7.1	  0.01679
7.2	  0.01273
7.3	  0.0089
7.4	  0.00788
7.5	  0.00638
7.6	  0.00337
7.7	  9.6E-4
7.8	  6.6E-4
7.9	  3.7E-4
8.0	  1.0E-4
8.1	  0.0
8.2	  0.0
8.3	  0.0
8.4	  0.0
8.5	  0.0
8.6	  0.0
8.7	  0.0
8.8	  0.0
8.9	  0.0
9.0	  0.0


