
X-Axis: Magnitude
Y-Axis: 1 Week Cumulative Number
Number of Data Sets: 9


DATASET #1

     Name: Mean
   Points: 66
     Info: 

Data[x,y]:
2.5	  2255.5076
2.6	  1791.4338
2.7	  1422.9424
2.8	  1130.2655
2.9	  897.80707
3.0	  713.1226
3.1	  566.4491
3.2	  449.97906
3.3	  357.3958
3.4	  283.8477
3.5	  225.42688
3.6	  179.03793
3.7	  142.20415
3.8	  112.93344
3.9	  89.67528
4.0	  71.20927
4.1	  56.52904
4.2	  44.86586
4.3	  35.60367
4.4	  28.23617
4.5	  22.40052
4.6	  17.75587
4.7	  14.07265
4.8	  11.15477
4.9	  8.82713
5.0	  6.97585
5.1	  5.50053
5.2	  4.3307
5.3	  3.40452
5.4	  2.67047
5.5	  2.08331
5.6	  1.6188
5.7	  1.24865
5.8	  0.95884
5.9	  0.72591
6.0	  0.56201
6.1	  0.41313
6.2	  0.27883
6.3	  0.21335
6.4	  0.16355
6.5	  0.12723
6.6	  0.10616
6.7	  0.08664
6.8	  0.07163
6.9	  0.0561
7.0	  0.04428
7.1	  0.03693
7.2	  0.0283
7.3	  0.02015
7.4	  0.01789
7.5	  0.01465
7.6	  0.00757
7.7	  0.00242
7.8	  0.0017
7.9	  0.00103
8.0	  2.9E-4
8.1	  4.0E-5
8.2	  0.0
8.3	  0.0
8.4	  0.0
8.5	  0.0
8.6	  0.0
8.7	  0.0
8.8	  0.0
8.9	  0.0
9.0	  0.0



DATASET #2

     Name: 2.5%,97.5%
   Points: 66
     Info: 

Data[x,y]:
2.5	  1749.0
2.6	  1383.0
2.7	  1094.0
2.8	  864.0
2.9	  682.0
3.0	  538.0
3.1	  424.0
3.2	  333.0
3.3	  261.0
3.4	  204.0
3.5	  159.0
3.6	  124.0
3.7	  96.0
3.8	  75.0
3.9	  58.0
4.0	  44.0
4.1	  34.0
4.2	  25.0
4.3	  19.0
4.4	  14.0
4.5	  10.0
4.6	  8.0
4.7	  5.0
4.8	  4.0
4.9	  2.0
5.0	  1.0
5.1	  1.0
5.2	  0.0
5.3	  0.0
5.4	  0.0
5.5	  0.0
5.6	  0.0
5.7	  0.0
5.8	  0.0
5.9	  0.0
6.0	  0.0
6.1	  0.0
6.2	  0.0
6.3	  0.0
6.4	  0.0
6.5	  0.0
6.6	  0.0
6.7	  0.0
6.8	  0.0
6.9	  0.0
7.0	  0.0
7.1	  0.0
7.2	  0.0
7.3	  0.0
7.4	  0.0
7.5	  0.0
7.6	  0.0
7.7	  0.0
7.8	  0.0
7.9	  0.0
8.0	  0.0
8.1	  0.0
8.2	  0.0
8.3	  0.0
8.4	  0.0
8.5	  0.0
8.6	  0.0
8.7	  0.0
8.8	  0.0
8.9	  0.0
9.0	  0.0



DATASET #3

     Name: null
   Points: 66
     Info: 

Data[x,y]:
2.5	  4643.0
2.6	  3701.0
2.7	  2943.0
2.8	  2341.0
2.9	  1860.0
3.0	  1481.0
3.1	  1180.0
3.2	  936.0
3.3	  743.0
3.4	  594.0
3.5	  471.0
3.6	  376.0
3.7	  300.0
3.8	  239.0
3.9	  190.0
4.0	  152.0
4.1	  122.0
4.2	  97.0
4.3	  78.0
4.4	  62.0
4.5	  50.0
4.6	  40.0
4.7	  33.0
4.8	  27.0
4.9	  22.0
5.0	  18.0
5.1	  15.0
5.2	  12.0
5.3	  10.0
5.4	  8.0
5.5	  7.0
5.6	  6.0
5.7	  5.0
5.8	  4.0
5.9	  3.0
6.0	  3.0
6.1	  2.0
6.2	  2.0
6.3	  2.0
6.4	  1.0
6.5	  1.0
6.6	  1.0
6.7	  1.0
6.8	  1.0
6.9	  1.0
7.0	  1.0
7.1	  1.0
7.2	  1.0
7.3	  0.0
7.4	  0.0
7.5	  0.0
7.6	  0.0
7.7	  0.0
7.8	  0.0
7.9	  0.0
8.0	  0.0
8.1	  0.0
8.2	  0.0
8.3	  0.0
8.4	  0.0
8.5	  0.0
8.6	  0.0
8.7	  0.0
8.8	  0.0
8.9	  0.0
9.0	  0.0



DATASET #4

     Name: Median
   Points: 66
     Info: 

Data[x,y]:
2.5	  2008.0
2.6	  1596.0
2.7	  1268.0
2.8	  1008.0
2.9	  802.0
3.0	  637.0
3.1	  506.0
3.2	  403.0
3.3	  320.0
3.4	  255.0
3.5	  203.0
3.6	  161.0
3.7	  128.0
3.8	  102.0
3.9	  81.0
4.0	  64.0
4.1	  51.0
4.2	  41.0
4.3	  32.0
4.4	  26.0
4.5	  20.0
4.6	  16.0
4.7	  13.0
4.8	  10.0
4.9	  8.0
5.0	  6.0
5.1	  5.0
5.2	  4.0
5.3	  3.0
5.4	  2.0
5.5	  2.0
5.6	  1.0
5.7	  1.0
5.8	  1.0
5.9	  0.0
6.0	  0.0
6.1	  0.0
6.2	  0.0
6.3	  0.0
6.4	  0.0
6.5	  0.0
6.6	  0.0
6.7	  0.0
6.8	  0.0
6.9	  0.0
7.0	  0.0
7.1	  0.0
7.2	  0.0
7.3	  0.0
7.4	  0.0
7.5	  0.0
7.6	  0.0
7.7	  0.0
7.8	  0.0
7.9	  0.0
8.0	  0.0
8.1	  0.0
8.2	  0.0
8.3	  0.0
8.4	  0.0
8.5	  0.0
8.6	  0.0
8.7	  0.0
8.8	  0.0
8.9	  0.0
9.0	  0.0



DATASET #5

     Name: Mode
   Points: 66
     Info: 

Data[x,y]:
2.5	  1900.0
2.6	  1502.0
2.7	  1230.0
2.8	  950.0
2.9	  781.0
3.0	  606.0
3.1	  475.0
3.2	  382.0
3.3	  304.0
3.4	  241.0
3.5	  194.0
3.6	  152.0
3.7	  122.0
3.8	  98.0
3.9	  77.0
4.0	  62.0
4.1	  48.0
4.2	  38.0
4.3	  31.0
4.4	  24.0
4.5	  19.0
4.6	  15.0
4.7	  11.0
4.8	  9.0
4.9	  7.0
5.0	  5.0
5.1	  4.0
5.2	  3.0
5.3	  2.0
5.4	  2.0
5.5	  1.0
5.6	  1.0
5.7	  0.0
5.8	  0.0
5.9	  0.0
6.0	  0.0
6.1	  0.0
6.2	  0.0
6.3	  0.0
6.4	  0.0
6.5	  0.0
6.6	  0.0
6.7	  0.0
6.8	  0.0
6.9	  0.0
7.0	  0.0
7.1	  0.0
7.2	  0.0
7.3	  0.0
7.4	  0.0
7.5	  0.0
7.6	  0.0
7.7	  0.0
7.8	  0.0
7.9	  0.0
8.0	  0.0
8.1	  0.0
8.2	  0.0
8.3	  0.0
8.4	  0.0
8.5	  0.0
8.6	  0.0
8.7	  0.0
8.8	  0.0
8.9	  0.0
9.0	  0.0



DATASET #6

     Name: 1 wk Prob
   Points: 66
     Info: 

Data[x,y]:
2.5	  1.0
2.6	  1.0
2.7	  1.0
2.8	  1.0
2.9	  1.0
3.0	  1.0
3.1	  1.0
3.2	  1.0
3.3	  1.0
3.4	  1.0
3.5	  1.0
3.6	  1.0
3.7	  1.0
3.8	  1.0
3.9	  1.0
4.0	  1.0
4.1	  1.0
4.2	  1.0
4.3	  1.0
4.4	  1.0
4.5	  1.0
4.6	  1.0
4.7	  0.99999
4.8	  0.99983
4.9	  0.99904
5.0	  0.99582
5.1	  0.987
5.2	  0.96739
5.3	  0.93362
5.4	  0.88345
5.5	  0.81495
5.6	  0.73497
5.7	  0.64448
5.8	  0.5503
5.9	  0.4564
6.0	  0.37641
6.1	  0.29804
6.2	  0.21591
6.3	  0.17149
6.4	  0.13375
6.5	  0.10604
6.6	  0.09197
6.7	  0.0762
6.8	  0.06421
6.9	  0.05158
7.0	  0.04116
7.1	  0.0348
7.2	  0.02696
7.3	  0.01936
7.4	  0.01724
7.5	  0.01416
7.6	  0.00732
7.7	  0.00234
7.8	  0.00168
7.9	  0.00103
8.0	  2.9E-4
8.1	  4.0E-5
8.2	  0.0
8.3	  0.0
8.4	  0.0
8.5	  0.0
8.6	  0.0
8.7	  0.0
8.8	  0.0
8.9	  0.0
9.0	  0.0



DATASET #7

Name: 95% Conf
Num Points: 66
Info: 

X, Y Data:
2.5	1.0	[1.0	1.0]
2.6	1.0	[1.0	1.0]
2.7	1.0	[1.0	1.0]
2.8	1.0	[1.0	1.0]
2.9	1.0	[1.0	1.0]
3.0	1.0	[1.0	1.0]
3.1	1.0	[1.0	1.0]
3.2	1.0	[1.0	1.0]
3.3	1.0	[1.0	1.0]
3.4	1.0	[1.0	1.0]
3.5	1.0	[1.0	1.0]
3.6	1.0	[1.0	1.0]
3.7	1.0	[1.0	1.0]
3.8	1.0	[1.0	1.0]
3.9	1.0	[1.0	1.0]
4.0	1.0	[1.0	1.0]
4.1	1.0	[1.0	1.0]
4.2	1.0	[1.0	1.0]
4.3	1.0	[1.0	1.0]
4.4	1.0	[1.0	1.0]
4.5	1.0	[1.0	1.0]
4.6	1.0	[1.0	1.0]
4.7	0.99999	[0.99993503	0.99999946]
4.8	0.99983	[0.9997216	0.9998977]
4.9	0.99904	[0.99882245	0.9992182]
5.0	0.99582	[0.99539536	0.99620605]
5.1	0.987	[0.9862738	0.9876885]
5.2	0.96739	[0.966266	0.96847796]
5.3	0.93362	[0.93205523	0.93515134]
5.4	0.88345	[0.88144135	0.8854291]
5.5	0.81495	[0.8125259	0.8173498]
5.6	0.73497	[0.7322205	0.7377014]
5.7	0.64448	[0.6415027	0.6474462]
5.8	0.5503	[0.5472098	0.55338633]
5.9	0.4564	[0.4533095	0.45949385]
6.0	0.37641	[0.37340695	0.37942258]
6.1	0.29804	[0.29520783	0.3008877]
6.2	0.21591	[0.21336575	0.21847612]
6.3	0.17149	[0.16916138	0.1738439]
6.4	0.13375	[0.13164937	0.13587883]
6.5	0.10604	[0.10414184	0.10796851]
6.6	0.09197	[0.09018955	0.09378189]
6.7	0.0762	[0.074566826	0.07786584]
6.8	0.06421	[0.062702425	0.06575117]
6.9	0.05158	[0.050221335	0.052973244]
7.0	0.04116	[0.03994129	0.04241411]
7.1	0.0348	[0.033676893	0.035959005]
7.2	0.02696	[0.025969239	0.027987286]
7.3	0.01936	[0.018519377	0.020237766]
7.4	0.01724	[0.016446695	0.018070625]
7.5	0.01416	[0.013441264	0.014916318]
7.6	0.00732	[0.0068054334	0.007872777]
7.7	0.00234	[0.0020543612	0.0026645106]
7.8	0.00168	[0.0014399717	0.0019590657]
7.9	0.00103	[8.4491447E-4	0.0012543806]
8.0	2.9E-4	[1.978313E-4	4.2235057E-4]
8.1	4.0E-5	[1.2813544E-5	1.10003224E-4]
8.2	0.0	[0.0	4.7892154E-5]
8.3	0.0	[0.0	4.7892154E-5]
8.4	0.0	[0.0	0.0]
8.5	0.0	[0.0	0.0]
8.6	0.0	[0.0	0.0]
8.7	0.0	[0.0	0.0]
8.8	0.0	[0.0	0.0]
8.9	0.0	[0.0	0.0]
9.0	0.0	[0.0	0.0]



DATASET #8

     Name: Supra
   Points: 66
     Info: 

Data[x,y]:
2.5	  0.16346
2.6	  0.16346
2.7	  0.16346
2.8	  0.16346
2.9	  0.16346
3.0	  0.16346
3.1	  0.16346
3.2	  0.16346
3.3	  0.16346
3.4	  0.16346
3.5	  0.16346
3.6	  0.16346
3.7	  0.16346
3.8	  0.16346
3.9	  0.16346
4.0	  0.16346
4.1	  0.16346
4.2	  0.16346
4.3	  0.16346
4.4	  0.16346
4.5	  0.16346
4.6	  0.16346
4.7	  0.16346
4.8	  0.16346
4.9	  0.16346
5.0	  0.16346
5.1	  0.16346
5.2	  0.16346
5.3	  0.16346
5.4	  0.16346
5.5	  0.16346
5.6	  0.16345
5.7	  0.16345
5.8	  0.16345
5.9	  0.16342
6.0	  0.16338
6.1	  0.1442
6.2	  0.1157
6.3	  0.09955
6.4	  0.08653
6.5	  0.07616
6.6	  0.07082
6.7	  0.06129
6.8	  0.05437
6.9	  0.0451
7.0	  0.03733
7.1	  0.03265
7.2	  0.02583
7.3	  0.01879
7.4	  0.01704
7.5	  0.01411
7.6	  0.0073
7.7	  0.00234
7.8	  0.00168
7.9	  0.00103
8.0	  2.9E-4
8.1	  4.0E-5
8.2	  0.0
8.3	  0.0
8.4	  0.0
8.5	  0.0
8.6	  0.0
8.7	  0.0
8.8	  0.0
8.9	  0.0
9.0	  0.0



DATASET #9

     Name: Primary
   Points: 66
     Info: 

Data[x,y]:
2.5	  1428.8065
2.6	  1134.7972
2.7	  901.38556
2.8	  715.9582
2.9	  568.6707
3.0	  451.6943
3.1	  358.8014
3.2	  285.03735
3.3	  226.37988
3.4	  179.78816
3.5	  142.80177
3.6	  113.40385
3.7	  90.05331
3.8	  71.52364
3.9	  56.79326
4.0	  45.09151
4.1	  35.79853
4.2	  28.40622
4.3	  22.54926
4.4	  17.87899
4.5	  14.18202
4.6	  11.2379
4.7	  8.90298
4.8	  7.05364
4.9	  5.58171
5.0	  4.40787
5.1	  3.46979
5.2	  2.72831
5.3	  2.14296
5.4	  1.67919
5.5	  1.30361
5.6	  1.01048
5.7	  0.77631
5.8	  0.59176
5.9	  0.44453
6.0	  0.33825
6.1	  0.24865
6.2	  0.16591
6.3	  0.12645
6.4	  0.09448
6.5	  0.07347
6.6	  0.06331
6.7	  0.05228
6.8	  0.0434
6.9	  0.03454
7.0	  0.02691
7.1	  0.02219
7.2	  0.01667
7.3	  0.01166
7.4	  0.01027
7.5	  0.00824
7.6	  0.00431
7.7	  0.00125
7.8	  8.7E-4
7.9	  5.4E-4
8.0	  1.6E-4
8.1	  1.0E-5
8.2	  0.0
8.3	  0.0
8.4	  0.0
8.5	  0.0
8.6	  0.0
8.7	  0.0
8.8	  0.0
8.9	  0.0
9.0	  0.0


