
X-Axis: Magnitude
Y-Axis: 1 Year Cumulative Number
Number of Data Sets: 9


DATASET #1

     Name: Mean
   Points: 66
     Info: 

Data[x,y]:
2.5	  1293.2668
2.6	  1028.1897
2.7	  817.3344
2.8	  648.94214
2.9	  514.7974
3.0	  409.19937
3.1	  325.78778
3.2	  259.11575
3.3	  205.35048
3.4	  163.48874
3.5	  130.06432
3.6	  103.11575
3.7	  81.48875
3.8	  64.52733
3.9	  51.411575
4.0	  40.961414
4.1	  32.22508
4.2	  25.607718
4.3	  20.344051
4.4	  15.954984
4.5	  12.533762
4.6	  10.003216
4.7	  8.006431
4.8	  6.3472667
4.9	  5.022508
5.0	  4.0032153
5.1	  3.1800642
5.2	  2.4919615
5.3	  2.0064309
5.4	  1.5948553
5.5	  1.244373
5.6	  0.96463025
5.7	  0.7749196
5.8	  0.61736333
5.9	  0.4726688
6.0	  0.39228296
6.1	  0.30868167
6.2	  0.23472668
6.3	  0.18327974
6.4	  0.1511254
6.5	  0.1318328
6.6	  0.11254019
6.7	  0.08681672
6.8	  0.07717042
6.9	  0.051446944
7.0	  0.041800644
7.1	  0.03215434
7.2	  0.025723472
7.3	  0.01607717
7.4	  0.009646302
7.5	  0.006430868
7.6	  0.006430868
7.7	  0.006430868
7.8	  0.006430868
7.9	  0.0
8.0	  0.0
8.1	  0.0
8.2	  0.0
8.3	  0.0
8.4	  0.0
8.5	  0.0
8.6	  0.0
8.7	  0.0
8.8	  0.0
8.9	  0.0
9.0	  0.0



DATASET #2

     Name: 2.5%,97.5%
   Points: 66
     Info: 

Data[x,y]:
2.5	  691.0
2.6	  552.0
2.7	  432.0
2.8	  344.0
2.9	  270.0
3.0	  209.0
3.1	  166.0
3.2	  131.0
3.3	  102.0
3.4	  80.0
3.5	  63.0
3.6	  48.0
3.7	  37.0
3.8	  28.0
3.9	  22.0
4.0	  15.0
4.1	  11.0
4.2	  8.0
4.3	  6.0
4.4	  4.0
4.5	  3.0
4.6	  2.0
4.7	  1.0
4.8	  0.0
4.9	  0.0
5.0	  0.0
5.1	  0.0
5.2	  0.0
5.3	  0.0
5.4	  0.0
5.5	  0.0
5.6	  0.0
5.7	  0.0
5.8	  0.0
5.9	  0.0
6.0	  0.0
6.1	  0.0
6.2	  0.0
6.3	  0.0
6.4	  0.0
6.5	  0.0
6.6	  0.0
6.7	  0.0
6.8	  0.0
6.9	  0.0
7.0	  0.0
7.1	  0.0
7.2	  0.0
7.3	  0.0
7.4	  0.0
7.5	  0.0
7.6	  0.0
7.7	  0.0
7.8	  0.0
7.9	  0.0
8.0	  0.0
8.1	  0.0
8.2	  0.0
8.3	  0.0
8.4	  0.0
8.5	  0.0
8.6	  0.0
8.7	  0.0
8.8	  0.0
8.9	  0.0
9.0	  0.0



DATASET #3

     Name: null
   Points: 66
     Info: 

Data[x,y]:
2.5	  4958.0
2.6	  3901.0
2.7	  3102.0
2.8	  2471.0
2.9	  1986.0
3.0	  1600.0
3.1	  1297.0
3.2	  1034.0
3.3	  829.0
3.4	  650.0
3.5	  513.0
3.6	  409.0
3.7	  322.0
3.8	  262.0
3.9	  209.0
4.0	  166.0
4.1	  127.0
4.2	  96.0
4.3	  78.0
4.4	  56.0
4.5	  44.0
4.6	  36.0
4.7	  28.0
4.8	  22.0
4.9	  19.0
5.0	  14.0
5.1	  11.0
5.2	  9.0
5.3	  8.0
5.4	  7.0
5.5	  6.0
5.6	  5.0
5.7	  4.0
5.8	  3.0
5.9	  3.0
6.0	  3.0
6.1	  2.0
6.2	  2.0
6.3	  2.0
6.4	  2.0
6.5	  1.0
6.6	  1.0
6.7	  1.0
6.8	  1.0
6.9	  1.0
7.0	  1.0
7.1	  1.0
7.2	  0.0
7.3	  0.0
7.4	  0.0
7.5	  0.0
7.6	  0.0
7.7	  0.0
7.8	  0.0
7.9	  0.0
8.0	  0.0
8.1	  0.0
8.2	  0.0
8.3	  0.0
8.4	  0.0
8.5	  0.0
8.6	  0.0
8.7	  0.0
8.8	  0.0
8.9	  0.0
9.0	  0.0



DATASET #4

     Name: Median
   Points: 66
     Info: 

Data[x,y]:
2.5	  873.0
2.6	  698.0
2.7	  555.0
2.8	  442.0
2.9	  352.0
3.0	  280.0
3.1	  224.0
3.2	  178.0
3.3	  141.0
3.4	  112.0
3.5	  90.0
3.6	  71.0
3.7	  57.0
3.8	  45.0
3.9	  36.0
4.0	  29.0
4.1	  23.0
4.2	  18.0
4.3	  14.0
4.4	  11.0
4.5	  9.0
4.6	  7.0
4.7	  6.0
4.8	  4.0
4.9	  3.0
5.0	  3.0
5.1	  2.0
5.2	  1.0
5.3	  1.0
5.4	  1.0
5.5	  1.0
5.6	  0.0
5.7	  0.0
5.8	  0.0
5.9	  0.0
6.0	  0.0
6.1	  0.0
6.2	  0.0
6.3	  0.0
6.4	  0.0
6.5	  0.0
6.6	  0.0
6.7	  0.0
6.8	  0.0
6.9	  0.0
7.0	  0.0
7.1	  0.0
7.2	  0.0
7.3	  0.0
7.4	  0.0
7.5	  0.0
7.6	  0.0
7.7	  0.0
7.8	  0.0
7.9	  0.0
8.0	  0.0
8.1	  0.0
8.2	  0.0
8.3	  0.0
8.4	  0.0
8.5	  0.0
8.6	  0.0
8.7	  0.0
8.8	  0.0
8.9	  0.0
9.0	  0.0



DATASET #5

     Name: Mode
   Points: 66
     Info: 

Data[x,y]:
2.5	  839.0
2.6	  669.0
2.7	  553.0
2.8	  413.0
2.9	  301.0
3.0	  256.0
3.1	  197.0
3.2	  150.0
3.3	  135.0
3.4	  106.0
3.5	  81.0
3.6	  64.0
3.7	  57.0
3.8	  45.0
3.9	  27.0
4.0	  27.0
4.1	  23.0
4.2	  16.0
4.3	  16.0
4.4	  11.0
4.5	  7.0
4.6	  8.0
4.7	  5.0
4.8	  4.0
4.9	  3.0
5.0	  1.0
5.1	  1.0
5.2	  1.0
5.3	  1.0
5.4	  0.0
5.5	  0.0
5.6	  0.0
5.7	  0.0
5.8	  0.0
5.9	  0.0
6.0	  0.0
6.1	  0.0
6.2	  0.0
6.3	  0.0
6.4	  0.0
6.5	  0.0
6.6	  0.0
6.7	  0.0
6.8	  0.0
6.9	  0.0
7.0	  0.0
7.1	  0.0
7.2	  0.0
7.3	  0.0
7.4	  0.0
7.5	  0.0
7.6	  0.0
7.7	  0.0
7.8	  0.0
7.9	  0.0
8.0	  0.0
8.1	  0.0
8.2	  0.0
8.3	  0.0
8.4	  0.0
8.5	  0.0
8.6	  0.0
8.7	  0.0
8.8	  0.0
8.9	  0.0
9.0	  0.0



DATASET #6

     Name: 1 yr Prob
   Points: 66
     Info: 

Data[x,y]:
2.5	  1.0
2.6	  1.0
2.7	  1.0
2.8	  1.0
2.9	  1.0
3.0	  1.0
3.1	  1.0
3.2	  1.0
3.3	  1.0
3.4	  1.0
3.5	  1.0
3.6	  1.0
3.7	  1.0
3.8	  1.0
3.9	  1.0
4.0	  1.0
4.1	  1.0
4.2	  1.0
4.3	  1.0
4.4	  1.0
4.5	  1.0
4.6	  0.99678457
4.7	  0.9903537
4.8	  0.9678457
4.9	  0.9517685
5.0	  0.9163987
5.1	  0.8585209
5.2	  0.7717042
5.3	  0.7073955
5.4	  0.6366559
5.5	  0.5273312
5.6	  0.4533762
5.7	  0.39228296
5.8	  0.31511253
5.9	  0.24758843
6.0	  0.21221864
6.1	  0.17363344
6.2	  0.13504823
6.3	  0.10610932
6.4	  0.08681672
6.5	  0.07717042
6.6	  0.06430868
6.7	  0.051446944
6.8	  0.048231512
6.9	  0.03215434
7.0	  0.028938906
7.1	  0.025723472
7.2	  0.019292604
7.3	  0.012861736
7.4	  0.006430868
7.5	  0.006430868
7.6	  0.006430868
7.7	  0.006430868
7.8	  0.006430868
7.9	  0.0
8.0	  0.0
8.1	  0.0
8.2	  0.0
8.3	  0.0
8.4	  0.0
8.5	  0.0
8.6	  0.0
8.7	  0.0
8.8	  0.0
8.9	  0.0
9.0	  0.0



DATASET #7

Name: 95% Conf
Num Points: 66
Info: 

X, Y Data:
2.5	1.0	[1.0	1.0]
2.6	1.0	[1.0	1.0]
2.7	1.0	[1.0	1.0]
2.8	1.0	[1.0	1.0]
2.9	1.0	[1.0	1.0]
3.0	1.0	[1.0	1.0]
3.1	1.0	[1.0	1.0]
3.2	1.0	[1.0	1.0]
3.3	1.0	[1.0	1.0]
3.4	1.0	[1.0	1.0]
3.5	1.0	[1.0	1.0]
3.6	1.0	[1.0	1.0]
3.7	1.0	[1.0	1.0]
3.8	1.0	[1.0	1.0]
3.9	1.0	[1.0	1.0]
4.0	1.0	[1.0	1.0]
4.1	1.0	[1.0	1.0]
4.2	1.0	[1.0	1.0]
4.3	1.0	[1.0	1.0]
4.4	1.0	[1.0	1.0]
4.5	1.0	[1.0	1.0]
4.6	0.99678457	[0.97938436	0.99983215]
4.7	0.9903537	[0.9696929	0.9975055]
4.8	0.9678457	[0.93980277	0.9835784]
4.9	0.9517685	[0.9200107	0.971781]
5.0	0.9163987	[0.87847733	0.94363785]
5.1	0.8585209	[0.8136346	0.8942995]
5.2	0.7717042	[0.7202053	0.81634605]
5.3	0.7073955	[0.6528784	0.75669175]
5.4	0.6366559	[0.580197	0.6896804]
5.5	0.5273312	[0.4702512	0.583725]
5.6	0.4533762	[0.39738077	0.5105423]
5.7	0.39228296	[0.33809844	0.4491735]
5.8	0.31511253	[0.26448494	0.3703915]
5.9	0.24758843	[0.20140727	0.30013403]
6.0	0.21221864	[0.16896401	0.2627423]
6.1	0.17363344	[0.13414754	0.22138472]
6.2	0.13504823	[0.10008544	0.17928915]
6.3	0.10610932	[0.075193286	0.14708194]
6.4	0.08681672	[0.05901767	0.12520708]
6.5	0.07717042	[0.051091176	0.114115745]
6.6	0.06430868	[0.040731832	0.099129416]
6.7	0.051446944	[0.030674608	0.0838607]
6.8	0.048231512	[0.028219003	0.07998929]
6.9	0.03215434	[0.016421625	0.060197257]
7.0	0.028938906	[0.01418732	0.056127872]
7.1	0.025723472	[0.012009409	0.052009776]
7.2	0.019292604	[0.007866339	0.043594383]
7.3	0.012861736	[0.0041279956	0.034853846]
7.4	0.006430868	[0.0011146354	0.025588166]
7.5	0.006430868	[0.0011146354	0.025588166]
7.6	0.006430868	[0.0011146354	0.025588166]
7.7	0.006430868	[0.0011146354	0.025588166]
7.8	0.006430868	[0.0011146354	0.025588166]
7.9	0.0	[0.0	0.015210028]
8.0	0.0	[0.0	0.015210028]
8.1	0.0	[0.0	0.015210028]
8.2	0.0	[0.0	0.015210028]
8.3	0.0	[0.0	0.015210028]
8.4	0.0	[0.0	0.0]
8.5	0.0	[0.0	0.0]
8.6	0.0	[0.0	0.0]
8.7	0.0	[0.0	0.0]
8.8	0.0	[0.0	0.0]
8.9	0.0	[0.0	0.0]
9.0	0.0	[0.0	0.0]



DATASET #8

     Name: Supra
   Points: 66
     Info: 

Data[x,y]:
2.5	  0.0
2.6	  0.0
2.7	  0.0
2.8	  0.0
2.9	  0.0
3.0	  0.0
3.1	  0.0
3.2	  0.0
3.3	  0.0
3.4	  0.0
3.5	  0.0
3.6	  0.0
3.7	  0.0
3.8	  0.0
3.9	  0.0
4.0	  0.0
4.1	  0.0
4.2	  0.0
4.3	  0.0
4.4	  0.0
4.5	  0.0
4.6	  0.0
4.7	  0.0
4.8	  0.0
4.9	  0.0
5.0	  0.0
5.1	  0.0
5.2	  0.0
5.3	  0.0
5.4	  0.0
5.5	  0.0
5.6	  0.0
5.7	  0.0
5.8	  0.0
5.9	  0.0
6.0	  0.0
6.1	  0.0
6.2	  0.0
6.3	  0.0
6.4	  0.0
6.5	  0.0
6.6	  0.0
6.7	  0.0
6.8	  0.0
6.9	  0.0
7.0	  0.0
7.1	  0.0
7.2	  0.0
7.3	  0.0
7.4	  0.0
7.5	  0.0
7.6	  0.0
7.7	  0.0
7.8	  0.0
7.9	  0.0
8.0	  0.0
8.1	  0.0
8.2	  0.0
8.3	  0.0
8.4	  0.0
8.5	  0.0
8.6	  0.0
8.7	  0.0
8.8	  0.0
8.9	  0.0
9.0	  0.0



DATASET #9

     Name: Primary
   Points: 66
     Info: 

Data[x,y]:
2.5	  551.64307
2.6	  438.55948
2.7	  348.78134
2.8	  276.94534
2.9	  219.71704
3.0	  174.65274
3.1	  139.26688
3.2	  110.9389
3.3	  88.21865
3.4	  70.25402
3.5	  56.096462
3.6	  44.347267
3.7	  34.974277
3.8	  27.736334
3.9	  22.064308
4.0	  17.639872
4.1	  13.8745985
4.2	  11.1414795
4.3	  8.871383
4.4	  6.9003215
4.5	  5.446945
4.6	  4.385852
4.7	  3.4919615
4.8	  2.7524116
4.9	  2.1961415
5.0	  1.7363344
5.1	  1.3569132
5.2	  1.0610932
5.3	  0.86173636
5.4	  0.6784566
5.5	  0.49517685
5.6	  0.37942123
5.7	  0.3215434
5.8	  0.23794213
5.9	  0.17684887
6.0	  0.13504823
6.1	  0.10932476
6.2	  0.09003215
6.3	  0.06752411
6.4	  0.051446944
6.5	  0.03858521
6.6	  0.035369776
6.7	  0.025723472
6.8	  0.022508038
6.9	  0.01607717
7.0	  0.01607717
7.1	  0.01607717
7.2	  0.012861736
7.3	  0.009646302
7.4	  0.003215434
7.5	  0.003215434
7.6	  0.003215434
7.7	  0.003215434
7.8	  0.003215434
7.9	  0.0
8.0	  0.0
8.1	  0.0
8.2	  0.0
8.3	  0.0
8.4	  0.0
8.5	  0.0
8.6	  0.0
8.7	  0.0
8.8	  0.0
8.9	  0.0
9.0	  0.0


