
X-Axis: Magnitude
Y-Axis: 1 Hour Cumulative Number
Number of Data Sets: 9


DATASET #1

     Name: Mean
   Points: 66
     Info: 

Data[x,y]:
2.5	  727.41956
2.6	  577.75684
2.7	  458.88333
2.8	  364.5268
2.9	  289.58286
3.0	  229.99716
3.1	  182.6749
3.2	  145.07423
3.3	  115.23003
3.4	  91.52211
3.5	  72.68219
3.6	  57.72103
3.7	  45.85526
3.8	  36.41366
3.9	  28.9271
4.0	  22.95439
4.1	  18.22189
4.2	  14.46773
4.3	  11.47721
4.4	  9.10571
4.5	  7.22136
4.6	  5.72047
4.7	  4.5296
4.8	  3.58321
4.9	  2.836
5.0	  2.24442
5.1	  1.77291
5.2	  1.39476
5.3	  1.0963
5.4	  0.85607
5.5	  0.66589
5.6	  0.51678
5.7	  0.39845
5.8	  0.30283
5.9	  0.22882
6.0	  0.17398
6.1	  0.12754
6.2	  0.08385
6.3	  0.06395
6.4	  0.04869
6.5	  0.03754
6.6	  0.03199
6.7	  0.02637
6.8	  0.02162
6.9	  0.01713
7.0	  0.0132
7.1	  0.01103
7.2	  0.00834
7.3	  0.00598
7.4	  0.00517
7.5	  0.00411
7.6	  0.00224
7.7	  8.1E-4
7.8	  5.3E-4
7.9	  3.4E-4
8.0	  1.2E-4
8.1	  1.0E-5
8.2	  0.0
8.3	  0.0
8.4	  0.0
8.5	  0.0
8.6	  0.0
8.7	  0.0
8.8	  0.0
8.9	  0.0
9.0	  0.0



DATASET #2

     Name: 2.5%,97.5%
   Points: 66
     Info: 

Data[x,y]:
2.5	  632.0
2.6	  498.0
2.7	  391.0
2.8	  307.0
2.9	  241.0
3.0	  188.0
3.1	  147.0
3.2	  114.0
3.3	  88.0
3.4	  68.0
3.5	  53.0
3.6	  40.0
3.7	  31.0
3.8	  23.0
3.9	  17.0
4.0	  13.0
4.1	  9.0
4.2	  7.0
4.3	  5.0
4.4	  3.0
4.5	  2.0
4.6	  1.0
4.7	  1.0
4.8	  0.0
4.9	  0.0
5.0	  0.0
5.1	  0.0
5.2	  0.0
5.3	  0.0
5.4	  0.0
5.5	  0.0
5.6	  0.0
5.7	  0.0
5.8	  0.0
5.9	  0.0
6.0	  0.0
6.1	  0.0
6.2	  0.0
6.3	  0.0
6.4	  0.0
6.5	  0.0
6.6	  0.0
6.7	  0.0
6.8	  0.0
6.9	  0.0
7.0	  0.0
7.1	  0.0
7.2	  0.0
7.3	  0.0
7.4	  0.0
7.5	  0.0
7.6	  0.0
7.7	  0.0
7.8	  0.0
7.9	  0.0
8.0	  0.0
8.1	  0.0
8.2	  0.0
8.3	  0.0
8.4	  0.0
8.5	  0.0
8.6	  0.0
8.7	  0.0
8.8	  0.0
8.9	  0.0
9.0	  0.0



DATASET #3

     Name: null
   Points: 66
     Info: 

Data[x,y]:
2.5	  952.0
2.6	  756.0
2.7	  602.0
2.8	  479.0
2.9	  382.0
3.0	  304.0
3.1	  243.0
3.2	  194.0
3.3	  155.0
3.4	  125.0
3.5	  101.0
3.6	  81.0
3.7	  66.0
3.8	  54.0
3.9	  44.0
4.0	  36.0
4.1	  30.0
4.2	  25.0
4.3	  20.0
4.4	  17.0
4.5	  14.0
4.6	  12.0
4.7	  10.0
4.8	  8.0
4.9	  7.0
5.0	  6.0
5.1	  5.0
5.2	  4.0
5.3	  4.0
5.4	  3.0
5.5	  3.0
5.6	  2.0
5.7	  2.0
5.8	  2.0
5.9	  2.0
6.0	  1.0
6.1	  1.0
6.2	  1.0
6.3	  1.0
6.4	  1.0
6.5	  1.0
6.6	  1.0
6.7	  1.0
6.8	  0.0
6.9	  0.0
7.0	  0.0
7.1	  0.0
7.2	  0.0
7.3	  0.0
7.4	  0.0
7.5	  0.0
7.6	  0.0
7.7	  0.0
7.8	  0.0
7.9	  0.0
8.0	  0.0
8.1	  0.0
8.2	  0.0
8.3	  0.0
8.4	  0.0
8.5	  0.0
8.6	  0.0
8.7	  0.0
8.8	  0.0
8.9	  0.0
9.0	  0.0



DATASET #4

     Name: Median
   Points: 66
     Info: 

Data[x,y]:
2.5	  702.0
2.6	  557.0
2.7	  443.0
2.8	  352.0
2.9	  280.0
3.0	  223.0
3.1	  177.0
3.2	  141.0
3.3	  112.0
3.4	  89.0
3.5	  70.0
3.6	  56.0
3.7	  44.0
3.8	  35.0
3.9	  28.0
4.0	  22.0
4.1	  18.0
4.2	  14.0
4.3	  11.0
4.4	  9.0
4.5	  7.0
4.6	  5.0
4.7	  4.0
4.8	  3.0
4.9	  3.0
5.0	  2.0
5.1	  2.0
5.2	  1.0
5.3	  1.0
5.4	  1.0
5.5	  0.0
5.6	  0.0
5.7	  0.0
5.8	  0.0
5.9	  0.0
6.0	  0.0
6.1	  0.0
6.2	  0.0
6.3	  0.0
6.4	  0.0
6.5	  0.0
6.6	  0.0
6.7	  0.0
6.8	  0.0
6.9	  0.0
7.0	  0.0
7.1	  0.0
7.2	  0.0
7.3	  0.0
7.4	  0.0
7.5	  0.0
7.6	  0.0
7.7	  0.0
7.8	  0.0
7.9	  0.0
8.0	  0.0
8.1	  0.0
8.2	  0.0
8.3	  0.0
8.4	  0.0
8.5	  0.0
8.6	  0.0
8.7	  0.0
8.8	  0.0
8.9	  0.0
9.0	  0.0



DATASET #5

     Name: Mode
   Points: 66
     Info: 

Data[x,y]:
2.5	  697.0
2.6	  548.0
2.7	  440.0
2.8	  348.0
2.9	  277.0
3.0	  221.0
3.1	  174.0
3.2	  137.0
3.3	  109.0
3.4	  87.0
3.5	  68.0
3.6	  55.0
3.7	  44.0
3.8	  35.0
3.9	  27.0
4.0	  22.0
4.1	  16.0
4.2	  13.0
4.3	  10.0
4.4	  8.0
4.5	  6.0
4.6	  5.0
4.7	  4.0
4.8	  3.0
4.9	  2.0
5.0	  2.0
5.1	  1.0
5.2	  1.0
5.3	  0.0
5.4	  0.0
5.5	  0.0
5.6	  0.0
5.7	  0.0
5.8	  0.0
5.9	  0.0
6.0	  0.0
6.1	  0.0
6.2	  0.0
6.3	  0.0
6.4	  0.0
6.5	  0.0
6.6	  0.0
6.7	  0.0
6.8	  0.0
6.9	  0.0
7.0	  0.0
7.1	  0.0
7.2	  0.0
7.3	  0.0
7.4	  0.0
7.5	  0.0
7.6	  0.0
7.7	  0.0
7.8	  0.0
7.9	  0.0
8.0	  0.0
8.1	  0.0
8.2	  0.0
8.3	  0.0
8.4	  0.0
8.5	  0.0
8.6	  0.0
8.7	  0.0
8.8	  0.0
8.9	  0.0
9.0	  0.0



DATASET #6

     Name: 1 hr Prob
   Points: 66
     Info: 

Data[x,y]:
2.5	  1.0
2.6	  1.0
2.7	  1.0
2.8	  1.0
2.9	  1.0
3.0	  1.0
3.1	  1.0
3.2	  1.0
3.3	  1.0
3.4	  1.0
3.5	  1.0
3.6	  1.0
3.7	  1.0
3.8	  1.0
3.9	  1.0
4.0	  1.0
4.1	  1.0
4.2	  1.0
4.3	  0.99997
4.4	  0.99979
4.5	  0.99865
4.6	  0.9949
4.7	  0.98435
4.8	  0.96296
4.9	  0.92689
5.0	  0.87438
5.1	  0.80774
5.2	  0.72766
5.3	  0.64202
5.4	  0.5531
5.5	  0.46711
5.6	  0.38732
5.7	  0.31576
5.8	  0.25137
5.9	  0.19677
6.0	  0.15332
6.1	  0.11511
6.2	  0.07778
6.3	  0.05993
6.4	  0.04591
6.5	  0.03568
6.6	  0.0309
6.7	  0.02558
6.8	  0.02115
6.9	  0.01686
7.0	  0.01309
7.1	  0.01097
7.2	  0.00834
7.3	  0.00598
7.4	  0.00517
7.5	  0.00411
7.6	  0.00224
7.7	  8.1E-4
7.8	  5.3E-4
7.9	  3.4E-4
8.0	  1.2E-4
8.1	  1.0E-5
8.2	  0.0
8.3	  0.0
8.4	  0.0
8.5	  0.0
8.6	  0.0
8.7	  0.0
8.8	  0.0
8.9	  0.0
9.0	  0.0



DATASET #7

Name: 95% Conf
Num Points: 66
Info: 

X, Y Data:
2.5	1.0	[1.0	1.0]
2.6	1.0	[1.0	1.0]
2.7	1.0	[1.0	1.0]
2.8	1.0	[1.0	1.0]
2.9	1.0	[1.0	1.0]
3.0	1.0	[1.0	1.0]
3.1	1.0	[1.0	1.0]
3.2	1.0	[1.0	1.0]
3.3	1.0	[1.0	1.0]
3.4	1.0	[1.0	1.0]
3.5	1.0	[1.0	1.0]
3.6	1.0	[1.0	1.0]
3.7	1.0	[1.0	1.0]
3.8	1.0	[1.0	1.0]
3.9	1.0	[1.0	1.0]
4.0	1.0	[1.0	1.0]
4.1	1.0	[1.0	1.0]
4.2	1.0	[1.0	1.0]
4.3	0.99997	[0.9999044	0.99999225]
4.4	0.99979	[0.99967295	0.9998666]
4.5	0.99865	[0.99839705	0.9988638]
4.6	0.9949	[0.9944339	0.99532765]
4.7	0.98435	[0.98355675	0.98510575]
4.8	0.96296	[0.9617665	0.9641178]
4.9	0.92689	[0.92525506	0.92849207]
5.0	0.87438	[0.8723064	0.8764248]
5.1	0.80774	[0.8052807	0.81017566]
5.2	0.72766	[0.72488713	0.73041534]
5.3	0.64202	[0.6390382	0.64499086]
5.4	0.5531	[0.5500115	0.5561844]
5.5	0.46711	[0.464014	0.47020853]
5.6	0.38732	[0.38430008	0.39034858]
5.7	0.31576	[0.31288117	0.31865302]
5.8	0.25137	[0.24868588	0.25407326]
5.9	0.19677	[0.1943126	0.19925074]
6.0	0.15332	[0.15109521	0.15557148]
6.1	0.11511	[0.11314166	0.11710798]
6.2	0.07778	[0.076131225	0.079461314]
6.3	0.05993	[0.05847074	0.061423186]
6.4	0.04591	[0.044625226	0.047229797]
6.5	0.03568	[0.034543112	0.036852717]
6.6	0.0309	[0.02984042	0.03199579]
6.7	0.02558	[0.024614625	0.02658201]
6.8	0.02115	[0.020271521	0.022065474]
6.9	0.01686	[0.016075494	0.017681858]
7.0	0.01309	[0.012399129	0.013818545]
7.1	0.01097	[0.01033807	0.0116397925]
7.2	0.00834	[0.007790085	0.008928024]
7.3	0.00598	[0.0055159447	0.006482407]
7.4	0.00517	[0.004739321	0.0056391237]
7.5	0.00411	[0.0037273038	0.0045312745]
7.6	0.00224	[0.0019608124	0.0025580812]
7.7	8.1E-4	[6.473529E-4	0.0010120806]
7.8	5.3E-4	[4.0092098E-4	6.987858E-4]
7.9	3.4E-4	[2.3915971E-4	4.8088527E-4]
8.0	1.2E-4	[6.502256E-5	2.1610482E-4]
8.1	1.0E-5	[5.219861E-7	6.4949265E-5]
8.2	0.0	[0.0	4.7892154E-5]
8.3	0.0	[0.0	4.7892154E-5]
8.4	0.0	[0.0	0.0]
8.5	0.0	[0.0	0.0]
8.6	0.0	[0.0	0.0]
8.7	0.0	[0.0	0.0]
8.8	0.0	[0.0	0.0]
8.9	0.0	[0.0	0.0]
9.0	0.0	[0.0	0.0]



DATASET #8

     Name: Supra
   Points: 66
     Info: 

Data[x,y]:
2.5	  0.05748
2.6	  0.05748
2.7	  0.05748
2.8	  0.05748
2.9	  0.05748
3.0	  0.05748
3.1	  0.05748
3.2	  0.05748
3.3	  0.05748
3.4	  0.05748
3.5	  0.05748
3.6	  0.05748
3.7	  0.05748
3.8	  0.05748
3.9	  0.05748
4.0	  0.05748
4.1	  0.05748
4.2	  0.05748
4.3	  0.05748
4.4	  0.05748
4.5	  0.05748
4.6	  0.05748
4.7	  0.05748
4.8	  0.05748
4.9	  0.05748
5.0	  0.05748
5.1	  0.05748
5.2	  0.05748
5.3	  0.05748
5.4	  0.05748
5.5	  0.05748
5.6	  0.05748
5.7	  0.05748
5.8	  0.05748
5.9	  0.05746
6.0	  0.05744
6.1	  0.0509
6.2	  0.03915
6.3	  0.03328
6.4	  0.02907
6.5	  0.02561
6.6	  0.02381
6.7	  0.02097
6.8	  0.01814
6.9	  0.01493
7.0	  0.01194
7.1	  0.01028
7.2	  0.00803
7.3	  0.00589
7.4	  0.00514
7.5	  0.0041
7.6	  0.00223
7.7	  8.1E-4
7.8	  5.3E-4
7.9	  3.4E-4
8.0	  1.2E-4
8.1	  1.0E-5
8.2	  0.0
8.3	  0.0
8.4	  0.0
8.5	  0.0
8.6	  0.0
8.7	  0.0
8.8	  0.0
8.9	  0.0
9.0	  0.0



DATASET #9

     Name: Primary
   Points: 66
     Info: 

Data[x,y]:
2.5	  623.3314
2.6	  495.08646
2.7	  393.22598
2.8	  312.37192
2.9	  248.16063
3.0	  197.09203
3.1	  156.53525
3.2	  124.3099
3.3	  98.74005
3.4	  78.43379
3.5	  62.28768
3.6	  49.47301
3.7	  39.30187
3.8	  31.20789
3.9	  24.7905
4.0	  19.66656
4.1	  15.61182
4.2	  12.3934
4.3	  9.82891
4.4	  7.79803
4.5	  6.18145
4.6	  4.89499
4.7	  3.87531
4.8	  3.06389
4.9	  2.42515
5.0	  1.91804
5.1	  1.51585
5.2	  1.19352
5.3	  0.93881
5.4	  0.73287
5.5	  0.57011
5.6	  0.44249
5.7	  0.34085
5.8	  0.25885
5.9	  0.19562
6.0	  0.14819
6.1	  0.10881
6.2	  0.07155
6.3	  0.05494
6.4	  0.04167
6.5	  0.03205
6.6	  0.02763
6.7	  0.0229
6.8	  0.01892
6.9	  0.01509
7.0	  0.01164
7.1	  0.00975
7.2	  0.00733
7.3	  0.00519
7.4	  0.00454
7.5	  0.00362
7.6	  0.00198
7.7	  6.6E-4
7.8	  4.2E-4
7.9	  2.7E-4
8.0	  9.0E-5
8.1	  1.0E-5
8.2	  0.0
8.3	  0.0
8.4	  0.0
8.5	  0.0
8.6	  0.0
8.7	  0.0
8.8	  0.0
8.9	  0.0
9.0	  0.0


