
X-Axis: Magnitude
Y-Axis: 1 Month Cumulative Number
Number of Data Sets: 9


DATASET #1

     Name: Mean
   Points: 66
     Info: 

Data[x,y]:
2.5	  2207.2307
2.6	  1753.2039
2.7	  1392.5332
2.8	  1106.0813
2.9	  878.57263
3.0	  697.8036
3.1	  554.26715
3.2	  440.1815
3.3	  349.62
3.4	  277.6529
3.5	  220.48952
3.6	  175.111
3.7	  139.0691
3.8	  110.40453
3.9	  87.664246
4.0	  69.57872
4.1	  55.229706
4.2	  43.848392
4.3	  34.78892
4.4	  27.596125
4.5	  21.882557
4.6	  17.342905
4.7	  13.735751
4.8	  10.8566065
4.9	  8.590517
5.0	  6.779388
5.1	  5.3460875
5.2	  4.2071795
5.3	  3.3005607
5.4	  2.5808873
5.5	  2.0114944
5.6	  1.5572891
5.7	  1.196258
5.8	  0.91142124
5.9	  0.68656754
6.0	  0.52490246
6.1	  0.38215506
6.2	  0.25042662
6.3	  0.18956606
6.4	  0.142333
6.5	  0.11009264
6.6	  0.09119941
6.7	  0.07423208
6.8	  0.060141396
6.9	  0.04730619
7.0	  0.036616284
7.1	  0.030229157
7.2	  0.022464652
7.3	  0.015565578
7.4	  0.013749391
7.5	  0.010958069
7.6	  0.006094588
7.7	  0.00207216
7.8	  0.0013895661
7.9	  7.922964E-4
8.0	  3.047294E-4
8.1	  1.2189176E-5
8.2	  0.0
8.3	  0.0
8.4	  0.0
8.5	  0.0
8.6	  0.0
8.7	  0.0
8.8	  0.0
8.9	  0.0
9.0	  0.0



DATASET #2

     Name: 2.5%,97.5%
   Points: 66
     Info: 

Data[x,y]:
2.5	  1728.0
2.6	  1367.0
2.7	  1081.0
2.8	  854.0
2.9	  674.0
3.0	  531.0
3.1	  418.0
3.2	  329.0
3.3	  258.0
3.4	  202.0
3.5	  158.0
3.6	  123.0
3.7	  95.0
3.8	  74.0
3.9	  57.0
4.0	  43.0
4.1	  33.0
4.2	  25.0
4.3	  19.0
4.4	  14.0
4.5	  10.0
4.6	  7.0
4.7	  5.0
4.8	  4.0
4.9	  2.0
5.0	  1.0
5.1	  1.0
5.2	  0.0
5.3	  0.0
5.4	  0.0
5.5	  0.0
5.6	  0.0
5.7	  0.0
5.8	  0.0
5.9	  0.0
6.0	  0.0
6.1	  0.0
6.2	  0.0
6.3	  0.0
6.4	  0.0
6.5	  0.0
6.6	  0.0
6.7	  0.0
6.8	  0.0
6.9	  0.0
7.0	  0.0
7.1	  0.0
7.2	  0.0
7.3	  0.0
7.4	  0.0
7.5	  0.0
7.6	  0.0
7.7	  0.0
7.8	  0.0
7.9	  0.0
8.0	  0.0
8.1	  0.0
8.2	  0.0
8.3	  0.0
8.4	  0.0
8.5	  0.0
8.6	  0.0
8.7	  0.0
8.8	  0.0
8.9	  0.0
9.0	  0.0



DATASET #3

     Name: null
   Points: 66
     Info: 

Data[x,y]:
2.5	  4302.0
2.6	  3416.0
2.7	  2716.0
2.8	  2155.0
2.9	  1709.0
3.0	  1359.0
3.1	  1079.0
3.2	  857.0
3.3	  682.0
3.4	  542.0
3.5	  431.0
3.6	  343.0
3.7	  273.0
3.8	  218.0
3.9	  174.0
4.0	  138.0
4.1	  111.0
4.2	  89.0
4.3	  71.0
4.4	  57.0
4.5	  46.0
4.6	  37.0
4.7	  30.0
4.8	  25.0
4.9	  20.0
5.0	  17.0
5.1	  14.0
5.2	  11.0
5.3	  9.0
5.4	  8.0
5.5	  6.0
5.6	  5.0
5.7	  5.0
5.8	  4.0
5.9	  3.0
6.0	  3.0
6.1	  2.0
6.2	  2.0
6.3	  2.0
6.4	  1.0
6.5	  1.0
6.6	  1.0
6.7	  1.0
6.8	  1.0
6.9	  1.0
7.0	  1.0
7.1	  1.0
7.2	  0.0
7.3	  0.0
7.4	  0.0
7.5	  0.0
7.6	  0.0
7.7	  0.0
7.8	  0.0
7.9	  0.0
8.0	  0.0
8.1	  0.0
8.2	  0.0
8.3	  0.0
8.4	  0.0
8.5	  0.0
8.6	  0.0
8.7	  0.0
8.8	  0.0
8.9	  0.0
9.0	  0.0



DATASET #4

     Name: Median
   Points: 66
     Info: 

Data[x,y]:
2.5	  1988.0
2.6	  1580.0
2.7	  1256.0
2.8	  998.0
2.9	  793.0
3.0	  631.0
3.1	  502.0
3.2	  399.0
3.3	  317.0
3.4	  252.0
3.5	  201.0
3.6	  159.0
3.7	  127.0
3.8	  101.0
3.9	  80.0
4.0	  64.0
4.1	  50.0
4.2	  40.0
4.3	  32.0
4.4	  25.0
4.5	  20.0
4.6	  16.0
4.7	  12.0
4.8	  10.0
4.9	  8.0
5.0	  6.0
5.1	  5.0
5.2	  4.0
5.3	  3.0
5.4	  2.0
5.5	  2.0
5.6	  1.0
5.7	  1.0
5.8	  1.0
5.9	  0.0
6.0	  0.0
6.1	  0.0
6.2	  0.0
6.3	  0.0
6.4	  0.0
6.5	  0.0
6.6	  0.0
6.7	  0.0
6.8	  0.0
6.9	  0.0
7.0	  0.0
7.1	  0.0
7.2	  0.0
7.3	  0.0
7.4	  0.0
7.5	  0.0
7.6	  0.0
7.7	  0.0
7.8	  0.0
7.9	  0.0
8.0	  0.0
8.1	  0.0
8.2	  0.0
8.3	  0.0
8.4	  0.0
8.5	  0.0
8.6	  0.0
8.7	  0.0
8.8	  0.0
8.9	  0.0
9.0	  0.0



DATASET #5

     Name: Mode
   Points: 66
     Info: 

Data[x,y]:
2.5	  1929.0
2.6	  1542.0
2.7	  1180.0
2.8	  935.0
2.9	  776.0
3.0	  608.0
3.1	  480.0
3.2	  384.0
3.3	  309.0
3.4	  241.0
3.5	  193.0
3.6	  154.0
3.7	  121.0
3.8	  96.0
3.9	  78.0
4.0	  62.0
4.1	  48.0
4.2	  38.0
4.3	  31.0
4.4	  24.0
4.5	  18.0
4.6	  15.0
4.7	  12.0
4.8	  9.0
4.9	  7.0
5.0	  5.0
5.1	  4.0
5.2	  3.0
5.3	  2.0
5.4	  2.0
5.5	  1.0
5.6	  1.0
5.7	  0.0
5.8	  0.0
5.9	  0.0
6.0	  0.0
6.1	  0.0
6.2	  0.0
6.3	  0.0
6.4	  0.0
6.5	  0.0
6.6	  0.0
6.7	  0.0
6.8	  0.0
6.9	  0.0
7.0	  0.0
7.1	  0.0
7.2	  0.0
7.3	  0.0
7.4	  0.0
7.5	  0.0
7.6	  0.0
7.7	  0.0
7.8	  0.0
7.9	  0.0
8.0	  0.0
8.1	  0.0
8.2	  0.0
8.3	  0.0
8.4	  0.0
8.5	  0.0
8.6	  0.0
8.7	  0.0
8.8	  0.0
8.9	  0.0
9.0	  0.0



DATASET #6

     Name: 1 mo Prob
   Points: 66
     Info: 

Data[x,y]:
2.5	  1.0
2.6	  1.0
2.7	  1.0
2.8	  1.0
2.9	  1.0
3.0	  1.0
3.1	  1.0
3.2	  1.0
3.3	  1.0
3.4	  1.0
3.5	  1.0
3.6	  1.0
3.7	  1.0
3.8	  1.0
3.9	  1.0
4.0	  1.0
4.1	  1.0
4.2	  1.0
4.3	  1.0
4.4	  1.0
4.5	  1.0
4.6	  1.0
4.7	  0.99995124
4.8	  0.9997196
4.9	  0.99882984
5.0	  0.9948927
5.1	  0.98481226
5.2	  0.965078
5.3	  0.93127745
5.4	  0.88059485
5.5	  0.81274986
5.6	  0.73132616
5.7	  0.63978547
5.8	  0.5437957
5.9	  0.45071915
6.0	  0.36924672
6.1	  0.288079
6.2	  0.20312043
6.3	  0.15966602
6.4	  0.12261092
6.5	  0.09664798
6.6	  0.08286202
6.7	  0.068161875
6.8	  0.056435887
6.9	  0.045197465
7.0	  0.03549488
7.1	  0.029558752
7.2	  0.022098975
7.3	  0.015394929
7.4	  0.01360312
7.5	  0.010884934
7.6	  0.006094588
7.7	  0.00207216
7.8	  0.0013895661
7.9	  7.922964E-4
8.0	  3.047294E-4
8.1	  1.2189176E-5
8.2	  0.0
8.3	  0.0
8.4	  0.0
8.5	  0.0
8.6	  0.0
8.7	  0.0
8.8	  0.0
8.9	  0.0
9.0	  0.0



DATASET #7

Name: 95% Conf
Num Points: 66
Info: 

X, Y Data:
2.5	1.0	[1.0	1.0]
2.6	1.0	[1.0	1.0]
2.7	1.0	[1.0	1.0]
2.8	1.0	[1.0	1.0]
2.9	1.0	[1.0	1.0]
3.0	1.0	[1.0	1.0]
3.1	1.0	[1.0	1.0]
3.2	1.0	[1.0	1.0]
3.3	1.0	[1.0	1.0]
3.4	1.0	[1.0	1.0]
3.5	1.0	[1.0	1.0]
3.6	1.0	[1.0	1.0]
3.7	1.0	[1.0	1.0]
3.8	1.0	[1.0	1.0]
3.9	1.0	[1.0	1.0]
4.0	1.0	[1.0	1.0]
4.1	1.0	[1.0	1.0]
4.2	1.0	[1.0	1.0]
4.3	1.0	[1.0	1.0]
4.4	1.0	[1.0	1.0]
4.5	1.0	[1.0	1.0]
4.6	1.0	[1.0	1.0]
4.7	0.99995124	[0.9998659	0.9999844]
4.8	0.9997196	[0.99957204	0.999818]
4.9	0.99882984	[0.99856466	0.9990471]
5.0	0.9948927	[0.9943749	0.9953637]
5.1	0.98481226	[0.98394614	0.9856327]
5.2	0.965078	[0.96379364	0.9663186]
5.3	0.93127745	[0.92951983	0.9329945]
5.4	0.88059485	[0.8783519	0.882802]
5.5	0.81274986	[0.8100596	0.8154108]
5.6	0.73132616	[0.728276	0.7343546]
5.7	0.63978547	[0.63648784	0.64307]
5.8	0.5437957	[0.54037935	0.547208]
5.9	0.45071915	[0.44731066	0.4541323]
6.0	0.36924672	[0.36594442	0.37256128]
6.1	0.288079	[0.28498393	0.29119393]
6.2	0.20312043	[0.20037523	0.20589349]
6.3	0.15966602	[0.15716936	0.16219462]
6.4	0.12261092	[0.12037811	0.124879174]
6.5	0.09664798	[0.09463885	0.098694995]
6.6	0.08286202	[0.08098904	0.08477418]
6.7	0.068161875	[0.06645141	0.06991292]
6.8	0.056435887	[0.05487145	0.058042016]
6.9	0.045197465	[0.043791097	0.046646606]
7.0	0.03549488	[0.034244355	0.036789116]
7.1	0.029558752	[0.028415652	0.030746138]
7.2	0.022098975	[0.021109218	0.023133758]
7.3	0.015394929	[0.014568917	0.016266651]
7.4	0.01360312	[0.012827005	0.014425136]
7.5	0.010884934	[0.010191551	0.011624514]
7.6	0.006094588	[0.0055788113	0.0066571464]
7.7	0.00207216	[0.0017777964	0.0024140638]
7.8	0.0013895661	[0.0011514076	0.0016755299]
7.9	7.922964E-4	[6.163662E-4	0.0010164452]
8.0	3.047294E-4	[2.0150683E-4	4.5709056E-4]
8.1	1.2189176E-5	[6.362581E-7	7.91671E-5]
8.2	0.0	[0.0	5.8376092E-5]
8.3	0.0	[0.0	5.8376092E-5]
8.4	0.0	[0.0	0.0]
8.5	0.0	[0.0	0.0]
8.6	0.0	[0.0	0.0]
8.7	0.0	[0.0	0.0]
8.8	0.0	[0.0	0.0]
8.9	0.0	[0.0	0.0]
9.0	0.0	[0.0	0.0]



DATASET #8

     Name: Supra
   Points: 66
     Info: 

Data[x,y]:
2.5	  0.15324232
2.6	  0.15324232
2.7	  0.15324232
2.8	  0.15324232
2.9	  0.15324232
3.0	  0.15324232
3.1	  0.15324232
3.2	  0.15324232
3.3	  0.15324232
3.4	  0.15324232
3.5	  0.15324232
3.6	  0.15324232
3.7	  0.15324232
3.8	  0.15324232
3.9	  0.15324232
4.0	  0.15324232
4.1	  0.15324232
4.2	  0.15324232
4.3	  0.15324232
4.4	  0.15324232
4.5	  0.15324232
4.6	  0.15324232
4.7	  0.15324232
4.8	  0.15324232
4.9	  0.15324232
5.0	  0.15324232
5.1	  0.15324232
5.2	  0.15324232
5.3	  0.15324232
5.4	  0.15324232
5.5	  0.15324232
5.6	  0.15324232
5.7	  0.15324232
5.8	  0.15324232
5.9	  0.15319356
6.0	  0.15313262
6.1	  0.13315456
6.2	  0.10419308
6.3	  0.088749394
6.4	  0.07630424
6.5	  0.06694295
6.6	  0.061823502
6.7	  0.05399805
6.8	  0.046940517
6.9	  0.038980983
7.0	  0.03166748
7.1	  0.02734032
7.2	  0.020965382
7.3	  0.014919551
7.4	  0.013432472
7.5	  0.010823988
7.6	  0.0060580205
7.7	  0.0020599707
7.8	  0.0013773768
7.9	  7.922964E-4
8.0	  3.047294E-4
8.1	  1.2189176E-5
8.2	  0.0
8.3	  0.0
8.4	  0.0
8.5	  0.0
8.6	  0.0
8.7	  0.0
8.8	  0.0
8.9	  0.0
9.0	  0.0



DATASET #9

     Name: Primary
   Points: 66
     Info: 

Data[x,y]:
2.5	  1403.7999
2.6	  1115.0168
2.7	  885.6148
2.8	  703.426
2.9	  558.7692
3.0	  443.77933
3.1	  352.49182
3.2	  279.92905
3.3	  222.35092
3.4	  176.58842
3.5	  140.22954
3.6	  111.36246
3.7	  88.44194
3.8	  70.2222
3.9	  55.753582
4.0	  44.24933
4.1	  35.119297
4.2	  27.878548
4.3	  22.11409
4.4	  17.54131
4.5	  13.909678
4.6	  11.022355
4.7	  8.730412
4.8	  6.9040103
4.9	  5.459203
5.0	  4.3105073
5.1	  3.402523
5.2	  2.677962
5.3	  2.1041565
5.4	  1.644588
5.5	  1.2818991
5.6	  0.99328375
5.7	  0.7631399
5.8	  0.57963187
5.9	  0.43667722
6.0	  0.3315212
6.1	  0.243235
6.2	  0.15953194
6.3	  0.12241589
6.4	  0.09128474
6.5	  0.0708313
6.6	  0.06067772
6.7	  0.04958557
6.8	  0.040955633
6.9	  0.032788884
7.0	  0.025316918
7.1	  0.02085568
7.2	  0.015309605
7.3	  0.010482691
7.4	  0.00931253
7.5	  0.0074963435
7.6	  0.004278401
7.7	  0.0013408094
7.8	  8.7762065E-4
7.9	  4.7537786E-4
8.0	  1.9502682E-4
8.1	  1.2189176E-5
8.2	  0.0
8.3	  0.0
8.4	  0.0
8.5	  0.0
8.6	  0.0
8.7	  0.0
8.8	  0.0
8.9	  0.0
9.0	  0.0


