
X-Axis: Magnitude
Y-Axis: 1 Year Cumulative Number
Number of Data Sets: 9


DATASET #1

     Name: Mean
   Points: 66
     Info: 

Data[x,y]:
2.5	  2462.0374
2.6	  1955.6515
2.7	  1553.2798
2.8	  1233.6184
2.9	  979.74023
3.0	  778.2104
3.1	  618.00836
3.2	  490.8664
3.3	  389.9156
3.4	  309.65308
3.5	  245.88255
3.6	  195.27252
3.7	  155.1024
3.8	  123.132545
3.9	  97.77649
4.0	  77.60167
4.1	  61.606667
4.2	  48.899258
4.3	  38.794857
4.4	  30.782467
4.5	  24.409708
4.6	  19.342438
4.7	  15.321609
4.8	  12.103097
4.9	  9.576924
5.0	  7.559645
5.1	  5.9746423
5.2	  4.701141
5.3	  3.690346
5.4	  2.8854556
5.5	  2.2495925
5.6	  1.7418221
5.7	  1.3366057
5.8	  1.018982
5.9	  0.7687738
6.0	  0.5863793
6.1	  0.4240536
6.2	  0.27658033
6.3	  0.2078609
6.4	  0.15540662
6.5	  0.11961601
6.6	  0.099148706
6.7	  0.08067379
6.8	  0.06473465
6.9	  0.050751675
7.0	  0.039992753
7.1	  0.03336352
7.2	  0.025212824
7.3	  0.017243253
7.4	  0.015105959
7.5	  0.012063032
7.6	  0.0063394313
7.7	  0.0021010686
7.8	  0.0013403369
7.9	  6.520558E-4
8.0	  2.5357725E-4
8.1	  0.0
8.2	  0.0
8.3	  0.0
8.4	  0.0
8.5	  0.0
8.6	  0.0
8.7	  0.0
8.8	  0.0
8.9	  0.0
9.0	  0.0



DATASET #2

     Name: 2.5%,97.5%
   Points: 66
     Info: 

Data[x,y]:
2.5	  1903.0
2.6	  1507.0
2.7	  1192.0
2.8	  942.0
2.9	  743.0
3.0	  587.0
3.1	  462.0
3.2	  363.0
3.3	  285.0
3.4	  224.0
3.5	  175.0
3.6	  136.0
3.7	  106.0
3.8	  82.0
3.9	  63.0
4.0	  49.0
4.1	  37.0
4.2	  28.0
4.3	  21.0
4.4	  16.0
4.5	  12.0
4.6	  8.0
4.7	  6.0
4.8	  4.0
4.9	  3.0
5.0	  2.0
5.1	  1.0
5.2	  1.0
5.3	  0.0
5.4	  0.0
5.5	  0.0
5.6	  0.0
5.7	  0.0
5.8	  0.0
5.9	  0.0
6.0	  0.0
6.1	  0.0
6.2	  0.0
6.3	  0.0
6.4	  0.0
6.5	  0.0
6.6	  0.0
6.7	  0.0
6.8	  0.0
6.9	  0.0
7.0	  0.0
7.1	  0.0
7.2	  0.0
7.3	  0.0
7.4	  0.0
7.5	  0.0
7.6	  0.0
7.7	  0.0
7.8	  0.0
7.9	  0.0
8.0	  0.0
8.1	  0.0
8.2	  0.0
8.3	  0.0
8.4	  0.0
8.5	  0.0
8.6	  0.0
8.7	  0.0
8.8	  0.0
8.9	  0.0
9.0	  0.0



DATASET #3

     Name: null
   Points: 66
     Info: 

Data[x,y]:
2.5	  4947.0
2.6	  3925.0
2.7	  3120.0
2.8	  2475.0
2.9	  1971.0
3.0	  1568.0
3.1	  1250.0
3.2	  989.0
3.3	  786.0
3.4	  625.0
3.5	  497.0
3.6	  395.0
3.7	  314.0
3.8	  250.0
3.9	  201.0
4.0	  160.0
4.1	  128.0
4.2	  102.0
4.3	  82.0
4.4	  66.0
4.5	  52.0
4.6	  42.0
4.7	  34.0
4.8	  28.0
4.9	  23.0
5.0	  18.0
5.1	  15.0
5.2	  12.0
5.3	  10.0
5.4	  9.0
5.5	  7.0
5.6	  6.0
5.7	  5.0
5.8	  4.0
5.9	  3.0
6.0	  3.0
6.1	  2.0
6.2	  2.0
6.3	  2.0
6.4	  1.0
6.5	  1.0
6.6	  1.0
6.7	  1.0
6.8	  1.0
6.9	  1.0
7.0	  1.0
7.1	  1.0
7.2	  0.0
7.3	  0.0
7.4	  0.0
7.5	  0.0
7.6	  0.0
7.7	  0.0
7.8	  0.0
7.9	  0.0
8.0	  0.0
8.1	  0.0
8.2	  0.0
8.3	  0.0
8.4	  0.0
8.5	  0.0
8.6	  0.0
8.7	  0.0
8.8	  0.0
8.9	  0.0
9.0	  0.0



DATASET #4

     Name: Median
   Points: 66
     Info: 

Data[x,y]:
2.5	  2208.0
2.6	  1754.0
2.7	  1395.0
2.8	  1109.0
2.9	  881.0
3.0	  700.0
3.1	  557.0
3.2	  443.0
3.3	  352.0
3.4	  280.0
3.5	  222.0
3.6	  177.0
3.7	  141.0
3.8	  112.0
3.9	  89.0
4.0	  71.0
4.1	  56.0
4.2	  45.0
4.3	  35.0
4.4	  28.0
4.5	  22.0
4.6	  18.0
4.7	  14.0
4.8	  11.0
4.9	  9.0
5.0	  7.0
5.1	  5.0
5.2	  4.0
5.3	  3.0
5.4	  2.0
5.5	  2.0
5.6	  1.0
5.7	  1.0
5.8	  1.0
5.9	  0.0
6.0	  0.0
6.1	  0.0
6.2	  0.0
6.3	  0.0
6.4	  0.0
6.5	  0.0
6.6	  0.0
6.7	  0.0
6.8	  0.0
6.9	  0.0
7.0	  0.0
7.1	  0.0
7.2	  0.0
7.3	  0.0
7.4	  0.0
7.5	  0.0
7.6	  0.0
7.7	  0.0
7.8	  0.0
7.9	  0.0
8.0	  0.0
8.1	  0.0
8.2	  0.0
8.3	  0.0
8.4	  0.0
8.5	  0.0
8.6	  0.0
8.7	  0.0
8.8	  0.0
8.9	  0.0
9.0	  0.0



DATASET #5

     Name: Mode
   Points: 66
     Info: 

Data[x,y]:
2.5	  2063.0
2.6	  1688.0
2.7	  1340.0
2.8	  1039.0
2.9	  839.0
3.0	  652.0
3.1	  539.0
3.2	  422.0
3.3	  345.0
3.4	  264.0
3.5	  208.0
3.6	  167.0
3.7	  137.0
3.8	  108.0
3.9	  83.0
4.0	  65.0
4.1	  56.0
4.2	  41.0
4.3	  35.0
4.4	  27.0
4.5	  21.0
4.6	  16.0
4.7	  13.0
4.8	  10.0
4.9	  8.0
5.0	  6.0
5.1	  4.0
5.2	  3.0
5.3	  3.0
5.4	  2.0
5.5	  1.0
5.6	  1.0
5.7	  1.0
5.8	  0.0
5.9	  0.0
6.0	  0.0
6.1	  0.0
6.2	  0.0
6.3	  0.0
6.4	  0.0
6.5	  0.0
6.6	  0.0
6.7	  0.0
6.8	  0.0
6.9	  0.0
7.0	  0.0
7.1	  0.0
7.2	  0.0
7.3	  0.0
7.4	  0.0
7.5	  0.0
7.6	  0.0
7.7	  0.0
7.8	  0.0
7.9	  0.0
8.0	  0.0
8.1	  0.0
8.2	  0.0
8.3	  0.0
8.4	  0.0
8.5	  0.0
8.6	  0.0
8.7	  0.0
8.8	  0.0
8.9	  0.0
9.0	  0.0



DATASET #6

     Name: 1 yr Prob
   Points: 66
     Info: 

Data[x,y]:
2.5	  1.0
2.6	  1.0
2.7	  1.0
2.8	  1.0
2.9	  1.0
3.0	  1.0
3.1	  1.0
3.2	  1.0
3.3	  1.0
3.4	  1.0
3.5	  1.0
3.6	  1.0
3.7	  1.0
3.8	  1.0
3.9	  1.0
4.0	  1.0
4.1	  1.0
4.2	  1.0
4.3	  1.0
4.4	  1.0
4.5	  1.0
4.6	  1.0
4.7	  0.99996376
4.8	  0.9998551
4.9	  0.99923927
5.0	  0.99666727
5.1	  0.9906901
5.2	  0.9751132
5.3	  0.9469661
5.4	  0.90418404
5.5	  0.8441949
5.6	  0.7672523
5.7	  0.67817426
5.8	  0.58333635
5.9	  0.48831734
6.0	  0.40123165
6.1	  0.31305924
6.2	  0.22140917
6.3	  0.17330194
6.4	  0.13312806
6.5	  0.10407535
6.6	  0.08951277
6.7	  0.0733925
6.8	  0.060206484
6.9	  0.048360806
7.0	  0.038688645
7.1	  0.032494113
7.2	  0.024669444
7.3	  0.016917225
7.4	  0.014852382
7.5	  0.01191813
7.6	  0.006303206
7.7	  0.0021010686
7.8	  0.0013403369
7.9	  6.520558E-4
8.0	  2.5357725E-4
8.1	  0.0
8.2	  0.0
8.3	  0.0
8.4	  0.0
8.5	  0.0
8.6	  0.0
8.7	  0.0
8.8	  0.0
8.9	  0.0
9.0	  0.0



DATASET #7

Name: 95% Conf
Num Points: 66
Info: 

X, Y Data:
2.5	1.0	[1.0	1.0]
2.6	1.0	[1.0	1.0]
2.7	1.0	[1.0	1.0]
2.8	1.0	[1.0	1.0]
2.9	1.0	[1.0	1.0]
3.0	1.0	[1.0	1.0]
3.1	1.0	[1.0	1.0]
3.2	1.0	[1.0	1.0]
3.3	1.0	[1.0	1.0]
3.4	1.0	[1.0	1.0]
3.5	1.0	[1.0	1.0]
3.6	1.0	[1.0	1.0]
3.7	1.0	[1.0	1.0]
3.8	1.0	[1.0	1.0]
3.9	1.0	[1.0	1.0]
4.0	1.0	[1.0	1.0]
4.1	1.0	[1.0	1.0]
4.2	1.0	[1.0	1.0]
4.3	1.0	[1.0	1.0]
4.4	1.0	[1.0	1.0]
4.5	1.0	[1.0	1.0]
4.6	1.0	[1.0	1.0]
4.7	0.99996376	[0.99976474	0.9999981]
4.8	0.9998551	[0.99960154	0.99995357]
4.9	0.99923927	[0.99881536	0.99951667]
5.0	0.99666727	[0.99589485	0.99729776]
5.1	0.9906901	[0.9894677	0.9917737]
5.2	0.9751132	[0.9731896	0.9769033]
5.3	0.9469661	[0.94424117	0.9495658]
5.4	0.90418404	[0.9006369	0.90761805]
5.5	0.8441949	[0.83985037	0.8484432]
5.6	0.7672523	[0.762212	0.772218]
5.7	0.67817426	[0.6726204	0.6836783]
5.8	0.58333635	[0.57749116	0.5891583]
5.9	0.48831734	[0.4824045	0.49423343]
6.0	0.40123165	[0.3954456	0.4070453]
6.1	0.31305924	[0.30759692	0.3185737]
6.2	0.22140917	[0.2165322	0.22636394]
6.3	0.17330194	[0.16886438	0.17783077]
6.4	0.13312806	[0.12915367	0.137205]
6.5	0.10407535	[0.1005102	0.10775123]
6.6	0.08951277	[0.08618407	0.09295632]
6.7	0.0733925	[0.07035739	0.076547034]
6.8	0.060206484	[0.05744341	0.06309274]
6.9	0.048360806	[0.045874655	0.05097354]
7.0	0.038688645	[0.03645946	0.041047223]
7.1	0.032494113	[0.03044909	0.034670364]
7.2	0.024669444	[0.0228872	0.026585275]
7.3	0.016917225	[0.01544443	0.018526055]
7.4	0.014852382	[0.013474179	0.016367307]
7.5	0.01191813	[0.010687027	0.013286981]
7.6	0.006303206	[0.005419042	0.0073274174]
7.7	0.0021010686	[0.0016099957	0.0027353088]
7.8	0.0013403369	[9.5738785E-4	0.0018678064]
7.9	6.520558E-4	[3.984984E-4	0.0010527199]
8.0	2.5357725E-4	[1.11118665E-4	5.476912E-4]
8.1	0.0	[0.0	1.7347319E-4]
8.2	0.0	[0.0	1.7347319E-4]
8.3	0.0	[0.0	1.7347319E-4]
8.4	0.0	[0.0	0.0]
8.5	0.0	[0.0	0.0]
8.6	0.0	[0.0	0.0]
8.7	0.0	[0.0	0.0]
8.8	0.0	[0.0	0.0]
8.9	0.0	[0.0	0.0]
9.0	0.0	[0.0	0.0]



DATASET #8

     Name: Supra
   Points: 66
     Info: 

Data[x,y]:
2.5	  0.16888244
2.6	  0.16888244
2.7	  0.16888244
2.8	  0.16888244
2.9	  0.16888244
3.0	  0.16888244
3.1	  0.16888244
3.2	  0.16888244
3.3	  0.16888244
3.4	  0.16888244
3.5	  0.16888244
3.6	  0.16888244
3.7	  0.16888244
3.8	  0.16888244
3.9	  0.16888244
4.0	  0.16888244
4.1	  0.16888244
4.2	  0.16888244
4.3	  0.16888244
4.4	  0.16888244
4.5	  0.16888244
4.6	  0.16888244
4.7	  0.16888244
4.8	  0.16888244
4.9	  0.16888244
5.0	  0.16888244
5.1	  0.16888244
5.2	  0.16888244
5.3	  0.16888244
5.4	  0.16888244
5.5	  0.16888244
5.6	  0.16888244
5.7	  0.16888244
5.8	  0.16888244
5.9	  0.16884622
6.0	  0.16870132
6.1	  0.14667633
6.2	  0.11298678
6.3	  0.095381275
6.4	  0.08161565
6.5	  0.07125521
6.6	  0.06625611
6.7	  0.057344683
6.8	  0.049737368
6.9	  0.04136932
7.0	  0.034088027
7.1	  0.029596088
7.2	  0.023329107
7.3	  0.016410071
7.4	  0.014707481
7.5	  0.01184568
7.6	  0.0062307552
7.7	  0.0021010686
7.8	  0.0013403369
7.9	  6.520558E-4
8.0	  2.5357725E-4
8.1	  0.0
8.2	  0.0
8.3	  0.0
8.4	  0.0
8.5	  0.0
8.6	  0.0
8.7	  0.0
8.8	  0.0
8.9	  0.0
9.0	  0.0



DATASET #9

     Name: Primary
   Points: 66
     Info: 

Data[x,y]:
2.5	  1510.6613
2.6	  1199.9507
2.7	  953.0283
2.8	  756.9032
2.9	  601.2128
3.0	  477.57846
3.1	  379.26083
3.2	  301.22083
3.3	  239.29991
3.4	  190.03464
3.5	  150.88075
3.6	  119.84071
3.7	  95.18439
3.8	  75.5666
3.9	  59.999928
4.0	  47.633507
4.1	  37.793915
4.2	  29.99261
4.3	  23.787539
4.4	  18.86814
4.5	  14.963666
4.6	  11.856222
4.7	  9.38964
4.8	  7.4178953
4.9	  5.863938
5.0	  4.628654
5.1	  3.6606412
5.2	  2.883608
5.3	  2.2653143
5.4	  1.7707299
5.5	  1.3817062
5.6	  1.0725594
5.7	  0.82242346
5.8	  0.62637204
5.9	  0.4731027
6.0	  0.35826844
6.1	  0.26230755
6.2	  0.17178048
6.3	  0.13128057
6.4	  0.09795327
6.5	  0.07571092
6.6	  0.0645173
6.7	  0.052454267
6.8	  0.042854555
6.9	  0.034558956
7.0	  0.027205216
7.1	  0.022640826
7.2	  0.017134577
7.3	  0.011737004
7.4	  0.010287992
7.5	  0.008186922
7.6	  0.0043470385
7.7	  0.0014127876
7.8	  7.9695706E-4
7.9	  3.9847853E-4
8.0	  2.1735193E-4
8.1	  0.0
8.2	  0.0
8.3	  0.0
8.4	  0.0
8.5	  0.0
8.6	  0.0
8.7	  0.0
8.8	  0.0
8.9	  0.0
9.0	  0.0


