
X-Axis: Magnitude
Y-Axis: 1 Week Cumulative Number
Number of Data Sets: 9


DATASET #1

     Name: Mean
   Points: 66
     Info: 

Data[x,y]:
2.5	  2725.1423
2.6	  2164.5913
2.7	  1719.2345
2.8	  1365.5365
2.9	  1084.6431
3.0	  861.58093
3.1	  684.332
3.2	  543.5424
3.3	  431.65802
3.4	  342.8483
3.5	  272.26678
3.6	  216.22473
3.7	  171.71635
3.8	  136.35764
3.9	  108.25597
4.0	  85.93815
4.1	  68.195724
4.2	  54.145836
4.3	  42.957123
4.4	  34.070133
4.5	  27.015162
4.6	  21.394648
4.7	  16.943842
4.8	  13.399082
4.9	  10.583986
5.0	  8.350582
5.1	  6.5841208
5.2	  5.1779733
5.3	  4.062385
5.4	  3.177122
5.5	  2.4719596
5.6	  1.9152184
5.7	  1.4723405
5.8	  1.1218812
5.9	  0.84238523
6.0	  0.63861144
6.1	  0.46413213
6.2	  0.30032474
6.3	  0.22761478
6.4	  0.16967525
6.5	  0.13184771
6.6	  0.1125196
6.7	  0.093225084
6.8	  0.07667413
6.9	  0.060795072
7.0	  0.04681971
7.1	  0.038521837
7.2	  0.028779395
7.3	  0.019888017
7.4	  0.017536394
7.5	  0.013426652
7.6	  0.0071780514
7.7	  0.0024300113
7.8	  0.0015789474
7.9	  0.0010638298
8.0	  3.5834266E-4
8.1	  7.838746E-5
8.2	  0.0
8.3	  0.0
8.4	  0.0
8.5	  0.0
8.6	  0.0
8.7	  0.0
8.8	  0.0
8.9	  0.0
9.0	  0.0



DATASET #2

     Name: 2.5%,97.5%
   Points: 66
     Info: 

Data[x,y]:
2.5	  2521.0
2.6	  1994.0
2.7	  1576.0
2.8	  1245.0
2.9	  982.0
3.0	  774.0
3.1	  610.0
3.2	  480.0
3.3	  377.0
3.4	  296.0
3.5	  232.0
3.6	  181.0
3.7	  141.0
3.8	  109.0
3.9	  85.0
4.0	  66.0
4.1	  50.0
4.2	  38.0
4.3	  29.0
4.4	  22.0
4.5	  16.0
4.6	  12.0
4.7	  9.0
4.8	  6.0
4.9	  4.0
5.0	  3.0
5.1	  2.0
5.2	  1.0
5.3	  1.0
5.4	  0.0
5.5	  0.0
5.6	  0.0
5.7	  0.0
5.8	  0.0
5.9	  0.0
6.0	  0.0
6.1	  0.0
6.2	  0.0
6.3	  0.0
6.4	  0.0
6.5	  0.0
6.6	  0.0
6.7	  0.0
6.8	  0.0
6.9	  0.0
7.0	  0.0
7.1	  0.0
7.2	  0.0
7.3	  0.0
7.4	  0.0
7.5	  0.0
7.6	  0.0
7.7	  0.0
7.8	  0.0
7.9	  0.0
8.0	  0.0
8.1	  0.0
8.2	  0.0
8.3	  0.0
8.4	  0.0
8.5	  0.0
8.6	  0.0
8.7	  0.0
8.8	  0.0
8.9	  0.0
9.0	  0.0



DATASET #3

     Name: null
   Points: 66
     Info: 

Data[x,y]:
2.5	  3354.0
2.6	  2668.0
2.7	  2120.0
2.8	  1688.0
2.9	  1343.0
3.0	  1069.0
3.1	  853.0
3.2	  680.0
3.3	  541.0
3.4	  432.0
3.5	  345.0
3.6	  275.0
3.7	  220.0
3.8	  176.0
3.9	  142.0
4.0	  114.0
4.1	  92.0
4.2	  75.0
4.3	  60.0
4.4	  49.0
4.5	  40.0
4.6	  33.0
4.7	  27.0
4.8	  22.0
4.9	  18.0
5.0	  15.0
5.1	  13.0
5.2	  11.0
5.3	  9.0
5.4	  7.0
5.5	  6.0
5.6	  5.0
5.7	  4.0
5.8	  4.0
5.9	  3.0
6.0	  3.0
6.1	  2.0
6.2	  2.0
6.3	  1.0
6.4	  1.0
6.5	  1.0
6.6	  1.0
6.7	  1.0
6.8	  1.0
6.9	  1.0
7.0	  1.0
7.1	  1.0
7.2	  1.0
7.3	  0.0
7.4	  0.0
7.5	  0.0
7.6	  0.0
7.7	  0.0
7.8	  0.0
7.9	  0.0
8.0	  0.0
8.1	  0.0
8.2	  0.0
8.3	  0.0
8.4	  0.0
8.5	  0.0
8.6	  0.0
8.7	  0.0
8.8	  0.0
8.9	  0.0
9.0	  0.0



DATASET #4

     Name: Median
   Points: 66
     Info: 

Data[x,y]:
2.5	  2669.0
2.6	  2121.0
2.7	  1685.0
2.8	  1339.0
2.9	  1064.0
3.0	  846.0
3.1	  672.0
3.2	  534.0
3.3	  424.0
3.4	  337.0
3.5	  268.0
3.6	  213.0
3.7	  169.0
3.8	  134.0
3.9	  107.0
4.0	  85.0
4.1	  67.0
4.2	  53.0
4.3	  42.0
4.4	  34.0
4.5	  27.0
4.6	  21.0
4.7	  17.0
4.8	  13.0
4.9	  10.0
5.0	  8.0
5.1	  6.0
5.2	  5.0
5.3	  4.0
5.4	  3.0
5.5	  2.0
5.6	  2.0
5.7	  1.0
5.8	  1.0
5.9	  1.0
6.0	  0.0
6.1	  0.0
6.2	  0.0
6.3	  0.0
6.4	  0.0
6.5	  0.0
6.6	  0.0
6.7	  0.0
6.8	  0.0
6.9	  0.0
7.0	  0.0
7.1	  0.0
7.2	  0.0
7.3	  0.0
7.4	  0.0
7.5	  0.0
7.6	  0.0
7.7	  0.0
7.8	  0.0
7.9	  0.0
8.0	  0.0
8.1	  0.0
8.2	  0.0
8.3	  0.0
8.4	  0.0
8.5	  0.0
8.6	  0.0
8.7	  0.0
8.8	  0.0
8.9	  0.0
9.0	  0.0



DATASET #5

     Name: Mode
   Points: 66
     Info: 

Data[x,y]:
2.5	  2658.0
2.6	  2110.0
2.7	  1666.0
2.8	  1329.0
2.9	  1067.0
3.0	  830.0
3.1	  673.0
3.2	  530.0
3.3	  425.0
3.4	  335.0
3.5	  266.0
3.6	  211.0
3.7	  167.0
3.8	  130.0
3.9	  105.0
4.0	  83.0
4.1	  65.0
4.2	  52.0
4.3	  41.0
4.4	  32.0
4.5	  25.0
4.6	  20.0
4.7	  16.0
4.8	  13.0
4.9	  10.0
5.0	  8.0
5.1	  6.0
5.2	  4.0
5.3	  3.0
5.4	  3.0
5.5	  2.0
5.6	  1.0
5.7	  1.0
5.8	  1.0
5.9	  0.0
6.0	  0.0
6.1	  0.0
6.2	  0.0
6.3	  0.0
6.4	  0.0
6.5	  0.0
6.6	  0.0
6.7	  0.0
6.8	  0.0
6.9	  0.0
7.0	  0.0
7.1	  0.0
7.2	  0.0
7.3	  0.0
7.4	  0.0
7.5	  0.0
7.6	  0.0
7.7	  0.0
7.8	  0.0
7.9	  0.0
8.0	  0.0
8.1	  0.0
8.2	  0.0
8.3	  0.0
8.4	  0.0
8.5	  0.0
8.6	  0.0
8.7	  0.0
8.8	  0.0
8.9	  0.0
9.0	  0.0



DATASET #6

     Name: 1 wk Prob
   Points: 66
     Info: 

Data[x,y]:
2.5	  1.0
2.6	  1.0
2.7	  1.0
2.8	  1.0
2.9	  1.0
3.0	  1.0
3.1	  1.0
3.2	  1.0
3.3	  1.0
3.4	  1.0
3.5	  1.0
3.6	  1.0
3.7	  1.0
3.8	  1.0
3.9	  1.0
4.0	  1.0
4.1	  1.0
4.2	  1.0
4.3	  1.0
4.4	  1.0
4.5	  1.0
4.6	  1.0
4.7	  1.0
4.8	  1.0
4.9	  0.9999776
5.0	  0.99966407
5.1	  0.9980851
5.2	  0.992374
5.3	  0.9782755
5.4	  0.95165735
5.5	  0.9055991
5.6	  0.8404703
5.7	  0.7569653
5.8	  0.6613886
5.9	  0.5575028
6.0	  0.46334827
6.1	  0.3649944
6.2	  0.2555879
6.3	  0.20116462
6.4	  0.15451288
6.5	  0.12208287
6.6	  0.10602464
6.7	  0.08863382
6.8	  0.07380739
6.9	  0.059294514
7.0	  0.046103023
7.1	  0.038141098
7.2	  0.02862262
7.3	  0.019832026
7.4	  0.0175028
7.5	  0.013404256
7.6	  0.007155655
7.7	  0.0024300113
7.8	  0.0015789474
7.9	  0.0010638298
8.0	  3.5834266E-4
8.1	  7.838746E-5
8.2	  0.0
8.3	  0.0
8.4	  0.0
8.5	  0.0
8.6	  0.0
8.7	  0.0
8.8	  0.0
8.9	  0.0
9.0	  0.0



DATASET #7

Name: 95% Conf
Num Points: 66
Info: 

X, Y Data:
2.5	1.0	[1.0	1.0]
2.6	1.0	[1.0	1.0]
2.7	1.0	[1.0	1.0]
2.8	1.0	[1.0	1.0]
2.9	1.0	[1.0	1.0]
3.0	1.0	[1.0	1.0]
3.1	1.0	[1.0	1.0]
3.2	1.0	[1.0	1.0]
3.3	1.0	[1.0	1.0]
3.4	1.0	[1.0	1.0]
3.5	1.0	[1.0	1.0]
3.6	1.0	[1.0	1.0]
3.7	1.0	[1.0	1.0]
3.8	1.0	[1.0	1.0]
3.9	1.0	[1.0	1.0]
4.0	1.0	[1.0	1.0]
4.1	1.0	[1.0	1.0]
4.2	1.0	[1.0	1.0]
4.3	1.0	[1.0	1.0]
4.4	1.0	[1.0	1.0]
4.5	1.0	[1.0	1.0]
4.6	1.0	[1.0	1.0]
4.7	1.0	[1.0	1.0]
4.8	1.0	[1.0	1.0]
4.9	0.9999776	[0.9999097	0.9999961]
5.0	0.99966407	[0.99951386	0.9997693]
5.1	0.9980851	[0.99777013	0.9983564]
5.2	0.992374	[0.99177605	0.9929292]
5.3	0.9782755	[0.97729284	0.97921675]
5.4	0.95165735	[0.9502253	0.9530503]
5.5	0.9055991	[0.9036583	0.907505]
5.6	0.8404703	[0.8380484	0.8428629]
5.7	0.7569653	[0.75413543	0.75977296]
5.8	0.6613886	[0.65827215	0.66449106]
5.9	0.5575028	[0.5542371	0.56076354]
6.0	0.46334827	[0.46007368	0.466626]
6.1	0.3649944	[0.36183706	0.3681634]
6.2	0.2555879	[0.25273195	0.25846493]
6.3	0.20116462	[0.19854265	0.20381233]
6.4	0.15451288	[0.15215154	0.15690401]
6.5	0.12208287	[0.11994629	0.124252036]
6.6	0.10602464	[0.10401672	0.10806654]
6.7	0.08863382	[0.08678179	0.09052134]
6.8	0.07380739	[0.07210526	0.07554632]
6.9	0.059294514	[0.05775881	0.060868267]
7.0	0.046103023	[0.044741467	0.047503788]
7.1	0.038141098	[0.036899056	0.039423052]
7.2	0.02862262	[0.027543586	0.029742416]
7.3	0.019832026	[0.018932538	0.02077308]
7.4	0.0175028	[0.016657759	0.018389622]
7.5	0.013404256	[0.012665209	0.014185476]
7.6	0.007155655	[0.006618242	0.0077358987]
7.7	0.0024300113	[0.002122557	0.0027810142]
7.8	0.0015789474	[0.0013339554	0.0018677395]
7.9	0.0010638298	[8.6537015E-4	0.0013063335]
8.0	3.5834266E-4	[2.4921438E-4	5.1236775E-4]
8.1	7.838746E-5	[3.434878E-5	1.6932748E-4]
8.2	0.0	[0.0	5.363038E-5]
8.3	0.0	[0.0	5.363038E-5]
8.4	0.0	[0.0	0.0]
8.5	0.0	[0.0	0.0]
8.6	0.0	[0.0	0.0]
8.7	0.0	[0.0	0.0]
8.8	0.0	[0.0	0.0]
8.9	0.0	[0.0	0.0]
9.0	0.0	[0.0	0.0]



DATASET #8

     Name: Supra
   Points: 66
     Info: 

Data[x,y]:
2.5	  0.19434491
2.6	  0.19434491
2.7	  0.19434491
2.8	  0.19434491
2.9	  0.19434491
3.0	  0.19434491
3.1	  0.19434491
3.2	  0.19434491
3.3	  0.19434491
3.4	  0.19434491
3.5	  0.19434491
3.6	  0.19434491
3.7	  0.19434491
3.8	  0.19434491
3.9	  0.19434491
4.0	  0.19434491
4.1	  0.19434491
4.2	  0.19434491
4.3	  0.19434491
4.4	  0.19434491
4.5	  0.19434491
4.6	  0.19434491
4.7	  0.19434491
4.8	  0.19434491
4.9	  0.19434491
5.0	  0.19434491
5.1	  0.19434491
5.2	  0.19434491
5.3	  0.19434491
5.4	  0.19434491
5.5	  0.19434491
5.6	  0.1943337
5.7	  0.1943337
5.8	  0.19432251
5.9	  0.1943113
6.0	  0.19423293
6.1	  0.17120941
6.2	  0.13122061
6.3	  0.11272117
6.4	  0.0975028
6.5	  0.086461365
6.6	  0.0806159
6.7	  0.07051512
6.8	  0.06138858
6.9	  0.051276594
7.0	  0.04094065
7.1	  0.035095185
7.2	  0.026886899
7.3	  0.019025756
7.4	  0.017222844
7.5	  0.013303472
7.6	  0.007110862
7.7	  0.002418813
7.8	  0.0015789474
7.9	  0.0010638298
8.0	  3.5834266E-4
8.1	  7.838746E-5
8.2	  0.0
8.3	  0.0
8.4	  0.0
8.5	  0.0
8.6	  0.0
8.7	  0.0
8.8	  0.0
8.9	  0.0
9.0	  0.0



DATASET #9

     Name: Primary
   Points: 66
     Info: 

Data[x,y]:
2.5	  2397.2642
2.6	  1904.1359
2.7	  1512.3832
2.8	  1201.2745
2.9	  954.1418
3.0	  757.94226
3.1	  602.0208
3.2	  478.17575
3.3	  379.75034
3.4	  301.6224
3.5	  239.52794
3.6	  190.21617
3.7	  151.06029
3.8	  119.96122
3.9	  95.247536
4.0	  75.61258
4.1	  60.003014
4.2	  47.645687
4.3	  37.799767
4.4	  29.981344
4.5	  23.772856
4.6	  18.828947
4.7	  14.913303
4.8	  11.795006
4.9	  9.320672
5.0	  7.3536506
5.1	  5.7969766
5.2	  4.558466
5.3	  3.5769093
5.4	  2.7970214
5.5	  2.176327
5.6	  1.6861702
5.7	  1.2955655
5.8	  0.98786116
5.9	  0.7413102
6.0	  0.561243
6.1	  0.40973124
6.2	  0.2656327
6.3	  0.20207167
6.4	  0.15034714
6.5	  0.11693169
6.6	  0.10077268
6.7	  0.08389698
6.8	  0.06912654
6.9	  0.055016797
7.0	  0.04229563
7.1	  0.03487122
7.2	  0.025923852
7.3	  0.017961927
7.4	  0.015845465
7.5	  0.012082866
7.6	  0.006450168
7.7	  0.0020940648
7.8	  0.0013325867
7.9	  8.9585665E-4
8.0	  2.911534E-4
8.1	  4.4792832E-5
8.2	  0.0
8.3	  0.0
8.4	  0.0
8.5	  0.0
8.6	  0.0
8.7	  0.0
8.8	  0.0
8.9	  0.0
9.0	  0.0


