
X-Axis: Magnitude
Y-Axis: 1 Year Cumulative Number
Number of Data Sets: 9


DATASET #1

     Name: Mean
   Points: 66
     Info: 

Data[x,y]:
2.5	  1063.7987
2.6	  844.9503
2.7	  671.02716
2.8	  532.91113
2.9	  423.24902
3.0	  336.10254
3.1	  266.94266
3.2	  212.03882
3.3	  168.38225
3.4	  133.82634
3.5	  106.30737
3.6	  84.47465
3.7	  67.14373
3.8	  53.37849
3.9	  42.385002
4.0	  33.67297
4.1	  26.731314
4.2	  21.207838
4.3	  16.772255
4.4	  13.318768
4.5	  10.567297
4.6	  8.376487
4.7	  6.6611996
4.8	  5.270815
4.9	  4.1874294
5.0	  3.3212721
5.1	  2.6206336
5.2	  2.0614748
5.3	  1.6148741
5.4	  1.2645549
5.5	  0.9802179
5.6	  0.7614874
5.7	  0.58031803
5.8	  0.4423438
5.9	  0.33930138
6.0	  0.26493052
6.1	  0.19631901
6.2	  0.13484412
6.3	  0.0979091
6.4	  0.07374483
6.5	  0.055214725
6.6	  0.042443972
6.7	  0.032928508
6.8	  0.024790283
6.9	  0.018029297
7.0	  0.013647176
7.1	  0.010517091
7.2	  0.007387004
7.3	  0.0052585453
7.4	  0.004382121
7.5	  0.0031300865
7.6	  0.0016276449
7.7	  3.7561037E-4
7.8	  1.2520346E-4
7.9	  1.2520346E-4
8.0	  0.0
8.1	  0.0
8.2	  0.0
8.3	  0.0
8.4	  0.0
8.5	  0.0
8.6	  0.0
8.7	  0.0
8.8	  0.0
8.9	  0.0
9.0	  0.0



DATASET #2

     Name: 2.5%,97.5%
   Points: 66
     Info: 

Data[x,y]:
2.5	  704.0
2.6	  555.0
2.7	  438.0
2.8	  345.0
2.9	  271.0
3.0	  212.0
3.1	  165.0
3.2	  129.0
3.3	  100.0
3.4	  78.0
3.5	  60.0
3.6	  46.0
3.7	  36.0
3.8	  27.0
3.9	  20.0
4.0	  15.0
4.1	  11.0
4.2	  8.0
4.3	  6.0
4.4	  4.0
4.5	  3.0
4.6	  2.0
4.7	  1.0
4.8	  0.0
4.9	  0.0
5.0	  0.0
5.1	  0.0
5.2	  0.0
5.3	  0.0
5.4	  0.0
5.5	  0.0
5.6	  0.0
5.7	  0.0
5.8	  0.0
5.9	  0.0
6.0	  0.0
6.1	  0.0
6.2	  0.0
6.3	  0.0
6.4	  0.0
6.5	  0.0
6.6	  0.0
6.7	  0.0
6.8	  0.0
6.9	  0.0
7.0	  0.0
7.1	  0.0
7.2	  0.0
7.3	  0.0
7.4	  0.0
7.5	  0.0
7.6	  0.0
7.7	  0.0
7.8	  0.0
7.9	  0.0
8.0	  0.0
8.1	  0.0
8.2	  0.0
8.3	  0.0
8.4	  0.0
8.5	  0.0
8.6	  0.0
8.7	  0.0
8.8	  0.0
8.9	  0.0
9.0	  0.0



DATASET #3

     Name: null
   Points: 66
     Info: 

Data[x,y]:
2.5	  2587.0
2.6	  2054.0
2.7	  1616.0
2.8	  1283.0
2.9	  1018.0
3.0	  813.0
3.1	  645.0
3.2	  515.0
3.3	  406.0
3.4	  322.0
3.5	  256.0
3.6	  207.0
3.7	  165.0
3.8	  131.0
3.9	  106.0
4.0	  84.0
4.1	  68.0
4.2	  55.0
4.3	  43.0
4.4	  35.0
4.5	  29.0
4.6	  23.0
4.7	  19.0
4.8	  15.0
4.9	  13.0
5.0	  11.0
5.1	  9.0
5.2	  7.0
5.3	  6.0
5.4	  5.0
5.5	  4.0
5.6	  4.0
5.7	  3.0
5.8	  3.0
5.9	  2.0
6.0	  2.0
6.1	  2.0
6.2	  1.0
6.3	  1.0
6.4	  1.0
6.5	  1.0
6.6	  1.0
6.7	  1.0
6.8	  0.0
6.9	  0.0
7.0	  0.0
7.1	  0.0
7.2	  0.0
7.3	  0.0
7.4	  0.0
7.5	  0.0
7.6	  0.0
7.7	  0.0
7.8	  0.0
7.9	  0.0
8.0	  0.0
8.1	  0.0
8.2	  0.0
8.3	  0.0
8.4	  0.0
8.5	  0.0
8.6	  0.0
8.7	  0.0
8.8	  0.0
8.9	  0.0
9.0	  0.0



DATASET #4

     Name: Median
   Points: 66
     Info: 

Data[x,y]:
2.5	  885.0
2.6	  704.0
2.7	  560.0
2.8	  445.0
2.9	  354.0
3.0	  281.0
3.1	  224.0
3.2	  178.0
3.3	  142.0
3.4	  113.0
3.5	  90.0
3.6	  71.0
3.7	  57.0
3.8	  45.0
3.9	  36.0
4.0	  29.0
4.1	  23.0
4.2	  18.0
4.3	  14.0
4.4	  11.0
4.5	  9.0
4.6	  7.0
4.7	  5.0
4.8	  4.0
4.9	  3.0
5.0	  3.0
5.1	  2.0
5.2	  2.0
5.3	  1.0
5.4	  1.0
5.5	  1.0
5.6	  0.0
5.7	  0.0
5.8	  0.0
5.9	  0.0
6.0	  0.0
6.1	  0.0
6.2	  0.0
6.3	  0.0
6.4	  0.0
6.5	  0.0
6.6	  0.0
6.7	  0.0
6.8	  0.0
6.9	  0.0
7.0	  0.0
7.1	  0.0
7.2	  0.0
7.3	  0.0
7.4	  0.0
7.5	  0.0
7.6	  0.0
7.7	  0.0
7.8	  0.0
7.9	  0.0
8.0	  0.0
8.1	  0.0
8.2	  0.0
8.3	  0.0
8.4	  0.0
8.5	  0.0
8.6	  0.0
8.7	  0.0
8.8	  0.0
8.9	  0.0
9.0	  0.0



DATASET #5

     Name: Mode
   Points: 66
     Info: 

Data[x,y]:
2.5	  777.0
2.6	  607.0
2.7	  523.0
2.8	  412.0
2.9	  331.0
3.0	  256.0
3.1	  201.0
3.2	  161.0
3.3	  129.0
3.4	  99.0
3.5	  81.0
3.6	  62.0
3.7	  50.0
3.8	  42.0
3.9	  32.0
4.0	  27.0
4.1	  19.0
4.2	  15.0
4.3	  11.0
4.4	  9.0
4.5	  7.0
4.6	  6.0
4.7	  5.0
4.8	  4.0
4.9	  3.0
5.0	  2.0
5.1	  1.0
5.2	  1.0
5.3	  0.0
5.4	  0.0
5.5	  0.0
5.6	  0.0
5.7	  0.0
5.8	  0.0
5.9	  0.0
6.0	  0.0
6.1	  0.0
6.2	  0.0
6.3	  0.0
6.4	  0.0
6.5	  0.0
6.6	  0.0
6.7	  0.0
6.8	  0.0
6.9	  0.0
7.0	  0.0
7.1	  0.0
7.2	  0.0
7.3	  0.0
7.4	  0.0
7.5	  0.0
7.6	  0.0
7.7	  0.0
7.8	  0.0
7.9	  0.0
8.0	  0.0
8.1	  0.0
8.2	  0.0
8.3	  0.0
8.4	  0.0
8.5	  0.0
8.6	  0.0
8.7	  0.0
8.8	  0.0
8.9	  0.0
9.0	  0.0



DATASET #6

     Name: 1 yr Prob
   Points: 66
     Info: 

Data[x,y]:
2.5	  1.0
2.6	  1.0
2.7	  1.0
2.8	  1.0
2.9	  1.0
3.0	  1.0
3.1	  1.0
3.2	  1.0
3.3	  1.0
3.4	  1.0
3.5	  1.0
3.6	  1.0
3.7	  1.0
3.8	  1.0
3.9	  1.0
4.0	  1.0
4.1	  1.0
4.2	  1.0
4.3	  1.0
4.4	  1.0
4.5	  0.9996244
4.6	  0.9969951
4.7	  0.9879805
4.8	  0.97245526
4.9	  0.9487918
5.0	  0.90697384
5.1	  0.8457493
5.2	  0.7757606
5.3	  0.6923751
5.4	  0.6143734
5.5	  0.5297358
5.6	  0.4457243
5.7	  0.36822337
5.8	  0.3002379
5.9	  0.2423939
6.0	  0.19656943
6.1	  0.15312383
6.2	  0.10980343
6.3	  0.082884684
6.4	  0.06322774
6.5	  0.047702517
6.6	  0.038187053
6.7	  0.029923625
6.8	  0.022787029
6.9	  0.01702767
7.0	  0.013521973
7.1	  0.010517091
7.2	  0.007387004
7.3	  0.0052585453
7.4	  0.004382121
7.5	  0.0031300865
7.6	  0.0016276449
7.7	  3.7561037E-4
7.8	  1.2520346E-4
7.9	  1.2520346E-4
8.0	  0.0
8.1	  0.0
8.2	  0.0
8.3	  0.0
8.4	  0.0
8.5	  0.0
8.6	  0.0
8.7	  0.0
8.8	  0.0
8.9	  0.0
9.0	  0.0



DATASET #7

Name: 95% Conf
Num Points: 66
Info: 

X, Y Data:
2.5	1.0	[1.0	1.0]
2.6	1.0	[1.0	1.0]
2.7	1.0	[1.0	1.0]
2.8	1.0	[1.0	1.0]
2.9	1.0	[1.0	1.0]
3.0	1.0	[1.0	1.0]
3.1	1.0	[1.0	1.0]
3.2	1.0	[1.0	1.0]
3.3	1.0	[1.0	1.0]
3.4	1.0	[1.0	1.0]
3.5	1.0	[1.0	1.0]
3.6	1.0	[1.0	1.0]
3.7	1.0	[1.0	1.0]
3.8	1.0	[1.0	1.0]
3.9	1.0	[1.0	1.0]
4.0	1.0	[1.0	1.0]
4.1	1.0	[1.0	1.0]
4.2	1.0	[1.0	1.0]
4.3	1.0	[1.0	1.0]
4.4	1.0	[1.0	1.0]
4.5	0.9996244	[0.9988037	0.99990296]
4.6	0.9969951	[0.99545777	0.9980301]
4.7	0.9879805	[0.98527634	0.99020314]
4.8	0.97245526	[0.9685659	0.9758824]
4.9	0.9487918	[0.9436729	0.9534736]
5.0	0.90697384	[0.90034187	0.9132107]
5.1	0.8457493	[0.8375981	0.8535656]
5.2	0.7757606	[0.7664187	0.7848356]
5.3	0.6923751	[0.6821	0.7024641]
5.4	0.6143734	[0.603583	0.6250531]
5.5	0.5297358	[0.51871526	0.5407276]
5.6	0.4457243	[0.43478972	0.45671138]
5.7	0.36822337	[0.3576489	0.37892526]
5.8	0.3002379	[0.29022145	0.3104476]
5.9	0.2423939	[0.23305918	0.25197792]
6.0	0.19656943	[0.18793906	0.20549363]
6.1	0.15312383	[0.14533186	0.16125195]
6.2	0.10980343	[0.10307254	0.11691292]
6.3	0.082884684	[0.07697622	0.089198366]
6.4	0.06322774	[0.0580373	0.06884307]
6.5	0.047702517	[0.043182015	0.05266372]
6.6	0.038187053	[0.034141872	0.04268287]
6.7	0.029923625	[0.026348313	0.033958476]
6.8	0.022787029	[0.019678337	0.026363315]
6.9	0.01702767	[0.014356245	0.020173682]
7.0	0.013521973	[0.011155912	0.016367292]
7.1	0.010517091	[0.0084473295	0.013070583]
7.2	0.007387004	[0.005676709	0.009586608]
7.3	0.0052585453	[0.003839594	0.007171753]
7.4	0.004382121	[0.0031002765	0.0061608185]
7.5	0.0031300865	[0.002070568	0.0046913023]
7.6	0.0016276449	[9.054237E-4	0.0028617983]
7.7	3.7561037E-4	[9.7009906E-5	0.0011963123]
7.8	1.2520346E-4	[6.5354784E-6	8.1280724E-4]
7.9	1.2520346E-4	[6.5354784E-6	8.1280724E-4]
8.0	0.0	[0.0	5.993582E-4]
8.1	0.0	[0.0	5.993582E-4]
8.2	0.0	[0.0	5.993582E-4]
8.3	0.0	[0.0	5.993582E-4]
8.4	0.0	[0.0	0.0]
8.5	0.0	[0.0	0.0]
8.6	0.0	[0.0	0.0]
8.7	0.0	[0.0	0.0]
8.8	0.0	[0.0	0.0]
8.9	0.0	[0.0	0.0]
9.0	0.0	[0.0	0.0]



DATASET #8

     Name: Supra
   Points: 66
     Info: 

Data[x,y]:
2.5	  0.06084888
2.6	  0.06084888
2.7	  0.06084888
2.8	  0.06084888
2.9	  0.06084888
3.0	  0.06084888
3.1	  0.06084888
3.2	  0.06084888
3.3	  0.06084888
3.4	  0.06084888
3.5	  0.06084888
3.6	  0.06084888
3.7	  0.06084888
3.8	  0.06084888
3.9	  0.06084888
4.0	  0.06084888
4.1	  0.06084888
4.2	  0.06084888
4.3	  0.06084888
4.4	  0.06084888
4.5	  0.06084888
4.6	  0.06084888
4.7	  0.06084888
4.8	  0.06084888
4.9	  0.06084888
5.0	  0.06084888
5.1	  0.06084888
5.2	  0.06084888
5.3	  0.06084888
5.4	  0.06084888
5.5	  0.06084888
5.6	  0.06084888
5.7	  0.06084888
5.8	  0.06084888
5.9	  0.06084888
6.0	  0.06084888
6.1	  0.049580567
6.2	  0.039188683
6.3	  0.03117566
6.4	  0.02679354
6.5	  0.023037435
6.6	  0.02065857
6.7	  0.01740328
6.8	  0.014648804
6.9	  0.011643921
7.0	  0.00976587
7.1	  0.008263428
7.2	  0.006134969
7.3	  0.004382121
7.4	  0.004131714
7.5	  0.003004883
7.6	  0.0016276449
7.7	  3.7561037E-4
7.8	  1.2520346E-4
7.9	  1.2520346E-4
8.0	  0.0
8.1	  0.0
8.2	  0.0
8.3	  0.0
8.4	  0.0
8.5	  0.0
8.6	  0.0
8.7	  0.0
8.8	  0.0
8.9	  0.0
9.0	  0.0



DATASET #9

     Name: Primary
   Points: 66
     Info: 

Data[x,y]:
2.5	  557.17175
2.6	  442.61914
2.7	  351.62314
2.8	  279.155
2.9	  221.68623
3.0	  176.06047
3.1	  139.89008
3.2	  111.08852
3.3	  88.2002
3.4	  70.046074
3.5	  55.64843
3.6	  44.18192
3.7	  35.118816
3.8	  27.933392
3.9	  22.1535
4.0	  17.587204
4.1	  13.956054
4.2	  11.062978
4.3	  8.742081
4.4	  6.936021
4.5	  5.501565
4.6	  4.364092
4.7	  3.4702642
4.8	  2.7556028
4.9	  2.1985726
5.0	  1.7363216
5.1	  1.3672217
5.2	  1.0738701
5.3	  0.84324527
5.4	  0.6585702
5.5	  0.5100789
5.6	  0.3977714
5.7	  0.30499563
5.8	  0.2353825
5.9	  0.18004256
6.0	  0.13910104
6.1	  0.10579692
6.2	  0.07236759
6.3	  0.052084636
6.4	  0.038938276
6.5	  0.027669964
6.6	  0.021534994
6.7	  0.01702767
6.8	  0.013146363
6.9	  0.010266683
7.0	  0.008013021
7.1	  0.006260173
7.2	  0.004382121
7.3	  0.0032552897
7.4	  0.0025040691
7.5	  0.0017528484
7.6	  8.764242E-4
7.7	  2.504069E-4
7.8	  0.0
7.9	  0.0
8.0	  0.0
8.1	  0.0
8.2	  0.0
8.3	  0.0
8.4	  0.0
8.5	  0.0
8.6	  0.0
8.7	  0.0
8.8	  0.0
8.9	  0.0
9.0	  0.0


