
X-Axis: Magnitude
Y-Axis: 1 Month Cumulative Number
Number of Data Sets: 8


DATASET #1

     Name: Mean
   Points: 66
     Info: 

Data[x,y]:
2.5	  1372.9658
2.6	  1090.5527
2.7	  866.31866
2.8	  688.06946
2.9	  546.4834
3.0	  434.03622
3.1	  344.73547
3.2	  273.7677
3.3	  217.45708
3.4	  172.68503
3.5	  137.15732
3.6	  108.91223
3.7	  86.51552
3.8	  68.67738
3.9	  54.530205
4.0	  43.267384
4.1	  34.344784
4.2	  27.25353
4.3	  21.602432
4.4	  17.126999
4.5	  13.57414
4.6	  10.749558
4.7	  8.513067
4.8	  6.73757
4.9	  5.332671
5.0	  4.205869
5.1	  3.3223743
5.2	  2.6132932
5.3	  2.051265
5.4	  1.6051534
5.5	  1.2573061
5.6	  0.97151124
5.7	  0.7461018
5.8	  0.5650682
5.9	  0.42367855
6.0	  0.32183486
6.1	  0.23068058
6.2	  0.15654114
6.3	  0.1149848
6.4	  0.0858831
6.5	  0.06519074
6.6	  0.052270275
6.7	  0.040624693
6.8	  0.031406295
6.9	  0.022947926
7.0	  0.016573502
7.1	  0.013312739
7.2	  0.009463567
7.3	  0.006742179
7.4	  0.0056634303
7.5	  0.0043149944
7.6	  0.0024271845
7.7	  7.3551043E-4
7.8	  4.4130627E-4
7.9	  2.4517014E-4
8.0	  2.4517014E-5
8.1	  0.0
8.2	  0.0
8.3	  0.0
8.4	  0.0
8.5	  0.0
8.6	  0.0
8.7	  0.0
8.8	  0.0
8.9	  0.0
9.0	  0.0



DATASET #2

     Name: 2.5%,97.5%
   Points: 66
     Info: 

Data[x,y]:
2.5	  1026.0
2.6	  811.0
2.7	  640.0
2.8	  505.0
2.9	  397.0
3.0	  311.0
3.1	  245.0
3.2	  191.0
3.3	  150.0
3.4	  117.0
3.5	  90.0
3.6	  70.0
3.7	  54.0
3.8	  41.0
3.9	  31.0
4.0	  24.0
4.1	  18.0
4.2	  13.0
4.3	  10.0
4.4	  7.0
4.5	  5.0
4.6	  3.0
4.7	  2.0
4.8	  1.0
4.9	  1.0
5.0	  0.0
5.1	  0.0
5.2	  0.0
5.3	  0.0
5.4	  0.0
5.5	  0.0
5.6	  0.0
5.7	  0.0
5.8	  0.0
5.9	  0.0
6.0	  0.0
6.1	  0.0
6.2	  0.0
6.3	  0.0
6.4	  0.0
6.5	  0.0
6.6	  0.0
6.7	  0.0
6.8	  0.0
6.9	  0.0
7.0	  0.0
7.1	  0.0
7.2	  0.0
7.3	  0.0
7.4	  0.0
7.5	  0.0
7.6	  0.0
7.7	  0.0
7.8	  0.0
7.9	  0.0
8.0	  0.0
8.1	  0.0
8.2	  0.0
8.3	  0.0
8.4	  0.0
8.5	  0.0
8.6	  0.0
8.7	  0.0
8.8	  0.0
8.9	  0.0
9.0	  0.0



DATASET #3

     Name: null
   Points: 66
     Info: 

Data[x,y]:
2.5	  2671.0
2.6	  2115.0
2.7	  1680.0
2.8	  1337.0
2.9	  1061.0
3.0	  845.0
3.1	  670.0
3.2	  533.0
3.3	  424.0
3.4	  336.0
3.5	  269.0
3.6	  214.0
3.7	  170.0
3.8	  136.0
3.9	  109.0
4.0	  88.0
4.1	  70.0
4.2	  56.0
4.3	  45.0
4.4	  36.0
4.5	  30.0
4.6	  24.0
4.7	  20.0
4.8	  17.0
4.9	  14.0
5.0	  11.0
5.1	  10.0
5.2	  8.0
5.3	  7.0
5.4	  6.0
5.5	  5.0
5.6	  4.0
5.7	  3.0
5.8	  3.0
5.9	  2.0
6.0	  2.0
6.1	  2.0
6.2	  1.0
6.3	  1.0
6.4	  1.0
6.5	  1.0
6.6	  1.0
6.7	  1.0
6.8	  1.0
6.9	  0.0
7.0	  0.0
7.1	  0.0
7.2	  0.0
7.3	  0.0
7.4	  0.0
7.5	  0.0
7.6	  0.0
7.7	  0.0
7.8	  0.0
7.9	  0.0
8.0	  0.0
8.1	  0.0
8.2	  0.0
8.3	  0.0
8.4	  0.0
8.5	  0.0
8.6	  0.0
8.7	  0.0
8.8	  0.0
8.9	  0.0
9.0	  0.0



DATASET #4

     Name: Median
   Points: 66
     Info: 

Data[x,y]:
2.5	  1222.0
2.6	  971.0
2.7	  772.0
2.8	  613.0
2.9	  487.0
3.0	  388.0
3.1	  308.0
3.2	  245.0
3.3	  195.0
3.4	  155.0
3.5	  123.0
3.6	  98.0
3.7	  78.0
3.8	  62.0
3.9	  49.0
4.0	  39.0
4.1	  31.0
4.2	  25.0
4.3	  19.0
4.4	  15.0
4.5	  12.0
4.6	  10.0
4.7	  8.0
4.8	  6.0
4.9	  5.0
5.0	  4.0
5.1	  3.0
5.2	  2.0
5.3	  2.0
5.4	  1.0
5.5	  1.0
5.6	  1.0
5.7	  0.0
5.8	  0.0
5.9	  0.0
6.0	  0.0
6.1	  0.0
6.2	  0.0
6.3	  0.0
6.4	  0.0
6.5	  0.0
6.6	  0.0
6.7	  0.0
6.8	  0.0
6.9	  0.0
7.0	  0.0
7.1	  0.0
7.2	  0.0
7.3	  0.0
7.4	  0.0
7.5	  0.0
7.6	  0.0
7.7	  0.0
7.8	  0.0
7.9	  0.0
8.0	  0.0
8.1	  0.0
8.2	  0.0
8.3	  0.0
8.4	  0.0
8.5	  0.0
8.6	  0.0
8.7	  0.0
8.8	  0.0
8.9	  0.0
9.0	  0.0



DATASET #5

     Name: Mode
   Points: 66
     Info: 

Data[x,y]:
2.5	  1137.0
2.6	  904.0
2.7	  724.0
2.8	  583.0
2.9	  450.0
3.0	  364.0
3.1	  295.0
3.2	  236.0
3.3	  181.0
3.4	  147.0
3.5	  118.0
3.6	  91.0
3.7	  73.0
3.8	  59.0
3.9	  47.0
4.0	  37.0
4.1	  30.0
4.2	  22.0
4.3	  18.0
4.4	  14.0
4.5	  11.0
4.6	  8.0
4.7	  7.0
4.8	  5.0
4.9	  4.0
5.0	  3.0
5.1	  2.0
5.2	  1.0
5.3	  1.0
5.4	  1.0
5.5	  0.0
5.6	  0.0
5.7	  0.0
5.8	  0.0
5.9	  0.0
6.0	  0.0
6.1	  0.0
6.2	  0.0
6.3	  0.0
6.4	  0.0
6.5	  0.0
6.6	  0.0
6.7	  0.0
6.8	  0.0
6.9	  0.0
7.0	  0.0
7.1	  0.0
7.2	  0.0
7.3	  0.0
7.4	  0.0
7.5	  0.0
7.6	  0.0
7.7	  0.0
7.8	  0.0
7.9	  0.0
8.0	  0.0
8.1	  0.0
8.2	  0.0
8.3	  0.0
8.4	  0.0
8.5	  0.0
8.6	  0.0
8.7	  0.0
8.8	  0.0
8.9	  0.0
9.0	  0.0



DATASET #6

     Name: 1 mo Prob
   Points: 66
     Info: 

Data[x,y]:
2.5	  1.0
2.6	  1.0
2.7	  1.0
2.8	  1.0
2.9	  1.0
3.0	  1.0
3.1	  1.0
3.2	  1.0
3.3	  1.0
3.4	  1.0
3.5	  1.0
3.6	  1.0
3.7	  1.0
3.8	  1.0
3.9	  1.0
4.0	  1.0
4.1	  1.0
4.2	  1.0
4.3	  1.0
4.4	  1.0
4.5	  0.99995095
4.6	  0.99975485
4.7	  0.9982838
4.8	  0.99428755
4.9	  0.9840885
5.0	  0.9621212
5.1	  0.9271109
5.2	  0.8748406
5.3	  0.8071001
5.4	  0.7287683
5.5	  0.6450917
5.6	  0.5559233
5.7	  0.46621555
5.8	  0.38332352
5.9	  0.306953
6.0	  0.24433658
6.1	  0.18537314
6.2	  0.13217123
6.3	  0.09929391
6.4	  0.07543886
6.5	  0.058178876
6.6	  0.047587525
6.7	  0.037388448
6.8	  0.0293959
6.9	  0.02184466
7.0	  0.01600961
7.1	  0.012994017
7.2	  0.009218398
7.3	  0.006546043
7.4	  0.0055163284
7.5	  0.0042414437
7.6	  0.0024271845
7.7	  7.3551043E-4
7.8	  4.4130627E-4
7.9	  2.4517014E-4
8.0	  2.4517014E-5
8.1	  0.0
8.2	  0.0
8.3	  0.0
8.4	  0.0
8.5	  0.0
8.6	  0.0
8.7	  0.0
8.8	  0.0
8.9	  0.0
9.0	  0.0



DATASET #7

Name: 95% Conf
Num Points: 66
Info: 

X, Y Data:
2.5	1.0	[1.0	1.0]
2.6	1.0	[1.0	1.0]
2.7	1.0	[1.0	1.0]
2.8	1.0	[1.0	1.0]
2.9	1.0	[1.0	1.0]
3.0	1.0	[1.0	1.0]
3.1	1.0	[1.0	1.0]
3.2	1.0	[1.0	1.0]
3.3	1.0	[1.0	1.0]
3.4	1.0	[1.0	1.0]
3.5	1.0	[1.0	1.0]
3.6	1.0	[1.0	1.0]
3.7	1.0	[1.0	1.0]
3.8	1.0	[1.0	1.0]
3.9	1.0	[1.0	1.0]
4.0	1.0	[1.0	1.0]
4.1	1.0	[1.0	1.0]
4.2	1.0	[1.0	1.0]
4.3	1.0	[1.0	1.0]
4.4	1.0	[1.0	1.0]
4.5	0.99995095	[0.99980223	0.99999154]
4.6	0.99975485	[0.9995329	0.9998754]
4.7	0.9982838	[0.99781877	0.9986521]
4.8	0.99428755	[0.9934951	0.99498534]
4.9	0.9840885	[0.98281497	0.98526984]
5.0	0.9621212	[0.96021205	0.96394277]
5.1	0.9271109	[0.9245352	0.9296058]
5.2	0.8748406	[0.87158155	0.87802887]
5.3	0.8071001	[0.80322963	0.8109126]
5.4	0.7287683	[0.72441983	0.73307353]
5.5	0.6450917	[0.6404223	0.6497337]
5.6	0.5559233	[0.551084	0.56075203]
5.7	0.46621555	[0.46136537	0.4710721]
5.8	0.38332352	[0.37860402	0.38806507]
5.9	0.306953	[0.302483	0.3114595]
6.0	0.24433658	[0.24017847	0.24854296]
6.1	0.18537314	[0.18161936	0.18918638]
6.2	0.13217123	[0.12890689	0.1355051]
6.3	0.09929391	[0.09641714	0.10224648]
6.4	0.07543886	[0.07290354	0.07805452]
6.5	0.058178876	[0.05593645	0.06050497]
6.6	0.047587525	[0.045551695	0.049709074]
6.7	0.037388448	[0.03557849	0.039286118]
6.8	0.0293959	[0.027788488	0.031092616]
6.9	0.02184466	[0.020458553	0.023321606]
7.0	0.01600961	[0.014824517	0.017286781]
7.1	0.012994017	[0.011928171	0.014152615]
7.2	0.009218398	[0.008324379	0.010206076]
7.3	0.006546043	[0.0057970183	0.0073894635]
7.4	0.0055163284	[0.0048311497	0.0062962286]
7.5	0.0042414437	[0.0036443828	0.004933691]
7.6	0.0024271845	[0.0019831697	0.002967312]
7.7	7.3551043E-4	[5.051786E-4	0.0010641925]
7.8	4.4130627E-4	[2.6969268E-4	7.125265E-4]
7.9	2.4517014E-4	[1.2459188E-4	4.6713377E-4]
8.0	2.4517014E-5	[1.2797549E-6	1.5922682E-4]
8.1	0.0	[0.0	1.17410644E-4]
8.2	0.0	[0.0	1.17410644E-4]
8.3	0.0	[0.0	1.17410644E-4]
8.4	0.0	[0.0	0.0]
8.5	0.0	[0.0	0.0]
8.6	0.0	[0.0	0.0]
8.7	0.0	[0.0	0.0]
8.8	0.0	[0.0	0.0]
8.9	0.0	[0.0	0.0]
9.0	0.0	[0.0	0.0]



DATASET #8

     Name: Primary
   Points: 66
     Info: 

Data[x,y]:
2.5	  835.4096
2.6	  663.5157
2.7	  527.054
2.8	  418.62445
2.9	  332.49564
3.0	  264.06976
3.1	  209.69711
3.2	  166.53151
3.3	  132.27335
3.4	  105.03663
3.5	  83.423485
3.6	  66.255005
3.7	  52.63884
3.8	  41.78891
3.9	  33.18128
4.0	  26.323477
4.1	  20.897028
4.2	  16.569065
4.3	  13.135776
4.4	  10.413602
4.5	  8.2589
4.6	  6.535942
4.7	  5.1776013
4.8	  4.099588
4.9	  3.2394087
5.0	  2.556242
5.1	  2.0189762
5.2	  1.5876728
5.3	  1.2457095
5.4	  0.9756301
5.5	  0.7640237
5.6	  0.59059036
5.7	  0.45152986
5.8	  0.34036973
5.9	  0.25402078
6.0	  0.19140433
6.1	  0.13849662
6.2	  0.09419437
6.3	  0.070363835
6.4	  0.05190252
6.5	  0.039227225
6.6	  0.031921152
6.7	  0.024860254
6.8	  0.019245857
6.9	  0.01436697
7.0	  0.01027263
7.1	  0.008188683
7.2	  0.00541826
7.3	  0.0038001372
7.4	  0.00328528
7.5	  0.0024762184
7.6	  0.0013484358
7.7	  3.9227222E-4
7.8	  2.6968715E-4
7.9	  1.716191E-4
8.0	  2.4517014E-5
8.1	  0.0
8.2	  0.0
8.3	  0.0
8.4	  0.0
8.5	  0.0
8.6	  0.0
8.7	  0.0
8.8	  0.0
8.9	  0.0
9.0	  0.0


