
X-Axis: Magnitude
Y-Axis: 1 Year Cumulative Number
Number of Data Sets: 8


DATASET #1

     Name: Mean
   Points: 66
     Info: 

Data[x,y]:
2.5	  2467.1501
2.6	  1959.7604
2.7	  1556.7625
2.8	  1236.5537
2.9	  982.1332
3.0	  780.0145
3.1	  619.59784
3.2	  492.09686
3.3	  390.8662
3.4	  310.4048
3.5	  246.52832
3.6	  195.7346
3.7	  155.43204
3.8	  123.41139
3.9	  97.98208
4.0	  77.73779
4.1	  61.709843
4.2	  48.96151
4.3	  38.8312
4.4	  30.792366
4.5	  24.397371
4.6	  19.329632
4.7	  15.309503
4.8	  12.102579
4.9	  9.573673
5.0	  7.551363
5.1	  5.960969
5.2	  4.6872363
5.3	  3.6848338
5.4	  2.881828
5.5	  2.2527213
5.6	  1.7439688
5.7	  1.3410562
5.8	  1.01802
5.9	  0.76458764
6.0	  0.58235264
6.1	  0.41593117
6.2	  0.28375992
6.3	  0.2077817
6.4	  0.1557811
6.5	  0.1172894
6.6	  0.092944
6.7	  0.072398745
6.8	  0.055972345
6.9	  0.04013435
7.0	  0.029003628
7.1	  0.02299696
7.2	  0.01625478
7.3	  0.011719133
7.4	  0.01010101
7.5	  0.0076738256
7.6	  0.0039472394
7.7	  0.0011768168
7.8	  5.884084E-4
7.9	  3.432382E-4
8.0	  4.9034028E-5
8.1	  0.0
8.2	  0.0
8.3	  0.0
8.4	  0.0
8.5	  0.0
8.6	  0.0
8.7	  0.0
8.8	  0.0
8.9	  0.0
9.0	  0.0



DATASET #2

     Name: 2.5%,97.5%
   Points: 66
     Info: 

Data[x,y]:
2.5	  1749.0
2.6	  1385.0
2.7	  1095.0
2.8	  866.0
2.9	  683.0
3.0	  539.0
3.1	  424.0
3.2	  334.0
3.3	  262.0
3.4	  205.0
3.5	  160.0
3.6	  125.0
3.7	  97.0
3.8	  75.0
3.9	  58.0
4.0	  44.0
4.1	  34.0
4.2	  26.0
4.3	  19.0
4.4	  14.0
4.5	  10.0
4.6	  8.0
4.7	  5.0
4.8	  4.0
4.9	  2.0
5.0	  1.0
5.1	  1.0
5.2	  0.0
5.3	  0.0
5.4	  0.0
5.5	  0.0
5.6	  0.0
5.7	  0.0
5.8	  0.0
5.9	  0.0
6.0	  0.0
6.1	  0.0
6.2	  0.0
6.3	  0.0
6.4	  0.0
6.5	  0.0
6.6	  0.0
6.7	  0.0
6.8	  0.0
6.9	  0.0
7.0	  0.0
7.1	  0.0
7.2	  0.0
7.3	  0.0
7.4	  0.0
7.5	  0.0
7.6	  0.0
7.7	  0.0
7.8	  0.0
7.9	  0.0
8.0	  0.0
8.1	  0.0
8.2	  0.0
8.3	  0.0
8.4	  0.0
8.5	  0.0
8.6	  0.0
8.7	  0.0
8.8	  0.0
8.9	  0.0
9.0	  0.0



DATASET #3

     Name: null
   Points: 66
     Info: 

Data[x,y]:
2.5	  5373.0
2.6	  4273.0
2.7	  3399.0
2.8	  2695.0
2.9	  2144.0
3.0	  1699.0
3.1	  1348.0
3.2	  1072.0
3.3	  854.0
3.4	  677.0
3.5	  540.0
3.6	  428.0
3.7	  340.0
3.8	  272.0
3.9	  215.0
4.0	  171.0
4.1	  137.0
4.2	  110.0
4.3	  88.0
4.4	  71.0
4.5	  57.0
4.6	  46.0
4.7	  37.0
4.8	  30.0
4.9	  24.0
5.0	  20.0
5.1	  16.0
5.2	  14.0
5.3	  11.0
5.4	  9.0
5.5	  8.0
5.6	  6.0
5.7	  5.0
5.8	  4.0
5.9	  4.0
6.0	  3.0
6.1	  3.0
6.2	  2.0
6.3	  2.0
6.4	  1.0
6.5	  1.0
6.6	  1.0
6.7	  1.0
6.8	  1.0
6.9	  1.0
7.0	  1.0
7.1	  0.0
7.2	  0.0
7.3	  0.0
7.4	  0.0
7.5	  0.0
7.6	  0.0
7.7	  0.0
7.8	  0.0
7.9	  0.0
8.0	  0.0
8.1	  0.0
8.2	  0.0
8.3	  0.0
8.4	  0.0
8.5	  0.0
8.6	  0.0
8.7	  0.0
8.8	  0.0
8.9	  0.0
9.0	  0.0



DATASET #4

     Name: Median
   Points: 66
     Info: 

Data[x,y]:
2.5	  2144.0
2.6	  1703.0
2.7	  1354.0
2.8	  1076.0
2.9	  855.0
3.0	  680.0
3.1	  540.0
3.2	  429.0
3.3	  342.0
3.4	  271.0
3.5	  216.0
3.6	  172.0
3.7	  137.0
3.8	  109.0
3.9	  86.0
4.0	  68.0
4.1	  54.0
4.2	  43.0
4.3	  34.0
4.4	  27.0
4.5	  22.0
4.6	  17.0
4.7	  13.0
4.8	  11.0
4.9	  8.0
5.0	  7.0
5.1	  5.0
5.2	  4.0
5.3	  3.0
5.4	  2.0
5.5	  2.0
5.6	  1.0
5.7	  1.0
5.8	  1.0
5.9	  0.0
6.0	  0.0
6.1	  0.0
6.2	  0.0
6.3	  0.0
6.4	  0.0
6.5	  0.0
6.6	  0.0
6.7	  0.0
6.8	  0.0
6.9	  0.0
7.0	  0.0
7.1	  0.0
7.2	  0.0
7.3	  0.0
7.4	  0.0
7.5	  0.0
7.6	  0.0
7.7	  0.0
7.8	  0.0
7.9	  0.0
8.0	  0.0
8.1	  0.0
8.2	  0.0
8.3	  0.0
8.4	  0.0
8.5	  0.0
8.6	  0.0
8.7	  0.0
8.8	  0.0
8.9	  0.0
9.0	  0.0



DATASET #5

     Name: Mode
   Points: 66
     Info: 

Data[x,y]:
2.5	  1940.0
2.6	  1584.0
2.7	  1294.0
2.8	  997.0
2.9	  780.0
3.0	  622.0
3.1	  497.0
3.2	  399.0
3.3	  324.0
3.4	  246.0
3.5	  198.0
3.6	  154.0
3.7	  132.0
3.8	  101.0
3.9	  80.0
4.0	  60.0
4.1	  50.0
4.2	  39.0
4.3	  32.0
4.4	  24.0
4.5	  19.0
4.6	  15.0
4.7	  12.0
4.8	  9.0
4.9	  7.0
5.0	  5.0
5.1	  4.0
5.2	  3.0
5.3	  2.0
5.4	  2.0
5.5	  1.0
5.6	  1.0
5.7	  0.0
5.8	  0.0
5.9	  0.0
6.0	  0.0
6.1	  0.0
6.2	  0.0
6.3	  0.0
6.4	  0.0
6.5	  0.0
6.6	  0.0
6.7	  0.0
6.8	  0.0
6.9	  0.0
7.0	  0.0
7.1	  0.0
7.2	  0.0
7.3	  0.0
7.4	  0.0
7.5	  0.0
7.6	  0.0
7.7	  0.0
7.8	  0.0
7.9	  0.0
8.0	  0.0
8.1	  0.0
8.2	  0.0
8.3	  0.0
8.4	  0.0
8.5	  0.0
8.6	  0.0
8.7	  0.0
8.8	  0.0
8.9	  0.0
9.0	  0.0



DATASET #6

     Name: 1 yr Prob
   Points: 66
     Info: 

Data[x,y]:
2.5	  1.0
2.6	  1.0
2.7	  1.0
2.8	  1.0
2.9	  1.0
3.0	  1.0
3.1	  1.0
3.2	  1.0
3.3	  1.0
3.4	  1.0
3.5	  1.0
3.6	  1.0
3.7	  1.0
3.8	  1.0
3.9	  1.0
4.0	  1.0
4.1	  1.0
4.2	  1.0
4.3	  1.0
4.4	  1.0
4.5	  1.0
4.6	  1.0
4.7	  0.9999755
4.8	  0.99977934
4.9	  0.9985535
5.0	  0.99477786
5.1	  0.9860008
5.2	  0.9678827
5.3	  0.9352506
5.4	  0.8864372
5.5	  0.8219084
5.6	  0.7431107
5.7	  0.65279
5.8	  0.5572227
5.9	  0.46391097
6.0	  0.38060215
6.1	  0.29616553
6.2	  0.216853
6.3	  0.16563696
6.4	  0.12761106
6.5	  0.09868099
6.6	  0.080906145
6.7	  0.063940376
6.8	  0.050725702
6.9	  0.03736393
7.0	  0.027581641
7.1	  0.022187898
7.2	  0.015739923
7.3	  0.011375895
7.4	  0.009806806
7.5	  0.0075022066
7.6	  0.0038982055
7.7	  0.0011768168
7.8	  5.884084E-4
7.9	  3.432382E-4
8.0	  4.9034028E-5
8.1	  0.0
8.2	  0.0
8.3	  0.0
8.4	  0.0
8.5	  0.0
8.6	  0.0
8.7	  0.0
8.8	  0.0
8.9	  0.0
9.0	  0.0



DATASET #7

Name: 95% Conf
Num Points: 66
Info: 

X, Y Data:
2.5	1.0	[1.0	1.0]
2.6	1.0	[1.0	1.0]
2.7	1.0	[1.0	1.0]
2.8	1.0	[1.0	1.0]
2.9	1.0	[1.0	1.0]
3.0	1.0	[1.0	1.0]
3.1	1.0	[1.0	1.0]
3.2	1.0	[1.0	1.0]
3.3	1.0	[1.0	1.0]
3.4	1.0	[1.0	1.0]
3.5	1.0	[1.0	1.0]
3.6	1.0	[1.0	1.0]
3.7	1.0	[1.0	1.0]
3.8	1.0	[1.0	1.0]
3.9	1.0	[1.0	1.0]
4.0	1.0	[1.0	1.0]
4.1	1.0	[1.0	1.0]
4.2	1.0	[1.0	1.0]
4.3	1.0	[1.0	1.0]
4.4	1.0	[1.0	1.0]
4.5	1.0	[1.0	1.0]
4.6	1.0	[1.0	1.0]
4.7	0.9999755	[0.9998408	0.99999875]
4.8	0.99977934	[0.99956465	0.9998923]
4.9	0.9985535	[0.99812096	0.998889]
5.0	0.99477786	[0.9940172	0.9954437]
5.1	0.9860008	[0.98480123	0.9871079]
5.2	0.9678827	[0.9661145	0.9695622]
5.3	0.9352506	[0.93280864	0.9376101]
5.4	0.8864372	[0.8833092	0.88949215]
5.5	0.8219084	[0.8181528	0.8256032]
5.6	0.7431107	[0.7388354	0.7473401]
5.7	0.65279	[0.64814323	0.657408]
5.8	0.5572227	[0.55238473	0.5620499]
5.9	0.46391097	[0.45906255	0.46876618]
6.0	0.38060215	[0.3758893	0.3853375]
6.1	0.29616553	[0.2917418	0.3006278]
6.2	0.216853	[0.21286818	0.2208913]
6.3	0.16563696	[0.16204849	0.1692886]
6.4	0.12761106	[0.12439588	0.13089666]
6.5	0.09868099	[0.09581225	0.10162562]
6.6	0.080906145	[0.078286946	0.083604656]
6.7	0.063940376	[0.06159489	0.066368416]
6.8	0.050725702	[0.048626073	0.052910443]
6.9	0.03736393	[0.035554554	0.039261024]
7.0	0.027581641	[0.026024295	0.029228656]
7.1	0.022187898	[0.020790912	0.023675652]
7.2	0.015739923	[0.014564988	0.017006995]
7.3	0.011375895	[0.010380026	0.012464892]
7.4	0.009806806	[0.008883893	0.01082323]
7.5	0.0075022066	[0.006698333	0.008400198]
7.6	0.0038982055	[0.0033270924	0.004564648]
7.7	0.0011768168	[8.7724265E-4	0.0015737722]
7.8	5.884084E-4	[3.8561196E-4	8.9007424E-4]
7.9	3.432382E-4	[1.9535015E-4	5.914462E-4]
8.0	4.9034028E-5	[8.492989E-6	1.9775378E-4]
8.1	0.0	[0.0	1.17410644E-4]
8.2	0.0	[0.0	1.17410644E-4]
8.3	0.0	[0.0	1.17410644E-4]
8.4	0.0	[0.0	0.0]
8.5	0.0	[0.0	0.0]
8.6	0.0	[0.0	0.0]
8.7	0.0	[0.0	0.0]
8.8	0.0	[0.0	0.0]
8.9	0.0	[0.0	0.0]
9.0	0.0	[0.0	0.0]



DATASET #8

     Name: Primary
   Points: 66
     Info: 

Data[x,y]:
2.5	  1284.9292
2.6	  1020.61945
2.7	  810.70575
2.8	  643.9187
2.9	  511.45425
3.0	  406.1992
3.1	  322.61926
3.2	  256.22934
3.3	  203.4792
3.4	  161.55931
3.5	  128.32796
3.6	  101.8984
3.7	  80.93714
3.8	  64.2703
3.9	  51.009094
4.0	  40.461704
4.1	  32.117386
4.2	  25.467466
4.3	  20.203981
4.4	  16.028122
4.5	  12.702266
4.6	  10.061563
4.7	  7.965774
4.8	  6.2977347
4.9	  4.9742327
5.0	  3.9240954
5.1	  3.0983377
5.2	  2.4360352
5.3	  1.9127685
5.4	  1.494925
5.5	  1.1669118
5.6	  0.9025939
5.7	  0.6897372
5.8	  0.52005494
5.9	  0.38866824
6.0	  0.29346865
6.1	  0.21182701
6.2	  0.14391488
6.3	  0.10713936
6.4	  0.0788222
6.5	  0.05915956
6.6	  0.0481269
6.7	  0.03770717
6.8	  0.029444935
6.9	  0.021501422
7.0	  0.015176032
7.1	  0.012013338
7.2	  0.007992547
7.3	  0.005614396
7.4	  0.004878886
7.5	  0.0037511033
7.6	  0.0018632931
7.7	  4.903403E-4
7.8	  3.432382E-4
7.9	  2.2065314E-4
8.0	  2.4517014E-5
8.1	  0.0
8.2	  0.0
8.3	  0.0
8.4	  0.0
8.5	  0.0
8.6	  0.0
8.7	  0.0
8.8	  0.0
8.9	  0.0
9.0	  0.0


