
X-Axis: Duration (years)
Y-Axis: Cumulative Annual Rate (1/yr)
Number of Data Sets: 8


DATASET #1

Name: Mean
Num Points: 30
Info: 

X, Y Data:
1.0	7.280336
4.0	7.280336
8.0	7.2787848
12.0	7.2778406
16.0	7.2787848
20.0	7.280336
24.0	7.2782736
28.0	7.276946
32.0	7.2782736
36.0	7.274893
40.0	7.2782736
44.0	7.2768536
48.0	7.2782736
52.0	7.274893
56.0	7.2706394
60.0	7.2782736
64.0	7.2706394
68.0	7.276946
72.0	7.2647967
76.0	7.272065
80.0	7.2782736
84.0	7.263619
88.0	7.268704
92.0	7.273907
96.0	7.2782736
100.0	7.280336
200.0	7.2582283
300.0	7.207778
400.0	7.2582283
500.0	7.280336



DATASET #2

Name: 2.5%,16%,84%,97.5%
Num Points: 30
Info: 

X, Y Data:
1.0	1.0
4.0	3.25
8.0	4.125
12.0	4.4166665
16.0	4.6875
20.0	4.85
24.0	5.0
28.0	5.107143
32.0	5.21875
36.0	5.3055553
40.0	5.35
44.0	5.3863635
48.0	5.5
52.0	5.5384617
56.0	5.535714
60.0	5.65
64.0	5.640625
68.0	5.7058825
72.0	5.736111
76.0	5.763158
80.0	5.8375
84.0	5.8809524
88.0	5.840909
92.0	5.902174
96.0	5.9375
100.0	5.97
200.0	6.29
300.0	6.46
400.0	6.5775
500.0	6.73



DATASET #3

Name: 
Num Points: 30
Info: 

X, Y Data:
1.0	3.0
4.0	4.75
8.0	5.25
12.0	5.5
16.0	5.625
20.0	5.8
24.0	5.875
28.0	5.928571
32.0	6.0
36.0	6.0833335
40.0	6.125
44.0	6.159091
48.0	6.2291665
52.0	6.230769
56.0	6.285714
60.0	6.3166666
64.0	6.328125
68.0	6.352941
72.0	6.375
76.0	6.394737
80.0	6.4375
84.0	6.4404764
88.0	6.465909
92.0	6.4891305
96.0	6.5104165
100.0	6.53
200.0	6.735
300.0	6.7766666
400.0	6.9225
500.0	6.954



DATASET #4

Name: 
Num Points: 30
Info: 

X, Y Data:
1.0	10.0
4.0	9.5
8.0	9.125
12.0	8.916667
16.0	8.875
20.0	8.75
24.0	8.666667
28.0	8.607142
32.0	8.5625
36.0	8.472222
40.0	8.4
44.0	8.409091
48.0	8.354167
52.0	8.326923
56.0	8.267858
60.0	8.233334
64.0	8.234375
68.0	8.205882
72.0	8.138889
76.0	8.131579
80.0	8.1375
84.0	8.083333
88.0	8.056818
92.0	8.076087
96.0	8.0625
100.0	8.06
200.0	7.775
300.0	7.596667
400.0	7.61
500.0	7.58



DATASET #5

Name: 
Num Points: 30
Info: 

X, Y Data:
1.0	20.0
4.0	16.5
8.0	14.375
12.0	13.0
16.0	12.3125
20.0	11.7
24.0	11.333333
28.0	10.928572
32.0	10.71875
36.0	10.416667
40.0	10.275
44.0	10.090909
48.0	9.9375
52.0	9.884615
56.0	9.803572
60.0	9.633333
64.0	9.53125
68.0	9.411765
72.0	9.402778
76.0	9.342105
80.0	9.225
84.0	9.202381
88.0	9.034091
92.0	9.01087
96.0	8.9375
100.0	9.01
200.0	8.325
300.0	8.026667
400.0	7.9925
500.0	7.934



DATASET #6

Name: Median
Num Points: 30
Info: 

X, Y Data:
1.0	6.0
4.0	6.5
8.0	6.75
12.0	6.8333335
16.0	6.875
20.0	6.95
24.0	7.0
28.0	7.0
32.0	7.03125
36.0	7.0555553
40.0	7.1
44.0	7.1136365
48.0	7.1041665
52.0	7.1153846
56.0	7.125
60.0	7.15
64.0	7.140625
68.0	7.2058825
72.0	7.1666665
76.0	7.1710525
80.0	7.2
84.0	7.1666665
88.0	7.181818
92.0	7.1847825
96.0	7.2291665
100.0	7.23
200.0	7.24
300.0	7.213333
400.0	7.235
500.0	7.256



DATASET #7

Name: Mode
Num Points: 30
Info: 

X, Y Data:
1.0	5.0
4.0	6.0
8.0	6.125
12.0	6.1666665
16.0	6.625
20.0	6.4
24.0	6.5416665
28.0	6.785714
32.0	6.59375
36.0	6.611111
40.0	6.7
44.0	6.7727275
48.0	6.6041665
52.0	6.9423075
56.0	6.839286
60.0	7.116667
64.0	6.90625
68.0	6.720588
72.0	6.3333335
76.0	7.394737
80.0	6.6875
84.0	7.202381
88.0	7.0795455
92.0	7.5108695
96.0	6.59375
100.0	7.66
200.0	7.39
300.0	7.483333
400.0	7.295
500.0	7.15



DATASET #8

Name: Std. Dev.
Num Points: 30
Info: 

X, Y Data:
1.0	6.1866984
4.0	3.492111
8.0	2.5998967
12.0	2.1740549
16.0	1.9139254
20.0	1.736814
24.0	1.5921823
28.0	1.4830804
32.0	1.3920432
36.0	1.3097978
40.0	1.2347381
44.0	1.1832075
48.0	1.139004
52.0	1.0903186
56.0	1.0542334
60.0	1.0077513
64.0	0.9855213
68.0	0.9509112
72.0	0.924824
76.0	0.90404105
80.0	0.8594732
84.0	0.8475009
88.0	0.8195363
92.0	0.807763
96.0	0.7860712
100.0	0.7633306
200.0	0.5278586
300.0	0.39820945
400.0	0.34968495
500.0	0.30842116


