
X-Axis: Magnitude
Y-Axis: Cumulative Annual Rate
Number of Data Sets: 8


DATASET #1

     Name: Mean
   Points: 41
     Info: 

Data[x,y]:
5.0	  7.28453
5.1	  5.762499
5.2	  4.557991
5.3	  3.5993528
5.4	  2.836263
5.5	  2.2316046
5.6	  1.7503821
5.7	  1.367373
5.8	  1.0634584
5.9	  0.8107236
6.0	  0.6420719
6.1	  0.49391684
6.2	  0.38931012
6.3	  0.30744046
6.4	  0.23986292
6.5	  0.18451236
6.6	  0.1431528
6.7	  0.109550565
6.8	  0.0858
6.9	  0.06662247
7.0	  0.051674157
7.1	  0.039076403
7.2	  0.029229213
7.3	  0.02284719
7.4	  0.017519102
7.5	  0.012420225
7.6	  0.009193258
7.7	  0.0064853933
7.8	  0.0045078653
7.9	  0.0024426966
8.0	  0.0013146068
8.1	  6.0449436E-4
8.2	  2.269663E-4
8.3	  6.0674156E-5
8.4	  0.0
8.5	  0.0
8.6	  0.0
8.7	  0.0
8.8	  0.0
8.9	  0.0
9.0	  0.0



DATASET #2

     Name: 2.5%,97.5%
   Points: 41
     Info: 

Data[x,y]:
5.0	  6.734
5.1	  5.304
5.2	  4.178
5.3	  3.278
5.4	  2.584
5.5	  2.026
5.6	  1.572
5.7	  1.222
5.8	  0.948
5.9	  0.714
6.0	  0.558
6.1	  0.424
6.2	  0.328
6.3	  0.258
6.4	  0.2
6.5	  0.15
6.6	  0.114
6.7	  0.084
6.8	  0.066
6.9	  0.048
7.0	  0.034
7.1	  0.024
7.2	  0.018
7.3	  0.012
7.4	  0.01
7.5	  0.006
7.6	  0.004
7.7	  0.002
7.8	  0.002
7.9	  0.0
8.0	  0.0
8.1	  0.0
8.2	  0.0
8.3	  0.0
8.4	  0.0
8.5	  0.0
8.6	  0.0
8.7	  0.0
8.8	  0.0
8.9	  0.0
9.0	  0.0



DATASET #3

     Name: null
   Points: 41
     Info: 

Data[x,y]:
5.0	  7.924
5.1	  6.266
5.2	  4.964
5.3	  3.948
5.4	  3.116
5.5	  2.464
5.6	  1.94
5.7	  1.53
5.8	  1.202
5.9	  0.918
6.0	  0.734
6.1	  0.568
6.2	  0.452
6.3	  0.36
6.4	  0.288
6.5	  0.224
6.6	  0.176
6.7	  0.138
6.8	  0.108
6.9	  0.086
7.0	  0.068
7.1	  0.054
7.2	  0.042
7.3	  0.034
7.4	  0.028
7.5	  0.02
7.6	  0.016
7.7	  0.012
7.8	  0.008
7.9	  0.006
8.0	  0.004
8.1	  0.002
8.2	  0.002
8.3	  0.002
8.4	  0.0
8.5	  0.0
8.6	  0.0
8.7	  0.0
8.8	  0.0
8.9	  0.0
9.0	  0.0



DATASET #4

     Name: Median
   Points: 41
     Info: 

Data[x,y]:
5.0	  7.262
5.1	  5.748
5.2	  4.552
5.3	  3.596
5.4	  2.834
5.5	  2.228
5.6	  1.746
5.7	  1.362
5.8	  1.062
5.9	  0.808
6.0	  0.64
6.1	  0.492
6.2	  0.388
6.3	  0.306
6.4	  0.238
6.5	  0.184
6.6	  0.142
6.7	  0.11
6.8	  0.086
6.9	  0.066
7.0	  0.052
7.1	  0.038
7.2	  0.028
7.3	  0.022
7.4	  0.018
7.5	  0.012
7.6	  0.008
7.7	  0.006
7.8	  0.004
7.9	  0.002
8.0	  0.002
8.1	  0.0
8.2	  0.0
8.3	  0.0
8.4	  0.0
8.5	  0.0
8.6	  0.0
8.7	  0.0
8.8	  0.0
8.9	  0.0
9.0	  0.0



DATASET #5

     Name: Mode
   Points: 41
     Info: 

Data[x,y]:
5.0	  7.198
5.1	  5.74
5.2	  4.704
5.3	  3.518
5.4	  2.846
5.5	  2.264
5.6	  1.78
5.7	  1.35
5.8	  1.044
5.9	  0.802
6.0	  0.646
6.1	  0.484
6.2	  0.406
6.3	  0.316
6.4	  0.238
6.5	  0.186
6.6	  0.146
6.7	  0.102
6.8	  0.08
6.9	  0.07
7.0	  0.052
7.1	  0.038
7.2	  0.028
7.3	  0.022
7.4	  0.018
7.5	  0.01
7.6	  0.008
7.7	  0.006
7.8	  0.004
7.9	  0.002
8.0	  0.0
8.1	  0.0
8.2	  0.0
8.3	  0.0
8.4	  0.0
8.5	  0.0
8.6	  0.0
8.7	  0.0
8.8	  0.0
8.9	  0.0
9.0	  0.0



DATASET #6

     Name: 500 yr Prob
   Points: 41
     Info: 

Data[x,y]:
5.0	  1.0
5.1	  1.0
5.2	  1.0
5.3	  1.0
5.4	  1.0
5.5	  1.0
5.6	  1.0
5.7	  1.0
5.8	  1.0
5.9	  1.0
6.0	  1.0
6.1	  1.0
6.2	  1.0
6.3	  1.0
6.4	  1.0
6.5	  1.0
6.6	  1.0
6.7	  1.0
6.8	  1.0
6.9	  1.0
7.0	  1.0
7.1	  1.0
7.2	  1.0
7.3	  1.0
7.4	  1.0
7.5	  1.0
7.6	  1.0
7.7	  0.9988764
7.8	  0.9831461
7.9	  0.80898875
8.0	  0.5449438
8.1	  0.2797753
8.2	  0.11235955
8.3	  0.030337078
8.4	  0.0
8.5	  0.0
8.6	  0.0
8.7	  0.0
8.8	  0.0
8.9	  0.0
9.0	  0.0



DATASET #7

Name: 95% Conf
Num Points: 41
Info: 

X, Y Data:
5.0	1.0	[1.0	1.0]
5.1	1.0	[1.0	1.0]
5.2	1.0	[1.0	1.0]
5.3	1.0	[1.0	1.0]
5.4	1.0	[1.0	1.0]
5.5	1.0	[1.0	1.0]
5.6	1.0	[1.0	1.0]
5.7	1.0	[1.0	1.0]
5.8	1.0	[1.0	1.0]
5.9	1.0	[1.0	1.0]
6.0	1.0	[1.0	1.0]
6.1	1.0	[1.0	1.0]
6.2	1.0	[1.0	1.0]
6.3	1.0	[1.0	1.0]
6.4	1.0	[1.0	1.0]
6.5	1.0	[1.0	1.0]
6.6	1.0	[1.0	1.0]
6.7	1.0	[1.0	1.0]
6.8	1.0	[1.0	1.0]
6.9	1.0	[1.0	1.0]
7.0	1.0	[1.0	1.0]
7.1	1.0	[1.0	1.0]
7.2	1.0	[1.0	1.0]
7.3	1.0	[1.0	1.0]
7.4	1.0	[1.0	1.0]
7.5	1.0	[1.0	1.0]
7.6	1.0	[1.0	1.0]
7.7	0.9988764	[0.99273515	0.99994135]
7.8	0.9831461	[0.971687	0.9901848]
7.9	0.80898875	[0.78126776	0.83399624]
8.0	0.5449438	[0.5115411	0.5779536]
8.1	0.2797753	[0.25073692	0.3107426]
8.2	0.11235955	[0.09274045	0.13540043]
8.3	0.030337078	[0.020471763	0.04443717]
8.4	0.0	[0.0	0.0]
8.5	0.0	[0.0	0.0]
8.6	0.0	[0.0	0.0]
8.7	0.0	[0.0	0.0]
8.8	0.0	[0.0	0.0]
8.9	0.0	[0.0	0.0]
9.0	0.0	[0.0	0.0]



DATASET #8

     Name: Supra
   Points: 41
     Info: 

Data[x,y]:
5.0	  1.0
5.1	  1.0
5.2	  1.0
5.3	  1.0
5.4	  1.0
5.5	  1.0
5.6	  1.0
5.7	  1.0
5.8	  1.0
5.9	  1.0
6.0	  1.0
6.1	  1.0
6.2	  1.0
6.3	  1.0
6.4	  1.0
6.5	  1.0
6.6	  1.0
6.7	  1.0
6.8	  1.0
6.9	  1.0
7.0	  1.0
7.1	  1.0
7.2	  1.0
7.3	  1.0
7.4	  1.0
7.5	  1.0
7.6	  1.0
7.7	  0.9988764
7.8	  0.9831461
7.9	  0.80898875
8.0	  0.5449438
8.1	  0.2797753
8.2	  0.11235955
8.3	  0.030337078
8.4	  0.0
8.5	  0.0
8.6	  0.0
8.7	  0.0
8.8	  0.0
8.9	  0.0
9.0	  0.0


