
X-Axis: Magnitude
Y-Axis: 1 Day Cumulative Number
Number of Data Sets: 9


DATASET #1

     Name: Mean
   Points: 66
     Info: 

Data[x,y]:
2.5	  2435.842
2.6	  1934.8585
2.7	  1536.648
2.8	  1220.5374
2.9	  969.60187
3.0	  770.1243
3.1	  611.6945
3.2	  486.10376
3.3	  386.0518
3.4	  306.67337
3.5	  243.49687
3.6	  193.4316
3.7	  153.68365
3.8	  122.012695
3.9	  96.805565
4.0	  76.89039
4.1	  61.13822
4.2	  48.50675
4.3	  38.474712
4.4	  30.489422
4.5	  24.178118
4.6	  19.192223
4.7	  15.200887
4.8	  12.041104
4.9	  9.511384
5.0	  7.492041
5.1	  5.878299
5.2	  4.6336894
5.3	  3.6359057
5.4	  2.8492846
5.5	  2.236752
5.6	  1.7275841
5.7	  1.3354826
5.8	  1.0072536
5.9	  0.75639737
6.0	  0.58271205
6.1	  0.42151925
6.2	  0.2673786
6.3	  0.20390892
6.4	  0.15434213
6.5	  0.11746927
6.6	  0.09933508
6.7	  0.082812816
6.8	  0.06870844
6.9	  0.053798106
7.0	  0.043925047
7.1	  0.038283296
7.2	  0.028007254
7.3	  0.01934314
7.4	  0.017126737
7.5	  0.011484989
7.6	  0.006044731
7.7	  0.0022164013
7.8	  0.0012089462
7.9	  4.0298206E-4
8.0	  0.0
8.1	  0.0
8.2	  0.0
8.3	  0.0
8.4	  0.0
8.5	  0.0
8.6	  0.0
8.7	  0.0
8.8	  0.0
8.9	  0.0
9.0	  0.0



DATASET #2

     Name: 2.5%,97.5%
   Points: 66
     Info: 

Data[x,y]:
2.5	  1885.0
2.6	  1492.0
2.7	  1180.0
2.8	  934.0
2.9	  738.0
3.0	  582.0
3.1	  459.0
3.2	  359.0
3.3	  283.0
3.4	  222.0
3.5	  173.0
3.6	  135.0
3.7	  105.0
3.8	  81.0
3.9	  63.0
4.0	  48.0
4.1	  37.0
4.2	  28.0
4.3	  21.0
4.4	  15.0
4.5	  12.0
4.6	  8.0
4.7	  6.0
4.8	  4.0
4.9	  3.0
5.0	  2.0
5.1	  1.0
5.2	  1.0
5.3	  0.0
5.4	  0.0
5.5	  0.0
5.6	  0.0
5.7	  0.0
5.8	  0.0
5.9	  0.0
6.0	  0.0
6.1	  0.0
6.2	  0.0
6.3	  0.0
6.4	  0.0
6.5	  0.0
6.6	  0.0
6.7	  0.0
6.8	  0.0
6.9	  0.0
7.0	  0.0
7.1	  0.0
7.2	  0.0
7.3	  0.0
7.4	  0.0
7.5	  0.0
7.6	  0.0
7.7	  0.0
7.8	  0.0
7.9	  0.0
8.0	  0.0
8.1	  0.0
8.2	  0.0
8.3	  0.0
8.4	  0.0
8.5	  0.0
8.6	  0.0
8.7	  0.0
8.8	  0.0
8.9	  0.0
9.0	  0.0



DATASET #3

     Name: null
   Points: 66
     Info: 

Data[x,y]:
2.5	  5032.0
2.6	  4014.0
2.7	  3189.0
2.8	  2529.0
2.9	  2013.0
3.0	  1595.0
3.1	  1269.0
3.2	  1006.0
3.3	  796.0
3.4	  635.0
3.5	  506.0
3.6	  403.0
3.7	  322.0
3.8	  259.0
3.9	  205.0
4.0	  161.0
4.1	  129.0
4.2	  104.0
4.3	  81.0
4.4	  65.0
4.5	  53.0
4.6	  41.0
4.7	  33.0
4.8	  27.0
4.9	  22.0
5.0	  18.0
5.1	  15.0
5.2	  12.0
5.3	  10.0
5.4	  8.0
5.5	  7.0
5.6	  6.0
5.7	  5.0
5.8	  4.0
5.9	  3.0
6.0	  3.0
6.1	  2.0
6.2	  2.0
6.3	  2.0
6.4	  1.0
6.5	  1.0
6.6	  1.0
6.7	  1.0
6.8	  1.0
6.9	  1.0
7.0	  1.0
7.1	  1.0
7.2	  1.0
7.3	  0.0
7.4	  0.0
7.5	  0.0
7.6	  0.0
7.7	  0.0
7.8	  0.0
7.9	  0.0
8.0	  0.0
8.1	  0.0
8.2	  0.0
8.3	  0.0
8.4	  0.0
8.5	  0.0
8.6	  0.0
8.7	  0.0
8.8	  0.0
8.9	  0.0
9.0	  0.0



DATASET #4

     Name: Median
   Points: 66
     Info: 

Data[x,y]:
2.5	  2188.0
2.6	  1739.0
2.7	  1382.0
2.8	  1098.0
2.9	  872.0
3.0	  694.0
3.1	  551.0
3.2	  439.0
3.3	  349.0
3.4	  277.0
3.5	  220.0
3.6	  175.0
3.7	  140.0
3.8	  111.0
3.9	  88.0
4.0	  70.0
4.1	  56.0
4.2	  44.0
4.3	  35.0
4.4	  28.0
4.5	  22.0
4.6	  18.0
4.7	  14.0
4.8	  11.0
4.9	  9.0
5.0	  7.0
5.1	  5.0
5.2	  4.0
5.3	  3.0
5.4	  2.0
5.5	  2.0
5.6	  1.0
5.7	  1.0
5.8	  1.0
5.9	  0.0
6.0	  0.0
6.1	  0.0
6.2	  0.0
6.3	  0.0
6.4	  0.0
6.5	  0.0
6.6	  0.0
6.7	  0.0
6.8	  0.0
6.9	  0.0
7.0	  0.0
7.1	  0.0
7.2	  0.0
7.3	  0.0
7.4	  0.0
7.5	  0.0
7.6	  0.0
7.7	  0.0
7.8	  0.0
7.9	  0.0
8.0	  0.0
8.1	  0.0
8.2	  0.0
8.3	  0.0
8.4	  0.0
8.5	  0.0
8.6	  0.0
8.7	  0.0
8.8	  0.0
8.9	  0.0
9.0	  0.0



DATASET #5

     Name: Mode
   Points: 66
     Info: 

Data[x,y]:
2.5	  2060.0
2.6	  1658.0
2.7	  1297.0
2.8	  1031.0
2.9	  825.0
3.0	  672.0
3.1	  540.0
3.2	  413.0
3.3	  333.0
3.4	  254.0
3.5	  216.0
3.6	  167.0
3.7	  131.0
3.8	  113.0
3.9	  88.0
4.0	  66.0
4.1	  52.0
4.2	  41.0
4.3	  33.0
4.4	  27.0
4.5	  20.0
4.6	  16.0
4.7	  13.0
4.8	  9.0
4.9	  7.0
5.0	  5.0
5.1	  5.0
5.2	  3.0
5.3	  2.0
5.4	  2.0
5.5	  1.0
5.6	  1.0
5.7	  0.0
5.8	  0.0
5.9	  0.0
6.0	  0.0
6.1	  0.0
6.2	  0.0
6.3	  0.0
6.4	  0.0
6.5	  0.0
6.6	  0.0
6.7	  0.0
6.8	  0.0
6.9	  0.0
7.0	  0.0
7.1	  0.0
7.2	  0.0
7.3	  0.0
7.4	  0.0
7.5	  0.0
7.6	  0.0
7.7	  0.0
7.8	  0.0
7.9	  0.0
8.0	  0.0
8.1	  0.0
8.2	  0.0
8.3	  0.0
8.4	  0.0
8.5	  0.0
8.6	  0.0
8.7	  0.0
8.8	  0.0
8.9	  0.0
9.0	  0.0



DATASET #6

     Name: 1 d Prob
   Points: 66
     Info: 

Data[x,y]:
2.5	  1.0
2.6	  1.0
2.7	  1.0
2.8	  1.0
2.9	  1.0
3.0	  1.0
3.1	  1.0
3.2	  1.0
3.3	  1.0
3.4	  1.0
3.5	  1.0
3.6	  1.0
3.7	  1.0
3.8	  1.0
3.9	  1.0
4.0	  1.0
4.1	  1.0
4.2	  1.0
4.3	  1.0
4.4	  1.0
4.5	  1.0
4.6	  1.0
4.7	  1.0
4.8	  1.0
4.9	  0.99939555
5.0	  0.9985896
5.1	  0.9919404
5.2	  0.9752166
5.3	  0.9506347
5.4	  0.90388876
5.5	  0.8404191
5.6	  0.7574048
5.7	  0.6747935
5.8	  0.5784808
5.9	  0.47692928
6.0	  0.39613137
6.1	  0.30969173
6.2	  0.2111626
6.3	  0.17167036
6.4	  0.13157365
6.5	  0.101752974
6.6	  0.089260526
6.7	  0.073947206
6.8	  0.06226073
6.9	  0.050171267
7.0	  0.04130566
7.1	  0.036469877
7.2	  0.026596816
7.3	  0.018537175
7.4	  0.016320774
7.5	  0.010679025
7.6	  0.005641749
7.7	  0.0018134193
7.8	  0.0010074552
7.9	  4.0298206E-4
8.0	  0.0
8.1	  0.0
8.2	  0.0
8.3	  0.0
8.4	  0.0
8.5	  0.0
8.6	  0.0
8.7	  0.0
8.8	  0.0
8.9	  0.0
9.0	  0.0



DATASET #7

Name: 95% Conf
Num Points: 66
Info: 

X, Y Data:
2.5	1.0	[1.0	1.0]
2.6	1.0	[1.0	1.0]
2.7	1.0	[1.0	1.0]
2.8	1.0	[1.0	1.0]
2.9	1.0	[1.0	1.0]
3.0	1.0	[1.0	1.0]
3.1	1.0	[1.0	1.0]
3.2	1.0	[1.0	1.0]
3.3	1.0	[1.0	1.0]
3.4	1.0	[1.0	1.0]
3.5	1.0	[1.0	1.0]
3.6	1.0	[1.0	1.0]
3.7	1.0	[1.0	1.0]
3.8	1.0	[1.0	1.0]
3.9	1.0	[1.0	1.0]
4.0	1.0	[1.0	1.0]
4.1	1.0	[1.0	1.0]
4.2	1.0	[1.0	1.0]
4.3	1.0	[1.0	1.0]
4.4	1.0	[1.0	1.0]
4.5	1.0	[1.0	1.0]
4.6	1.0	[1.0	1.0]
4.7	1.0	[1.0	1.0]
4.8	1.0	[1.0	1.0]
4.9	0.99939555	[0.9980754	0.9998439]
5.0	0.9985896	[0.9969562	0.99938184]
5.1	0.9919404	[0.98892844	0.9941609]
5.2	0.9752166	[0.97040063	0.9792804]
5.3	0.9506347	[0.9441449	0.9564158]
5.4	0.90388876	[0.89526886	0.91187626]
5.5	0.8404191	[0.82986426	0.8504421]
5.6	0.7574048	[0.7451805	0.76922756]
5.7	0.6747935	[0.66152775	0.6877867]
5.8	0.5784808	[0.5645857	0.5922535]
5.9	0.47692928	[0.4629559	0.4909386]
6.0	0.39613137	[0.38250926	0.40991533]
6.1	0.30969173	[0.2968797	0.32280043]
6.2	0.2111626	[0.19993454	0.22284143]
6.3	0.17167036	[0.16133566	0.18251783]
6.4	0.13157365	[0.122355826	0.14136748]
6.5	0.101752974	[0.09355048	0.11057889]
6.6	0.089260526	[0.08154577	0.097618714]
6.7	0.073947206	[0.06689546	0.081667125]
6.8	0.06226073	[0.055775255	0.06943347]
6.9	0.050171267	[0.04434324	0.056706656]
7.0	0.04130566	[0.03602058	0.047313176]
7.1	0.036469877	[0.03150899	0.042161614]
7.2	0.026596816	[0.022380728	0.03156163]
7.3	0.018537175	[0.015049177	0.022789836]
7.4	0.016320774	[0.013061236	0.02034977]
7.5	0.010679025	[0.008086542	0.014054863]
7.6	0.005641749	[0.0038238715	0.0082607]
7.7	0.0018134193	[8.852544E-4	0.0035745907]
7.8	0.0010074552	[3.709564E-4	0.0024966055]
7.9	4.0298206E-4	[6.9801594E-5	0.0016240014]
8.0	0.0	[0.0	9.6426683E-4]
8.1	0.0	[0.0	9.6426683E-4]
8.2	0.0	[0.0	9.6426683E-4]
8.3	0.0	[0.0	9.6426683E-4]
8.4	0.0	[0.0	0.0]
8.5	0.0	[0.0	0.0]
8.6	0.0	[0.0	0.0]
8.7	0.0	[0.0	0.0]
8.8	0.0	[0.0	0.0]
8.9	0.0	[0.0	0.0]
9.0	0.0	[0.0	0.0]



DATASET #8

     Name: Supra
   Points: 66
     Info: 

Data[x,y]:
2.5	  0.17247632
2.6	  0.17247632
2.7	  0.17247632
2.8	  0.17247632
2.9	  0.17247632
3.0	  0.17247632
3.1	  0.17247632
3.2	  0.17247632
3.3	  0.17247632
3.4	  0.17247632
3.5	  0.17247632
3.6	  0.17247632
3.7	  0.17247632
3.8	  0.17247632
3.9	  0.17247632
4.0	  0.17247632
4.1	  0.17247632
4.2	  0.17247632
4.3	  0.17247632
4.4	  0.17247632
4.5	  0.17247632
4.6	  0.17247632
4.7	  0.17247632
4.8	  0.17247632
4.9	  0.17247632
5.0	  0.17247632
5.1	  0.17247632
5.2	  0.17247632
5.3	  0.17247632
5.4	  0.17247632
5.5	  0.17247632
5.6	  0.17247632
5.7	  0.17247632
5.8	  0.17247632
5.9	  0.17227483
6.0	  0.17207335
6.1	  0.15212573
6.2	  0.114245415
6.3	  0.09913359
6.4	  0.086036675
6.5	  0.07374572
6.6	  0.06810397
6.7	  0.059439857
6.8	  0.051783197
6.9	  0.04291759
7.0	  0.03707435
7.1	  0.03324602
7.2	  0.024984889
7.3	  0.017932702
7.4	  0.015917791
7.5	  0.010679025
7.6	  0.005641749
7.7	  0.0018134193
7.8	  0.0010074552
7.9	  4.0298206E-4
8.0	  0.0
8.1	  0.0
8.2	  0.0
8.3	  0.0
8.4	  0.0
8.5	  0.0
8.6	  0.0
8.7	  0.0
8.8	  0.0
8.9	  0.0
9.0	  0.0



DATASET #9

     Name: Primary
   Points: 66
     Info: 

Data[x,y]:
2.5	  1497.9778
2.6	  1189.9923
2.7	  945.0387
2.8	  750.82025
2.9	  596.3782
3.0	  473.7949
3.1	  376.28973
3.2	  299.1481
3.3	  237.46
3.4	  188.64034
3.5	  149.81766
3.6	  119.03022
3.7	  94.595604
3.8	  75.04614
3.9	  59.4997
4.0	  47.272015
4.1	  37.60125
4.2	  29.8243
4.3	  23.654644
4.4	  18.749546
4.5	  14.87568
4.6	  11.766673
4.7	  9.3306465
4.8	  7.377594
4.9	  5.8307476
5.0	  4.608503
5.1	  3.6058836
5.2	  2.8458593
5.3	  2.2311103
5.4	  1.7453153
5.5	  1.3749748
5.6	  1.0616562
5.7	  0.82087445
5.8	  0.62099534
5.9	  0.46222043
6.0	  0.35119888
6.1	  0.25952044
6.2	  0.16522264
6.3	  0.12855127
6.4	  0.09631272
6.5	  0.0719323
6.6	  0.06306669
6.7	  0.052186176
6.8	  0.04291759
6.9	  0.034253474
7.0	  0.02760427
7.1	  0.02317147
7.2	  0.016522264
7.3	  0.010880516
7.4	  0.009470078
7.5	  0.006044731
7.6	  0.0036268386
7.7	  0.0012089462
7.8	  6.044731E-4
7.9	  2.0149103E-4
8.0	  0.0
8.1	  0.0
8.2	  0.0
8.3	  0.0
8.4	  0.0
8.5	  0.0
8.6	  0.0
8.7	  0.0
8.8	  0.0
8.9	  0.0
9.0	  0.0


