
X-Axis: Magnitude
Y-Axis: 1 Hour Cumulative Number
Number of Data Sets: 9


DATASET #1

     Name: Mean
   Points: 66
     Info: 

Data[x,y]:
2.5	  929.61035
2.6	  738.5257
2.7	  586.5407
2.8	  466.1348
2.9	  370.1874
3.0	  293.98297
3.1	  233.4309
3.2	  185.4433
3.3	  147.29657
3.4	  117.04866
3.5	  92.9493
3.6	  73.87392
3.7	  58.6321
3.8	  46.531544
3.9	  36.9037
4.0	  29.300093
4.1	  23.24653
4.2	  18.442091
4.3	  14.656614
4.4	  11.638298
4.5	  9.23432
4.6	  7.3479185
4.7	  5.8173914
4.8	  4.6045327
4.9	  3.6481962
5.0	  2.8787234
5.1	  2.2662349
5.2	  1.7917669
5.3	  1.4091582
5.4	  1.0972248
5.5	  0.85818684
5.6	  0.6695652
5.7	  0.513876
5.8	  0.38704902
5.9	  0.2906568
6.0	  0.22257169
6.1	  0.16281222
6.2	  0.10342275
6.3	  0.08168363
6.4	  0.061517112
6.5	  0.047363553
6.6	  0.040518038
6.7	  0.034505088
6.8	  0.029139686
6.9	  0.022294171
7.0	  0.016651249
7.1	  0.014153562
7.2	  0.010545791
7.3	  0.0072155413
7.4	  0.0063829785
7.5	  0.004717854
7.6	  0.002960222
7.7	  0.0011100833
7.8	  6.475486E-4
7.9	  5.5504165E-4
8.0	  1.8501388E-4
8.1	  0.0
8.2	  0.0
8.3	  0.0
8.4	  0.0
8.5	  0.0
8.6	  0.0
8.7	  0.0
8.8	  0.0
8.9	  0.0
9.0	  0.0



DATASET #2

     Name: 2.5%,97.5%
   Points: 66
     Info: 

Data[x,y]:
2.5	  803.0
2.6	  633.0
2.7	  498.0
2.8	  391.0
2.9	  307.0
3.0	  241.0
3.1	  188.0
3.2	  147.0
3.3	  114.0
3.4	  89.0
3.5	  68.0
3.6	  52.0
3.7	  40.0
3.8	  31.0
3.9	  23.0
4.0	  18.0
4.1	  13.0
4.2	  9.0
4.3	  7.0
4.4	  5.0
4.5	  3.0
4.6	  2.0
4.7	  1.0
4.8	  1.0
4.9	  0.0
5.0	  0.0
5.1	  0.0
5.2	  0.0
5.3	  0.0
5.4	  0.0
5.5	  0.0
5.6	  0.0
5.7	  0.0
5.8	  0.0
5.9	  0.0
6.0	  0.0
6.1	  0.0
6.2	  0.0
6.3	  0.0
6.4	  0.0
6.5	  0.0
6.6	  0.0
6.7	  0.0
6.8	  0.0
6.9	  0.0
7.0	  0.0
7.1	  0.0
7.2	  0.0
7.3	  0.0
7.4	  0.0
7.5	  0.0
7.6	  0.0
7.7	  0.0
7.8	  0.0
7.9	  0.0
8.0	  0.0
8.1	  0.0
8.2	  0.0
8.3	  0.0
8.4	  0.0
8.5	  0.0
8.6	  0.0
8.7	  0.0
8.8	  0.0
8.9	  0.0
9.0	  0.0



DATASET #3

     Name: null
   Points: 66
     Info: 

Data[x,y]:
2.5	  1301.0
2.6	  1035.0
2.7	  823.0
2.8	  656.0
2.9	  522.0
3.0	  414.0
3.1	  328.0
3.2	  264.0
3.3	  210.0
3.4	  167.0
3.5	  134.0
3.6	  108.0
3.7	  86.0
3.8	  70.0
3.9	  56.0
4.0	  46.0
4.1	  38.0
4.2	  31.0
4.3	  25.0
4.4	  21.0
4.5	  17.0
4.6	  15.0
4.7	  12.0
4.8	  10.0
4.9	  9.0
5.0	  7.0
5.1	  6.0
5.2	  5.0
5.3	  5.0
5.4	  4.0
5.5	  3.0
5.6	  3.0
5.7	  2.0
5.8	  2.0
5.9	  2.0
6.0	  2.0
6.1	  1.0
6.2	  1.0
6.3	  1.0
6.4	  1.0
6.5	  1.0
6.6	  1.0
6.7	  1.0
6.8	  1.0
6.9	  0.0
7.0	  0.0
7.1	  0.0
7.2	  0.0
7.3	  0.0
7.4	  0.0
7.5	  0.0
7.6	  0.0
7.7	  0.0
7.8	  0.0
7.9	  0.0
8.0	  0.0
8.1	  0.0
8.2	  0.0
8.3	  0.0
8.4	  0.0
8.5	  0.0
8.6	  0.0
8.7	  0.0
8.8	  0.0
8.9	  0.0
9.0	  0.0



DATASET #4

     Name: Median
   Points: 66
     Info: 

Data[x,y]:
2.5	  889.0
2.6	  707.0
2.7	  562.0
2.8	  447.0
2.9	  355.0
3.0	  282.0
3.1	  224.0
3.2	  178.0
3.3	  142.0
3.4	  113.0
3.5	  90.0
3.6	  71.0
3.7	  56.0
3.8	  45.0
3.9	  36.0
4.0	  28.0
4.1	  22.0
4.2	  18.0
4.3	  14.0
4.4	  11.0
4.5	  9.0
4.6	  7.0
4.7	  5.0
4.8	  4.0
4.9	  3.0
5.0	  3.0
5.1	  2.0
5.2	  2.0
5.3	  1.0
5.4	  1.0
5.5	  1.0
5.6	  0.0
5.7	  0.0
5.8	  0.0
5.9	  0.0
6.0	  0.0
6.1	  0.0
6.2	  0.0
6.3	  0.0
6.4	  0.0
6.5	  0.0
6.6	  0.0
6.7	  0.0
6.8	  0.0
6.9	  0.0
7.0	  0.0
7.1	  0.0
7.2	  0.0
7.3	  0.0
7.4	  0.0
7.5	  0.0
7.6	  0.0
7.7	  0.0
7.8	  0.0
7.9	  0.0
8.0	  0.0
8.1	  0.0
8.2	  0.0
8.3	  0.0
8.4	  0.0
8.5	  0.0
8.6	  0.0
8.7	  0.0
8.8	  0.0
8.9	  0.0
9.0	  0.0



DATASET #5

     Name: Mode
   Points: 66
     Info: 

Data[x,y]:
2.5	  887.0
2.6	  689.0
2.7	  537.0
2.8	  445.0
2.9	  343.0
3.0	  278.0
3.1	  220.0
3.2	  175.0
3.3	  144.0
3.4	  112.0
3.5	  89.0
3.6	  66.0
3.7	  55.0
3.8	  43.0
3.9	  36.0
4.0	  28.0
4.1	  23.0
4.2	  16.0
4.3	  13.0
4.4	  10.0
4.5	  9.0
4.6	  6.0
4.7	  5.0
4.8	  4.0
4.9	  3.0
5.0	  2.0
5.1	  2.0
5.2	  1.0
5.3	  1.0
5.4	  0.0
5.5	  0.0
5.6	  0.0
5.7	  0.0
5.8	  0.0
5.9	  0.0
6.0	  0.0
6.1	  0.0
6.2	  0.0
6.3	  0.0
6.4	  0.0
6.5	  0.0
6.6	  0.0
6.7	  0.0
6.8	  0.0
6.9	  0.0
7.0	  0.0
7.1	  0.0
7.2	  0.0
7.3	  0.0
7.4	  0.0
7.5	  0.0
7.6	  0.0
7.7	  0.0
7.8	  0.0
7.9	  0.0
8.0	  0.0
8.1	  0.0
8.2	  0.0
8.3	  0.0
8.4	  0.0
8.5	  0.0
8.6	  0.0
8.7	  0.0
8.8	  0.0
8.9	  0.0
9.0	  0.0



DATASET #6

     Name: 1 hr Prob
   Points: 66
     Info: 

Data[x,y]:
2.5	  1.0
2.6	  1.0
2.7	  1.0
2.8	  1.0
2.9	  1.0
3.0	  1.0
3.1	  1.0
3.2	  1.0
3.3	  1.0
3.4	  1.0
3.5	  1.0
3.6	  1.0
3.7	  1.0
3.8	  1.0
3.9	  1.0
4.0	  1.0
4.1	  1.0
4.2	  1.0
4.3	  1.0
4.4	  1.0
4.5	  0.999815
4.6	  0.9987974
4.7	  0.99500465
4.8	  0.9843663
4.9	  0.96207213
5.0	  0.9267345
5.1	  0.87234044
5.2	  0.8076781
5.3	  0.726457
5.4	  0.6362627
5.5	  0.54320073
5.6	  0.46216467
5.7	  0.38233116
5.8	  0.30777058
5.9	  0.23977798
6.0	  0.18954672
6.1	  0.14431082
6.2	  0.09435707
6.3	  0.07585569
6.4	  0.057816837
6.5	  0.04495837
6.6	  0.03959297
6.7	  0.033672526
6.8	  0.028769657
6.9	  0.022109158
7.0	  0.016558742
7.1	  0.014061054
7.2	  0.010545791
7.3	  0.0072155413
7.4	  0.0063829785
7.5	  0.004717854
7.6	  0.002960222
7.7	  0.0011100833
7.8	  6.475486E-4
7.9	  5.5504165E-4
8.0	  1.8501388E-4
8.1	  0.0
8.2	  0.0
8.3	  0.0
8.4	  0.0
8.5	  0.0
8.6	  0.0
8.7	  0.0
8.8	  0.0
8.9	  0.0
9.0	  0.0



DATASET #7

Name: 95% Conf
Num Points: 66
Info: 

X, Y Data:
2.5	1.0	[1.0	1.0]
2.6	1.0	[1.0	1.0]
2.7	1.0	[1.0	1.0]
2.8	1.0	[1.0	1.0]
2.9	1.0	[1.0	1.0]
3.0	1.0	[1.0	1.0]
3.1	1.0	[1.0	1.0]
3.2	1.0	[1.0	1.0]
3.3	1.0	[1.0	1.0]
3.4	1.0	[1.0	1.0]
3.5	1.0	[1.0	1.0]
3.6	1.0	[1.0	1.0]
3.7	1.0	[1.0	1.0]
3.8	1.0	[1.0	1.0]
3.9	1.0	[1.0	1.0]
4.0	1.0	[1.0	1.0]
4.1	1.0	[1.0	1.0]
4.2	1.0	[1.0	1.0]
4.3	1.0	[1.0	1.0]
4.4	1.0	[1.0	1.0]
4.5	0.999815	[0.99925405	0.99996793]
4.6	0.9987974	[0.99788517	0.99933106]
4.7	0.99500465	[0.9934361	0.9962093]
4.8	0.9843663	[0.98180014	0.98658156]
4.9	0.96207213	[0.9582555	0.96555626]
5.0	0.9267345	[0.9216216	0.9315413]
5.1	0.87234044	[0.86586976	0.87854457]
5.2	0.8076781	[0.8000926	0.8150436]
5.3	0.726457	[0.71792746	0.7348247]
5.4	0.6362627	[0.6271004	0.64532775]
5.5	0.54320073	[0.5337503	0.55262035]
5.6	0.46216467	[0.45273492	0.47162142]
5.7	0.38233116	[0.3731675	0.39157885]
5.8	0.30777058	[0.299093	0.31658545]
5.9	0.23977798	[0.23177706	0.24796486]
6.0	0.18954672	[0.18222329	0.1970921]
6.1	0.14431082	[0.13776733	0.15110879]
6.2	0.09435707	[0.08894452	0.10006026]
6.3	0.07585569	[0.07096891	0.08104661]
6.4	0.057816837	[0.05352746	0.06242368]
6.5	0.04495837	[0.041166805	0.04907707]
6.6	0.03959297	[0.036033325	0.043483842]
6.7	0.033672526	[0.030390268	0.037290607]
6.8	0.028769657	[0.025738226	0.032140803]
6.9	0.022109158	[0.019458937	0.025104573]
7.0	0.016558742	[0.014276203	0.01919135]
7.1	0.014061054	[0.011965113	0.016509427]
7.2	0.010545791	[0.008744437	0.0127032185]
7.3	0.0072155413	[0.0057445928	0.009046699]
7.4	0.0063829785	[0.005006242	0.008121159]
7.5	0.004717854	[0.0035503414	0.0062497454]
7.6	0.002960222	[0.0020593689	0.004229935]
7.7	0.0011100833	[6.0159346E-4	0.0019981675]
7.8	6.475486E-4	[2.837762E-4	0.0013982129]
7.9	5.5504165E-4	[2.256446E-4	0.0012736352]
8.0	1.8501388E-4	[3.2045988E-5	7.459437E-4]
8.1	0.0	[0.0	4.4289374E-4]
8.2	0.0	[0.0	4.4289374E-4]
8.3	0.0	[0.0	4.4289374E-4]
8.4	0.0	[0.0	0.0]
8.5	0.0	[0.0	0.0]
8.6	0.0	[0.0	0.0]
8.7	0.0	[0.0	0.0]
8.8	0.0	[0.0	0.0]
8.9	0.0	[0.0	0.0]
9.0	0.0	[0.0	0.0]



DATASET #8

     Name: Supra
   Points: 66
     Info: 

Data[x,y]:
2.5	  0.075670674
2.6	  0.075670674
2.7	  0.075670674
2.8	  0.075670674
2.9	  0.075670674
3.0	  0.075670674
3.1	  0.075670674
3.2	  0.075670674
3.3	  0.075670674
3.4	  0.075670674
3.5	  0.075670674
3.6	  0.075670674
3.7	  0.075670674
3.8	  0.075670674
3.9	  0.075670674
4.0	  0.075670674
4.1	  0.075670674
4.2	  0.075670674
4.3	  0.075670674
4.4	  0.075670674
4.5	  0.075670674
4.6	  0.075670674
4.7	  0.075670674
4.8	  0.075670674
4.9	  0.075670674
5.0	  0.075670674
5.1	  0.075670674
5.2	  0.075670674
5.3	  0.075670674
5.4	  0.075670674
5.5	  0.075670674
5.6	  0.075670674
5.7	  0.075670674
5.8	  0.075670674
5.9	  0.07557817
6.0	  0.07557817
6.1	  0.06725255
6.2	  0.048566144
6.3	  0.04320074
6.4	  0.037095282
6.5	  0.032099906
6.6	  0.030157262
6.7	  0.02719704
6.8	  0.02414431
6.9	  0.019148936
7.0	  0.01480111
7.1	  0.012858464
7.2	  0.009898243
7.3	  0.0069380202
7.4	  0.0062904716
7.5	  0.004717854
7.6	  0.002960222
7.7	  0.0011100833
7.8	  6.475486E-4
7.9	  5.5504165E-4
8.0	  1.8501388E-4
8.1	  0.0
8.2	  0.0
8.3	  0.0
8.4	  0.0
8.5	  0.0
8.6	  0.0
8.7	  0.0
8.8	  0.0
8.9	  0.0
9.0	  0.0



DATASET #9

     Name: Primary
   Points: 66
     Info: 

Data[x,y]:
2.5	  770.2245
2.6	  611.92395
2.7	  485.978
2.8	  386.19177
2.9	  306.65234
3.0	  243.50842
3.1	  193.33247
3.2	  153.60176
3.3	  122.00953
3.4	  96.9506
3.5	  77.00453
3.6	  61.19334
3.7	  48.588715
3.8	  38.55199
3.9	  30.56272
4.0	  24.273357
4.1	  19.256706
4.2	  15.278816
4.3	  12.140981
4.4	  9.647179
4.5	  7.661887
4.6	  6.0871415
4.7	  4.8183165
4.8	  3.8137836
4.9	  3.0192413
5.0	  2.3836262
5.1	  1.8790009
5.2	  1.4853839
5.3	  1.1675301
5.4	  0.91036075
5.5	  0.70999074
5.6	  0.55393153
5.7	  0.4267345
5.8	  0.3224792
5.9	  0.2427382
6.0	  0.18510638
6.1	  0.13681777
6.2	  0.08778908
6.3	  0.069750234
6.4	  0.052728955
6.5	  0.040610544
6.6	  0.03589269
6.7	  0.03052729
6.8	  0.026086956
6.9	  0.020351527
7.0	  0.015448659
7.1	  0.013043478
7.2	  0.009620721
7.3	  0.0065679927
7.4	  0.00573543
7.5	  0.004255319
7.6	  0.002775208
7.7	  9.250694E-4
7.8	  6.475486E-4
7.9	  5.5504165E-4
8.0	  1.8501388E-4
8.1	  0.0
8.2	  0.0
8.3	  0.0
8.4	  0.0
8.5	  0.0
8.6	  0.0
8.7	  0.0
8.8	  0.0
8.9	  0.0
9.0	  0.0


