
X-Axis: Magnitude
Y-Axis: 1 Year Cumulative Number
Number of Data Sets: 9


DATASET #1

     Name: Mean
   Points: 66
     Info: 

Data[x,y]:
2.5	  4733.589
2.6	  3760.067
2.7	  2986.4778
2.8	  2372.1611
2.9	  1884.4209
3.0	  1497.0201
3.1	  1189.1115
3.2	  944.7699
3.3	  750.271
3.4	  596.06366
3.5	  473.4705
3.6	  376.27383
3.7	  298.90952
3.8	  237.35825
3.9	  188.487
4.0	  149.62987
4.1	  118.85412
4.2	  94.33145
4.3	  74.807976
4.4	  59.346767
4.5	  46.992744
4.6	  37.300423
4.7	  29.534758
4.8	  23.349586
4.9	  18.443684
5.0	  14.531734
5.1	  11.444691
5.2	  9.017127
5.3	  7.0691113
5.4	  5.5448318
5.5	  4.3362885
5.6	  3.3497884
5.7	  2.5758615
5.8	  1.9586943
5.9	  1.4678621
6.0	  1.1293572
6.1	  0.8071731
6.2	  0.52609307
6.3	  0.39532542
6.4	  0.3010276
6.5	  0.23090872
6.6	  0.18819262
6.7	  0.15454362
6.8	  0.12391698
6.9	  0.09752166
7.0	  0.0741487
7.1	  0.06387266
7.2	  0.047148902
7.3	  0.03123111
7.4	  0.028208744
7.5	  0.020350594
7.6	  0.010276043
7.7	  0.0034253476
7.8	  0.0018134193
7.9	  8.059641E-4
8.0	  2.0149103E-4
8.1	  0.0
8.2	  0.0
8.3	  0.0
8.4	  0.0
8.5	  0.0
8.6	  0.0
8.7	  0.0
8.8	  0.0
8.9	  0.0
9.0	  0.0



DATASET #2

     Name: 2.5%,97.5%
   Points: 66
     Info: 

Data[x,y]:
2.5	  3217.0
2.6	  2560.0
2.7	  2025.0
2.8	  1602.0
2.9	  1269.0
3.0	  1003.0
3.1	  793.0
3.2	  625.0
3.3	  494.0
3.4	  388.0
3.5	  305.0
3.6	  241.0
3.7	  187.0
3.8	  146.0
3.9	  115.0
4.0	  89.0
4.1	  68.0
4.2	  52.0
4.3	  40.0
4.4	  30.0
4.5	  23.0
4.6	  17.0
4.7	  13.0
4.8	  9.0
4.9	  7.0
5.0	  5.0
5.1	  3.0
5.2	  2.0
5.3	  1.0
5.4	  1.0
5.5	  0.0
5.6	  0.0
5.7	  0.0
5.8	  0.0
5.9	  0.0
6.0	  0.0
6.1	  0.0
6.2	  0.0
6.3	  0.0
6.4	  0.0
6.5	  0.0
6.6	  0.0
6.7	  0.0
6.8	  0.0
6.9	  0.0
7.0	  0.0
7.1	  0.0
7.2	  0.0
7.3	  0.0
7.4	  0.0
7.5	  0.0
7.6	  0.0
7.7	  0.0
7.8	  0.0
7.9	  0.0
8.0	  0.0
8.1	  0.0
8.2	  0.0
8.3	  0.0
8.4	  0.0
8.5	  0.0
8.6	  0.0
8.7	  0.0
8.8	  0.0
8.9	  0.0
9.0	  0.0



DATASET #3

     Name: null
   Points: 66
     Info: 

Data[x,y]:
2.5	  12606.0
2.6	  10059.0
2.7	  8004.0
2.8	  6406.0
2.9	  5103.0
3.0	  4044.0
3.1	  3213.0
3.2	  2546.0
3.3	  2035.0
3.4	  1604.0
3.5	  1277.0
3.6	  1013.0
3.7	  807.0
3.8	  633.0
3.9	  502.0
4.0	  403.0
4.1	  320.0
4.2	  253.0
4.3	  203.0
4.4	  161.0
4.5	  127.0
4.6	  102.0
4.7	  82.0
4.8	  65.0
4.9	  52.0
5.0	  41.0
5.1	  33.0
5.2	  26.0
5.3	  21.0
5.4	  16.0
5.5	  13.0
5.6	  11.0
5.7	  9.0
5.8	  7.0
5.9	  6.0
6.0	  5.0
6.1	  4.0
6.2	  3.0
6.3	  2.0
6.4	  2.0
6.5	  2.0
6.6	  2.0
6.7	  1.0
6.8	  1.0
6.9	  1.0
7.0	  1.0
7.1	  1.0
7.2	  1.0
7.3	  1.0
7.4	  1.0
7.5	  0.0
7.6	  0.0
7.7	  0.0
7.8	  0.0
7.9	  0.0
8.0	  0.0
8.1	  0.0
8.2	  0.0
8.3	  0.0
8.4	  0.0
8.5	  0.0
8.6	  0.0
8.7	  0.0
8.8	  0.0
8.9	  0.0
9.0	  0.0



DATASET #4

     Name: Median
   Points: 66
     Info: 

Data[x,y]:
2.5	  4005.0
2.6	  3179.0
2.7	  2530.0
2.8	  2006.0
2.9	  1596.0
3.0	  1265.0
3.1	  1007.0
3.2	  801.0
3.3	  636.0
3.4	  506.0
3.5	  403.0
3.6	  321.0
3.7	  256.0
3.8	  203.0
3.9	  161.0
4.0	  128.0
4.1	  102.0
4.2	  81.0
4.3	  65.0
4.4	  51.0
4.5	  41.0
4.6	  32.0
4.7	  25.0
4.8	  20.0
4.9	  16.0
5.0	  12.0
5.1	  10.0
5.2	  8.0
5.3	  6.0
5.4	  5.0
5.5	  4.0
5.6	  3.0
5.7	  2.0
5.8	  1.0
5.9	  1.0
6.0	  1.0
6.1	  0.0
6.2	  0.0
6.3	  0.0
6.4	  0.0
6.5	  0.0
6.6	  0.0
6.7	  0.0
6.8	  0.0
6.9	  0.0
7.0	  0.0
7.1	  0.0
7.2	  0.0
7.3	  0.0
7.4	  0.0
7.5	  0.0
7.6	  0.0
7.7	  0.0
7.8	  0.0
7.9	  0.0
8.0	  0.0
8.1	  0.0
8.2	  0.0
8.3	  0.0
8.4	  0.0
8.5	  0.0
8.6	  0.0
8.7	  0.0
8.8	  0.0
8.9	  0.0
9.0	  0.0



DATASET #5

     Name: Mode
   Points: 66
     Info: 

Data[x,y]:
2.5	  3860.0
2.6	  2831.0
2.7	  2257.0
2.8	  1884.0
2.9	  1454.0
3.0	  1165.0
3.1	  899.0
3.2	  735.0
3.3	  582.0
3.4	  461.0
3.5	  386.0
3.6	  304.0
3.7	  240.0
3.8	  196.0
3.9	  145.0
4.0	  121.0
4.1	  92.0
4.2	  71.0
4.3	  59.0
4.4	  49.0
4.5	  33.0
4.6	  30.0
4.7	  23.0
4.8	  17.0
4.9	  14.0
5.0	  9.0
5.1	  9.0
5.2	  7.0
5.3	  5.0
5.4	  3.0
5.5	  2.0
5.6	  2.0
5.7	  1.0
5.8	  1.0
5.9	  0.0
6.0	  0.0
6.1	  0.0
6.2	  0.0
6.3	  0.0
6.4	  0.0
6.5	  0.0
6.6	  0.0
6.7	  0.0
6.8	  0.0
6.9	  0.0
7.0	  0.0
7.1	  0.0
7.2	  0.0
7.3	  0.0
7.4	  0.0
7.5	  0.0
7.6	  0.0
7.7	  0.0
7.8	  0.0
7.9	  0.0
8.0	  0.0
8.1	  0.0
8.2	  0.0
8.3	  0.0
8.4	  0.0
8.5	  0.0
8.6	  0.0
8.7	  0.0
8.8	  0.0
8.9	  0.0
9.0	  0.0



DATASET #6

     Name: 1 yr Prob
   Points: 66
     Info: 

Data[x,y]:
2.5	  1.0
2.6	  1.0
2.7	  1.0
2.8	  1.0
2.9	  1.0
3.0	  1.0
3.1	  1.0
3.2	  1.0
3.3	  1.0
3.4	  1.0
3.5	  1.0
3.6	  1.0
3.7	  1.0
3.8	  1.0
3.9	  1.0
4.0	  1.0
4.1	  1.0
4.2	  1.0
4.3	  1.0
4.4	  1.0
4.5	  1.0
4.6	  1.0
4.7	  1.0
4.8	  1.0
4.9	  1.0
5.0	  1.0
5.1	  0.99939555
5.2	  0.9981866
5.3	  0.9933508
5.4	  0.98146284
5.5	  0.954463
5.6	  0.9073141
5.7	  0.84545636
5.8	  0.7715092
5.9	  0.67680836
6.0	  0.58492845
6.1	  0.47692928
6.2	  0.3503929
6.3	  0.2881322
6.4	  0.22667742
6.5	  0.18114044
6.6	  0.15575257
6.7	  0.12915576
6.8	  0.10799919
6.9	  0.08805158
7.0	  0.06911142
7.1	  0.06004433
7.2	  0.0449325
7.3	  0.030022165
7.4	  0.026999798
7.5	  0.01934314
7.6	  0.0098730605
7.7	  0.0030223655
7.8	  0.0016119282
7.9	  8.059641E-4
8.0	  2.0149103E-4
8.1	  0.0
8.2	  0.0
8.3	  0.0
8.4	  0.0
8.5	  0.0
8.6	  0.0
8.7	  0.0
8.8	  0.0
8.9	  0.0
9.0	  0.0



DATASET #7

Name: 95% Conf
Num Points: 66
Info: 

X, Y Data:
2.5	1.0	[1.0	1.0]
2.6	1.0	[1.0	1.0]
2.7	1.0	[1.0	1.0]
2.8	1.0	[1.0	1.0]
2.9	1.0	[1.0	1.0]
3.0	1.0	[1.0	1.0]
3.1	1.0	[1.0	1.0]
3.2	1.0	[1.0	1.0]
3.3	1.0	[1.0	1.0]
3.4	1.0	[1.0	1.0]
3.5	1.0	[1.0	1.0]
3.6	1.0	[1.0	1.0]
3.7	1.0	[1.0	1.0]
3.8	1.0	[1.0	1.0]
3.9	1.0	[1.0	1.0]
4.0	1.0	[1.0	1.0]
4.1	1.0	[1.0	1.0]
4.2	1.0	[1.0	1.0]
4.3	1.0	[1.0	1.0]
4.4	1.0	[1.0	1.0]
4.5	1.0	[1.0	1.0]
4.6	1.0	[1.0	1.0]
4.7	1.0	[1.0	1.0]
4.8	1.0	[1.0	1.0]
4.9	1.0	[1.0	1.0]
5.0	1.0	[1.0	1.0]
5.1	0.99939555	[0.9980754	0.9998439]
5.2	0.9981866	[0.9964254	0.99911475]
5.3	0.9933508	[0.99055964	0.9953453]
5.4	0.98146284	[0.97721016	0.98495084]
5.5	0.954463	[0.9481961	0.9600147]
5.6	0.9073141	[0.8988234	0.9151669]
5.7	0.84545636	[0.8350295	0.8553435]
5.8	0.7715092	[0.7595181	0.78307664]
5.9	0.67680836	[0.6635621	0.689779]
6.0	0.58492845	[0.57105803	0.59866655]
6.1	0.47692928	[0.4629559	0.4909386]
6.2	0.3503929	[0.3371399	0.36387908]
6.3	0.2881322	[0.27560022	0.3009945]
6.4	0.22667742	[0.2151441	0.23863718]
6.5	0.18114044	[0.17057492	0.19220385]
6.6	0.15575257	[0.14583248	0.16621049]
6.7	0.12915576	[0.12001358	0.13887778]
6.8	0.10799919	[0.09956799	0.11704386]
6.9	0.08805158	[0.08038638	0.09636216]
7.0	0.06911142	[0.062286843	0.07661205]
7.1	0.06004433	[0.05367335	0.06710623]
7.2	0.0449325	[0.039418	0.05116322]
7.3	0.030022165	[0.025532903	0.035253808]
7.4	0.026999798	[0.022750627	0.03199694]
7.5	0.01934314	[0.015775628	0.023673626]
7.6	0.0098730605	[0.0073895445	0.0131422505]
7.7	0.0030223655	[0.0017565895	0.0051060813]
7.8	0.0016119282	[7.496945E-4	0.003310893]
7.9	8.059641E-4	[2.5821084E-4	0.0022145095]
8.0	2.0149103E-4	[1.0517638E-5	0.0013076533]
8.1	0.0	[0.0	9.6426683E-4]
8.2	0.0	[0.0	9.6426683E-4]
8.3	0.0	[0.0	9.6426683E-4]
8.4	0.0	[0.0	0.0]
8.5	0.0	[0.0	0.0]
8.6	0.0	[0.0	0.0]
8.7	0.0	[0.0	0.0]
8.8	0.0	[0.0	0.0]
8.9	0.0	[0.0	0.0]
9.0	0.0	[0.0	0.0]



DATASET #8

     Name: Supra
   Points: 66
     Info: 

Data[x,y]:
2.5	  0.29357243
2.6	  0.29357243
2.7	  0.29357243
2.8	  0.29357243
2.9	  0.29357243
3.0	  0.29357243
3.1	  0.29357243
3.2	  0.29357243
3.3	  0.29357243
3.4	  0.29357243
3.5	  0.29357243
3.6	  0.29357243
3.7	  0.29357243
3.8	  0.29357243
3.9	  0.29357243
4.0	  0.29357243
4.1	  0.29357243
4.2	  0.29357243
4.3	  0.29357243
4.4	  0.29357243
4.5	  0.29357243
4.6	  0.29357243
4.7	  0.29357243
4.8	  0.29357243
4.9	  0.29357243
5.0	  0.29357243
5.1	  0.29357243
5.2	  0.29357243
5.3	  0.29357243
5.4	  0.29357243
5.5	  0.29357243
5.6	  0.29357243
5.7	  0.29357243
5.8	  0.29357243
5.9	  0.29316947
6.0	  0.29296798
6.1	  0.24984889
6.2	  0.19625227
6.3	  0.16925247
6.4	  0.14749144
6.5	  0.12593189
6.6	  0.11484989
6.7	  0.09953657
6.8	  0.08704413
6.9	  0.07293975
7.0	  0.060648803
7.1	  0.053999595
7.2	  0.042313118
7.3	  0.029014708
7.4	  0.026596816
7.5	  0.01934314
7.6	  0.0098730605
7.7	  0.0030223655
7.8	  0.0016119282
7.9	  8.059641E-4
8.0	  2.0149103E-4
8.1	  0.0
8.2	  0.0
8.3	  0.0
8.4	  0.0
8.5	  0.0
8.6	  0.0
8.7	  0.0
8.8	  0.0
8.9	  0.0
9.0	  0.0



DATASET #9

     Name: Primary
   Points: 66
     Info: 

Data[x,y]:
2.5	  2162.6226
2.6	  1718.0768
2.7	  1364.3516
2.8	  1083.9535
2.9	  861.02216
3.0	  684.19104
3.1	  543.5527
3.2	  432.0161
3.3	  342.96796
3.4	  272.56076
3.5	  216.5271
3.6	  172.04715
3.7	  136.66673
3.8	  108.432
3.9	  86.03687
4.0	  68.32319
4.1	  54.310295
4.2	  43.095104
4.3	  34.168648
4.4	  27.080597
4.5	  21.466654
4.6	  16.989119
4.7	  13.459803
4.8	  10.626033
4.9	  8.401975
5.0	  6.6338906
5.1	  5.204715
5.2	  4.111626
5.3	  3.2182148
5.4	  2.5180335
5.5	  1.9723958
5.6	  1.5266975
5.7	  1.1728793
5.8	  0.8903889
5.9	  0.6691517
6.0	  0.5081604
6.1	  0.37638524
6.2	  0.24803546
6.3	  0.1930284
6.4	  0.14346161
6.5	  0.10799919
6.6	  0.092887364
6.7	  0.077171065
6.8	  0.06306669
6.9	  0.051581703
7.0	  0.03908926
7.1	  0.03284304
7.2	  0.023574451
7.3	  0.015111827
7.4	  0.013298408
7.5	  0.009268587
7.6	  0.005440258
7.7	  0.0016119282
7.8	  0.0010074552
7.9	  4.0298206E-4
8.0	  2.0149103E-4
8.1	  0.0
8.2	  0.0
8.3	  0.0
8.4	  0.0
8.5	  0.0
8.6	  0.0
8.7	  0.0
8.8	  0.0
8.9	  0.0
9.0	  0.0


