
X-Axis: Magnitude
Y-Axis: Cumulative Annual Rate (1/yr)
Number of Data Sets: 8


DATASET #1

     Name: Mean
   Points: 41
     Info: 

Data[x,y]:
5.0	  7.8329296
5.1	  6.1930914
5.2	  4.88928
5.3	  3.855369
5.4	  3.0335896
5.5	  2.3805695
5.6	  1.8621972
5.7	  1.4501657
5.8	  1.123619
5.9	  0.85413206
6.0	  0.6753328
6.1	  0.5191991
6.2	  0.40968445
6.3	  0.32282582
6.4	  0.2539928
6.5	  0.19648139
6.6	  0.15260366
6.7	  0.11863555
6.8	  0.09369931
6.9	  0.073244035
7.0	  0.05695804
7.1	  0.043454755
7.2	  0.03305538
7.3	  0.025969813
7.4	  0.020006869
7.5	  0.014482798
7.6	  0.010978177
7.7	  0.00779476
7.8	  0.0054636467
7.9	  0.0030816493
8.0	  0.0017395895
8.1	  8.2050107E-4
8.2	  3.720877E-4
8.3	  7.314544E-5
8.4	  0.0
8.5	  0.0
8.6	  0.0
8.7	  0.0
8.8	  0.0
8.9	  0.0
9.0	  0.0



DATASET #2

     Name: 2.5%,16%,84%,97.5%
   Points: 41
     Info: 

Data[x,y]:
5.0	  6.160494
5.1	  4.8703704
5.2	  3.8148148
5.3	  3.006173
5.4	  2.3580246
5.5	  1.845679
5.6	  1.4320987
5.7	  1.1111112
5.8	  0.8518519
5.9	  0.6419753
6.0	  0.50617284
6.1	  0.38271606
6.2	  0.2962963
6.3	  0.22839506
6.4	  0.17283951
6.5	  0.12962963
6.6	  0.09259259
6.7	  0.06790123
6.8	  0.049382716
6.9	  0.037037037
7.0	  0.024691358
7.1	  0.018518519
7.2	  0.012345679
7.3	  0.0061728396
7.4	  0.0061728396
7.5	  0.0
7.6	  0.0
7.7	  0.0
7.8	  0.0
7.9	  0.0
8.0	  0.0
8.1	  0.0
8.2	  0.0
8.3	  0.0
8.4	  0.0
8.5	  0.0
8.6	  0.0
8.7	  0.0
8.8	  0.0
8.9	  0.0
9.0	  0.0



DATASET #3

     Name: 
   Points: 41
     Info: 

Data[x,y]:
5.0	  6.7901235
5.1	  5.376543
5.2	  4.2469134
5.3	  3.3333333
5.4	  2.6358025
5.5	  2.0679011
5.6	  1.6111112
5.7	  1.2592592
5.8	  0.97530866
5.9	  0.7407407
6.0	  0.58641976
6.1	  0.44444445
6.2	  0.34567901
6.3	  0.27160493
6.4	  0.20987654
6.5	  0.16049382
6.6	  0.12345679
6.7	  0.09259259
6.8	  0.06790123
6.9	  0.055555556
7.0	  0.037037037
7.1	  0.030864198
7.2	  0.018518519
7.3	  0.012345679
7.4	  0.012345679
7.5	  0.0061728396
7.6	  0.0061728396
7.7	  0.0
7.8	  0.0
7.9	  0.0
8.0	  0.0
8.1	  0.0
8.2	  0.0
8.3	  0.0
8.4	  0.0
8.5	  0.0
8.6	  0.0
8.7	  0.0
8.8	  0.0
8.9	  0.0
9.0	  0.0



DATASET #4

     Name: 
   Points: 41
     Info: 

Data[x,y]:
5.0	  8.833333
5.1	  6.987654
5.2	  5.512346
5.3	  4.339506
5.4	  3.4074075
5.5	  2.6851852
5.6	  2.0987654
5.7	  1.6296296
5.8	  1.2654321
5.9	  0.9691358
6.0	  0.7654321
6.1	  0.5925926
6.2	  0.4691358
6.3	  0.37654322
6.4	  0.2962963
6.5	  0.2345679
6.6	  0.18518518
6.7	  0.14197531
6.8	  0.11728395
6.9	  0.09259259
7.0	  0.074074075
7.1	  0.061728396
7.2	  0.043209877
7.3	  0.037037037
7.4	  0.030864198
7.5	  0.024691358
7.6	  0.018518519
7.7	  0.012345679
7.8	  0.012345679
7.9	  0.0061728396
8.0	  0.0061728396
8.1	  0.0
8.2	  0.0
8.3	  0.0
8.4	  0.0
8.5	  0.0
8.6	  0.0
8.7	  0.0
8.8	  0.0
8.9	  0.0
9.0	  0.0



DATASET #5

     Name: 
   Points: 41
     Info: 

Data[x,y]:
5.0	  10.641975
5.1	  8.37037
5.2	  6.5987654
5.3	  5.2222223
5.4	  4.0925927
5.5	  3.2098765
5.6	  2.5
5.7	  1.9320987
5.8	  1.4938271
5.9	  1.1234568
6.0	  0.8888889
6.1	  0.69135803
6.2	  0.54320985
6.3	  0.43209878
6.4	  0.34567901
6.5	  0.27160493
6.6	  0.21604939
6.7	  0.17283951
6.8	  0.14197531
6.9	  0.11728395
7.0	  0.09259259
7.1	  0.074074075
7.2	  0.061728396
7.3	  0.049382716
7.4	  0.043209877
7.5	  0.030864198
7.6	  0.024691358
7.7	  0.018518519
7.8	  0.012345679
7.9	  0.012345679
8.0	  0.0061728396
8.1	  0.0061728396
8.2	  0.0061728396
8.3	  0.0
8.4	  0.0
8.5	  0.0
8.6	  0.0
8.7	  0.0
8.8	  0.0
8.9	  0.0
9.0	  0.0



DATASET #6

     Name: Median
   Points: 41
     Info: 

Data[x,y]:
5.0	  7.623457
5.1	  6.0246916
5.2	  4.765432
5.3	  3.7592592
5.4	  2.9629629
5.5	  2.3271606
5.6	  1.8209877
5.7	  1.425926
5.8	  1.1049383
5.9	  0.845679
6.0	  0.6666667
6.1	  0.5123457
6.2	  0.4074074
6.3	  0.32098764
6.4	  0.25308642
6.5	  0.19753087
6.6	  0.15432099
6.7	  0.11728395
6.8	  0.09259259
6.9	  0.074074075
7.0	  0.055555556
7.1	  0.043209877
7.2	  0.030864198
7.3	  0.024691358
7.4	  0.018518519
7.5	  0.012345679
7.6	  0.012345679
7.7	  0.0061728396
7.8	  0.0061728396
7.9	  0.0
8.0	  0.0
8.1	  0.0
8.2	  0.0
8.3	  0.0
8.4	  0.0
8.5	  0.0
8.6	  0.0
8.7	  0.0
8.8	  0.0
8.9	  0.0
9.0	  0.0



DATASET #7

     Name: Mode
   Points: 41
     Info: 

Data[x,y]:
5.0	  7.685185
5.1	  5.376543
5.2	  4.648148
5.3	  3.7469137
5.4	  2.851852
5.5	  2.3271606
5.6	  1.8641975
5.7	  1.4197531
5.8	  1.0555556
5.9	  0.80864197
6.0	  0.6481481
6.1	  0.5123457
6.2	  0.40123457
6.3	  0.30246913
6.4	  0.24691358
6.5	  0.2037037
6.6	  0.16049382
6.7	  0.11728395
6.8	  0.09876543
6.9	  0.06790123
7.0	  0.049382716
7.1	  0.037037037
7.2	  0.030864198
7.3	  0.024691358
7.4	  0.018518519
7.5	  0.012345679
7.6	  0.0061728396
7.7	  0.0061728396
7.8	  0.0061728396
7.9	  0.0
8.0	  0.0
8.1	  0.0
8.2	  0.0
8.3	  0.0
8.4	  0.0
8.5	  0.0
8.6	  0.0
8.7	  0.0
8.8	  0.0
8.9	  0.0
9.0	  0.0



DATASET #8

     Name: Std. Dev.
   Points: 41
     Info: 

Data[x,y]:
5.0	  1.2238599
5.1	  0.966397
5.2	  0.7592574
5.3	  0.5965057
5.4	  0.46542692
5.5	  0.36316288
5.6	  0.28143537
5.7	  0.21396215
5.8	  0.16293314
5.9	  0.12346969
6.0	  0.097791284
6.1	  0.07819686
6.2	  0.06356005
6.3	  0.05241462
6.4	  0.04422594
6.5	  0.037369087
6.6	  0.03112647
6.7	  0.026945423
6.8	  0.023335064
6.9	  0.020441262
7.0	  0.01784266
7.1	  0.015356149
7.2	  0.012960709
7.3	  0.0109894825
7.4	  0.009341789
7.5	  0.0075955912
7.6	  0.006389755
7.7	  0.005347667
7.8	  0.004439323
7.9	  0.003504375
8.0	  0.002875059
8.1	  0.0021055036
8.2	  0.0014695241
8.3	  6.6812785E-4
8.4	  0.0
8.5	  0.0
8.6	  0.0
8.7	  0.0
8.8	  0.0
8.9	  0.0
9.0	  0.0


