
X-Axis: Duration (years)
Y-Axis: Cumulative Annual Rate (1/yr)
Number of Data Sets: 8


DATASET #1

Name: Mean
Num Points: 30
Info: 

X, Y Data:
1.0	7.8297033
4.0	7.8297033
8.0	7.831496
12.0	7.831838
16.0	7.831496
20.0	7.8297033
24.0	7.83266
28.0	7.8334556
32.0	7.83266
36.0	7.827732
40.0	7.83266
44.0	7.831658
48.0	7.83266
52.0	7.827732
56.0	7.8332067
60.0	7.83266
64.0	7.8332067
68.0	7.8334556
72.0	7.842832
76.0	7.8268085
80.0	7.83266
84.0	7.8523664
88.0	7.8373895
92.0	7.8270345
96.0	7.83266
100.0	7.8297033
200.0	7.856055
300.0	7.9012623
400.0	7.856055
500.0	7.8297033



DATASET #2

Name: 2.5%,16%,84%,97.5%
Num Points: 30
Info: 

X, Y Data:
1.0	1.0
4.0	3.0
8.0	3.875
12.0	4.25
16.0	4.5
20.0	4.7
24.0	4.8333335
28.0	4.964286
32.0	5.03125
36.0	5.111111
40.0	5.225
44.0	5.2954545
48.0	5.3333335
52.0	5.3653846
56.0	5.482143
60.0	5.4666667
64.0	5.53125
68.0	5.5735292
72.0	5.625
76.0	5.644737
80.0	5.6625
84.0	5.6904764
88.0	5.7045455
92.0	5.7608695
96.0	5.78125
100.0	5.82
200.0	6.275
300.0	6.56
400.0	6.615
500.0	6.714



DATASET #3

Name: 
Num Points: 30
Info: 

X, Y Data:
1.0	3.0
4.0	4.5
8.0	5.0
12.0	5.3333335
16.0	5.5
20.0	5.65
24.0	5.75
28.0	5.857143
32.0	5.90625
36.0	5.9722223
40.0	6.05
44.0	6.090909
48.0	6.1666665
52.0	6.2115383
56.0	6.232143
60.0	6.3
64.0	6.296875
68.0	6.352941
72.0	6.388889
76.0	6.4210525
80.0	6.4375
84.0	6.464286
88.0	6.4886365
92.0	6.521739
96.0	6.5625
100.0	6.58
200.0	6.91
300.0	7.07
400.0	7.1425
500.0	7.174



DATASET #4

Name: 
Num Points: 30
Info: 

X, Y Data:
1.0	11.0
4.0	10.0
8.0	9.875
12.0	9.833333
16.0	9.75
20.0	9.7
24.0	9.625
28.0	9.571428
32.0	9.5
36.0	9.444445
40.0	9.4
44.0	9.409091
48.0	9.3125
52.0	9.307693
56.0	9.267858
60.0	9.216666
64.0	9.203125
68.0	9.220589
72.0	9.152778
76.0	9.144737
80.0	9.125
84.0	9.107142
88.0	9.113636
92.0	9.065217
96.0	9.020833
100.0	9.01
200.0	8.75
300.0	8.626667
400.0	8.475
500.0	8.406



DATASET #5

Name: 
Num Points: 30
Info: 

X, Y Data:
1.0	25.0
4.0	21.0
8.0	18.625
12.0	17.166666
16.0	16.25
20.0	15.5
24.0	14.875
28.0	14.642858
32.0	14.21875
36.0	13.888889
40.0	13.575
44.0	13.340909
48.0	13.25
52.0	12.826923
56.0	12.660714
60.0	12.483334
64.0	12.40625
68.0	12.294118
72.0	12.138889
76.0	11.960526
80.0	11.7625
84.0	12.035714
88.0	11.613636
92.0	11.597826
96.0	11.489583
100.0	11.52
200.0	10.35
300.0	9.916667
400.0	9.7825
500.0	9.552



DATASET #6

Name: Median
Num Points: 30
Info: 

X, Y Data:
1.0	6.0
4.0	6.5
8.0	6.75
12.0	6.9166665
16.0	7.0
20.0	7.1
24.0	7.1666665
28.0	7.178571
32.0	7.21875
36.0	7.2777777
40.0	7.3
44.0	7.340909
48.0	7.375
52.0	7.3653846
56.0	7.428571
60.0	7.4166665
64.0	7.4375
68.0	7.4558825
72.0	7.4583335
76.0	7.4736843
80.0	7.5125
84.0	7.5238094
88.0	7.5227275
92.0	7.5108695
96.0	7.5208335
100.0	7.5
200.0	7.69
300.0	7.77
400.0	7.7525
500.0	7.756



DATASET #7

Name: Mode
Num Points: 30
Info: 

X, Y Data:
1.0	5.0
4.0	5.75
8.0	5.625
12.0	6.4166665
16.0	6.0625
20.0	6.5
24.0	6.2916665
28.0	6.964286
32.0	6.59375
36.0	6.9166665
40.0	6.25
44.0	6.75
48.0	6.7916665
52.0	6.769231
56.0	6.928571
60.0	7.266667
64.0	6.703125
68.0	6.9852943
72.0	7.2777777
76.0	6.4078946
80.0	7.425
84.0	7.202381
88.0	7.159091
92.0	7.2826085
96.0	7.1458335
100.0	7.26
200.0	7.91
300.0	7.6233335
400.0	8.065
500.0	7.608



DATASET #8

Name: Std. Dev.
Num Points: 30
Info: 

X, Y Data:
1.0	11.440693
4.0	6.529515
8.0	4.889901
12.0	4.1184278
16.0	3.6442103
20.0	3.2915056
24.0	3.068171
28.0	2.8171122
32.0	2.6995773
36.0	2.5243874
40.0	2.4145002
44.0	2.3160026
48.0	2.2259233
52.0	2.1298244
56.0	2.0673707
60.0	1.994616
64.0	1.9566231
68.0	1.8720596
72.0	1.8472366
76.0	1.7630936
80.0	1.7407953
84.0	1.7344267
88.0	1.6995201
92.0	1.6608976
96.0	1.6066391
100.0	1.5547252
200.0	1.124825
300.0	0.97084916
400.0	0.8256085
500.0	0.74017745


