
X-Axis: Magnitude
Y-Axis: 1 Month Cumulative Number
Number of Data Sets: 9


DATASET #1

     Name: Mean
   Points: 66
     Info: 

Data[x,y]:
2.5	  529.5365
2.6	  420.6314
2.7	  334.0995
2.8	  265.35278
2.9	  210.74129
3.0	  167.36615
3.1	  132.90973
3.2	  105.57049
3.3	  83.89218
3.4	  66.655174
3.5	  52.959957
3.6	  42.048054
3.7	  33.39063
3.8	  26.529135
3.9	  21.069122
4.0	  16.723625
4.1	  13.271359
4.2	  10.542981
4.3	  8.3619995
4.4	  6.6439877
4.5	  5.2798924
4.6	  4.186258
4.7	  3.3184013
4.8	  2.6350062
4.9	  2.0819955
5.0	  1.6450732
5.1	  1.2999139
5.2	  1.0237641
5.3	  0.8060327
5.4	  0.63055277
5.5	  0.49504134
5.6	  0.38711125
5.7	  0.300363
5.8	  0.22966954
5.9	  0.17488118
6.0	  0.13790652
6.1	  0.10650799
6.2	  0.07975001
6.3	  0.060738746
6.4	  0.045582127
6.5	  0.033793647
6.6	  0.025223607
6.7	  0.019235807
6.8	  0.014183601
6.9	  0.010665769
7.0	  0.007447326
7.1	  0.0054264436
7.2	  0.0041166125
7.3	  0.0026196623
7.4	  0.0023202724
7.5	  0.0018711875
7.6	  0.0010104412
7.7	  3.7423748E-4
7.8	  1.8711874E-4
7.9	  7.48475E-5
8.0	  0.0
8.1	  0.0
8.2	  0.0
8.3	  0.0
8.4	  0.0
8.5	  0.0
8.6	  0.0
8.7	  0.0
8.8	  0.0
8.9	  0.0
9.0	  0.0



DATASET #2

     Name: 2.5%,97.5%
   Points: 66
     Info: 

Data[x,y]:
2.5	  352.0
2.6	  277.0
2.7	  217.0
2.8	  170.0
2.9	  132.0
3.0	  103.0
3.1	  80.0
3.2	  62.0
3.3	  47.0
3.4	  36.0
3.5	  27.0
3.6	  21.0
3.7	  15.0
3.8	  11.0
3.9	  8.0
4.0	  6.0
4.1	  4.0
4.2	  3.0
4.3	  2.0
4.4	  1.0
4.5	  1.0
4.6	  0.0
4.7	  0.0
4.8	  0.0
4.9	  0.0
5.0	  0.0
5.1	  0.0
5.2	  0.0
5.3	  0.0
5.4	  0.0
5.5	  0.0
5.6	  0.0
5.7	  0.0
5.8	  0.0
5.9	  0.0
6.0	  0.0
6.1	  0.0
6.2	  0.0
6.3	  0.0
6.4	  0.0
6.5	  0.0
6.6	  0.0
6.7	  0.0
6.8	  0.0
6.9	  0.0
7.0	  0.0
7.1	  0.0
7.2	  0.0
7.3	  0.0
7.4	  0.0
7.5	  0.0
7.6	  0.0
7.7	  0.0
7.8	  0.0
7.9	  0.0
8.0	  0.0
8.1	  0.0
8.2	  0.0
8.3	  0.0
8.4	  0.0
8.5	  0.0
8.6	  0.0
8.7	  0.0
8.8	  0.0
8.9	  0.0
9.0	  0.0



DATASET #3

     Name: null
   Points: 66
     Info: 

Data[x,y]:
2.5	  1207.0
2.6	  955.0
2.7	  760.0
2.8	  603.0
2.9	  478.0
3.0	  378.0
3.1	  302.0
3.2	  240.0
3.3	  193.0
3.4	  154.0
3.5	  123.0
3.6	  99.0
3.7	  80.0
3.8	  63.0
3.9	  51.0
4.0	  41.0
4.1	  33.0
4.2	  27.0
4.3	  22.0
4.4	  18.0
4.5	  15.0
4.6	  12.0
4.7	  10.0
4.8	  9.0
4.9	  7.0
5.0	  6.0
5.1	  5.0
5.2	  4.0
5.3	  4.0
5.4	  3.0
5.5	  3.0
5.6	  2.0
5.7	  2.0
5.8	  2.0
5.9	  2.0
6.0	  1.0
6.1	  1.0
6.2	  1.0
6.3	  1.0
6.4	  1.0
6.5	  1.0
6.6	  0.0
6.7	  0.0
6.8	  0.0
6.9	  0.0
7.0	  0.0
7.1	  0.0
7.2	  0.0
7.3	  0.0
7.4	  0.0
7.5	  0.0
7.6	  0.0
7.7	  0.0
7.8	  0.0
7.9	  0.0
8.0	  0.0
8.1	  0.0
8.2	  0.0
8.3	  0.0
8.4	  0.0
8.5	  0.0
8.6	  0.0
8.7	  0.0
8.8	  0.0
8.9	  0.0
9.0	  0.0



DATASET #4

     Name: Median
   Points: 66
     Info: 

Data[x,y]:
2.5	  440.0
2.6	  351.0
2.7	  279.0
2.8	  222.0
2.9	  176.0
3.0	  140.0
3.1	  112.0
3.2	  89.0
3.3	  71.0
3.4	  56.0
3.5	  45.0
3.6	  36.0
3.7	  28.0
3.8	  22.0
3.9	  18.0
4.0	  14.0
4.1	  11.0
4.2	  9.0
4.3	  7.0
4.4	  5.0
4.5	  4.0
4.6	  3.0
4.7	  3.0
4.8	  2.0
4.9	  2.0
5.0	  1.0
5.1	  1.0
5.2	  1.0
5.3	  0.0
5.4	  0.0
5.5	  0.0
5.6	  0.0
5.7	  0.0
5.8	  0.0
5.9	  0.0
6.0	  0.0
6.1	  0.0
6.2	  0.0
6.3	  0.0
6.4	  0.0
6.5	  0.0
6.6	  0.0
6.7	  0.0
6.8	  0.0
6.9	  0.0
7.0	  0.0
7.1	  0.0
7.2	  0.0
7.3	  0.0
7.4	  0.0
7.5	  0.0
7.6	  0.0
7.7	  0.0
7.8	  0.0
7.9	  0.0
8.0	  0.0
8.1	  0.0
8.2	  0.0
8.3	  0.0
8.4	  0.0
8.5	  0.0
8.6	  0.0
8.7	  0.0
8.8	  0.0
8.9	  0.0
9.0	  0.0



DATASET #5

     Name: Mode
   Points: 66
     Info: 

Data[x,y]:
2.5	  401.0
2.6	  331.0
2.7	  264.0
2.8	  201.0
2.9	  166.0
3.0	  133.0
3.1	  108.0
3.2	  83.0
3.3	  65.0
3.4	  53.0
3.5	  39.0
3.6	  34.0
3.7	  27.0
3.8	  20.0
3.9	  15.0
4.0	  13.0
4.1	  10.0
4.2	  7.0
4.3	  6.0
4.4	  5.0
4.5	  3.0
4.6	  3.0
4.7	  2.0
4.8	  1.0
4.9	  1.0
5.0	  1.0
5.1	  0.0
5.2	  0.0
5.3	  0.0
5.4	  0.0
5.5	  0.0
5.6	  0.0
5.7	  0.0
5.8	  0.0
5.9	  0.0
6.0	  0.0
6.1	  0.0
6.2	  0.0
6.3	  0.0
6.4	  0.0
6.5	  0.0
6.6	  0.0
6.7	  0.0
6.8	  0.0
6.9	  0.0
7.0	  0.0
7.1	  0.0
7.2	  0.0
7.3	  0.0
7.4	  0.0
7.5	  0.0
7.6	  0.0
7.7	  0.0
7.8	  0.0
7.9	  0.0
8.0	  0.0
8.1	  0.0
8.2	  0.0
8.3	  0.0
8.4	  0.0
8.5	  0.0
8.6	  0.0
8.7	  0.0
8.8	  0.0
8.9	  0.0
9.0	  0.0



DATASET #6

     Name: 1 mo Prob
   Points: 66
     Info: 

Data[x,y]:
2.5	  1.0
2.6	  1.0
2.7	  1.0
2.8	  1.0
2.9	  1.0
3.0	  1.0
3.1	  1.0
3.2	  1.0
3.3	  1.0
3.4	  1.0
3.5	  1.0
3.6	  1.0
3.7	  1.0
3.8	  1.0
3.9	  1.0
4.0	  0.99996257
4.1	  0.9997006
4.2	  0.9990644
4.3	  0.99681896
4.4	  0.99098086
4.5	  0.9779574
4.6	  0.95157367
4.7	  0.91059464
4.8	  0.8557314
4.9	  0.7873583
5.0	  0.7122488
5.1	  0.6303282
5.2	  0.54713523
5.3	  0.46757233
5.4	  0.39388496
5.5	  0.32786947
5.6	  0.270424
5.7	  0.22023876
5.8	  0.17503087
5.9	  0.13951574
6.0	  0.11294487
6.1	  0.08985442
6.2	  0.06998241
6.3	  0.05418959
6.4	  0.04071704
6.5	  0.030500356
6.6	  0.023127876
6.7	  0.017701434
6.8	  0.01317316
6.9	  0.010104412
7.0	  0.0072602076
7.1	  0.0053141722
7.2	  0.0041166125
7.3	  0.0026196623
7.4	  0.0023202724
7.5	  0.0018711875
7.6	  0.0010104412
7.7	  3.7423748E-4
7.8	  1.8711874E-4
7.9	  7.48475E-5
8.0	  0.0
8.1	  0.0
8.2	  0.0
8.3	  0.0
8.4	  0.0
8.5	  0.0
8.6	  0.0
8.7	  0.0
8.8	  0.0
8.9	  0.0
9.0	  0.0



DATASET #7

Name: 95% Conf
Num Points: 66
Info: 

X, Y Data:
2.5	1.0	[1.0	1.0]
2.6	1.0	[1.0	1.0]
2.7	1.0	[1.0	1.0]
2.8	1.0	[1.0	1.0]
2.9	1.0	[1.0	1.0]
3.0	1.0	[1.0	1.0]
3.1	1.0	[1.0	1.0]
3.2	1.0	[1.0	1.0]
3.3	1.0	[1.0	1.0]
3.4	1.0	[1.0	1.0]
3.5	1.0	[1.0	1.0]
3.6	1.0	[1.0	1.0]
3.7	1.0	[1.0	1.0]
3.8	1.0	[1.0	1.0]
3.9	1.0	[1.0	1.0]
4.0	0.99996257	[0.999757	0.99999803]
4.1	0.9997006	[0.9993845	0.99986076]
4.2	0.9990644	[0.99859685	0.9993813]
4.3	0.99681896	[0.996048	0.9974432]
4.4	0.99098086	[0.98975474	0.9920635]
4.5	0.9779574	[0.9761076	0.9796683]
4.6	0.95157367	[0.94891506	0.9541015]
4.7	0.91059464	[0.9070952	0.9139755]
4.8	0.8557314	[0.8514484	0.85991174]
4.9	0.7873583	[0.78239214	0.79224145]
5.0	0.7122488	[0.7067716	0.7176648]
5.1	0.6303282	[0.6245032	0.6361156]
5.2	0.54713523	[0.5411417	0.5531151]
5.3	0.46757233	[0.4615762	0.4735778]
5.4	0.39388496	[0.38802338	0.39977714]
5.5	0.32786947	[0.32224724	0.33354133]
5.6	0.270424	[0.26511288	0.2758014]
5.7	0.22023876	[0.21529175	0.22526652]
5.8	0.17503087	[0.17050293	0.17965263]
5.9	0.13951574	[0.13539462	0.14374097]
6.0	0.11294487	[0.10918671	0.11681486]
6.1	0.08985442	[0.08646583	0.09336157]
6.2	0.06998241	[0.066966556	0.07312265]
6.3	0.05418959	[0.051520344	0.05698788]
6.4	0.04071704	[0.038394433	0.04317273]
6.5	0.030500356	[0.028486947	0.032649968]
6.6	0.023127876	[0.021374999	0.025019275]
6.7	0.017701434	[0.01617038	0.019372784]
6.8	0.01317316	[0.011856611	0.014631581]
6.9	0.010104412	[0.008956074	0.011395786]
7.0	0.0072602076	[0.0062932996	0.008371372]
7.1	0.0053141722	[0.004493515	0.0062800907]
7.2	0.0041166125	[0.0033999474	0.0049793]
7.3	0.0026196623	[0.002057619	0.0033290351]
7.4	0.0023202724	[0.0017941401	0.0029940894]
7.5	0.0018711875	[0.0014035818	0.002487124]
7.6	0.0010104412	[6.7932275E-4	0.0014919401]
7.7	3.7423748E-4	[1.901858E-4	7.130009E-4]
7.8	1.8711874E-4	[6.889051E-5	4.6406852E-4]
7.9	7.48475E-5	[1.2964073E-5	3.018427E-4]
8.0	0.0	[0.0	1.792113E-4]
8.1	0.0	[0.0	1.792113E-4]
8.2	0.0	[0.0	1.792113E-4]
8.3	0.0	[0.0	1.792113E-4]
8.4	0.0	[0.0	0.0]
8.5	0.0	[0.0	0.0]
8.6	0.0	[0.0	0.0]
8.7	0.0	[0.0	0.0]
8.8	0.0	[0.0	0.0]
8.9	0.0	[0.0	0.0]
9.0	0.0	[0.0	0.0]



DATASET #8

     Name: Supra
   Points: 66
     Info: 

Data[x,y]:
2.5	  0.023689233
2.6	  0.023689233
2.7	  0.023689233
2.8	  0.023689233
2.9	  0.023689233
3.0	  0.023689233
3.1	  0.023689233
3.2	  0.023689233
3.3	  0.023689233
3.4	  0.023689233
3.5	  0.023689233
3.6	  0.023689233
3.7	  0.023689233
3.8	  0.023689233
3.9	  0.023689233
4.0	  0.023689233
4.1	  0.023689233
4.2	  0.023689233
4.3	  0.023689233
4.4	  0.023689233
4.5	  0.023689233
4.6	  0.023689233
4.7	  0.023689233
4.8	  0.023689233
4.9	  0.023689233
5.0	  0.023689233
5.1	  0.023689233
5.2	  0.023689233
5.3	  0.023689233
5.4	  0.023689233
5.5	  0.023689233
5.6	  0.023689233
5.7	  0.023689233
5.8	  0.023689233
5.9	  0.023689233
6.0	  0.02365181
6.1	  0.01946035
6.2	  0.014744957
6.3	  0.011788481
6.4	  0.00958048
6.5	  0.008046106
6.6	  0.007447326
6.7	  0.0065117325
6.8	  0.0057632574
6.9	  0.005052206
7.0	  0.004303731
7.1	  0.0040791887
7.2	  0.0034055612
7.3	  0.00239512
7.4	  0.0021705774
7.5	  0.00179634
7.6	  9.730175E-4
7.7	  3.3681374E-4
7.8	  1.49695E-4
7.9	  7.48475E-5
8.0	  0.0
8.1	  0.0
8.2	  0.0
8.3	  0.0
8.4	  0.0
8.5	  0.0
8.6	  0.0
8.7	  0.0
8.8	  0.0
8.9	  0.0
9.0	  0.0



DATASET #9

     Name: Primary
   Points: 66
     Info: 

Data[x,y]:
2.5	  309.32352
2.6	  245.71158
2.7	  195.16437
2.8	  154.97766
2.9	  123.08177
3.0	  97.74406
3.1	  77.62865
3.2	  61.664497
3.3	  48.999027
3.4	  38.940872
3.5	  30.92665
3.6	  24.559185
3.7	  19.501478
3.8	  15.501404
3.9	  12.308558
4.0	  9.772052
4.1	  7.7551365
4.2	  6.158864
4.3	  4.8867183
4.4	  3.8814416
4.5	  3.0859249
4.6	  2.4498708
4.7	  1.9407582
4.8	  1.5421953
4.9	  1.2193406
5.0	  0.9641106
5.1	  0.76078737
5.2	  0.6003144
5.3	  0.4746454
5.4	  0.37244114
5.5	  0.2926537
5.6	  0.22914562
5.7	  0.17731373
5.8	  0.13517459
5.9	  0.10429999
6.0	  0.08210771
6.1	  0.06444369
6.2	  0.0493245
6.3	  0.03794768
6.4	  0.028404625
6.5	  0.020807605
6.6	  0.015044347
6.7	  0.01137682
6.8	  0.008046106
6.9	  0.006137495
7.0	  0.0044160024
7.1	  0.0028816287
7.2	  0.0021331536
7.3	  0.0013098312
7.4	  0.0011227125
7.5	  8.9817E-4
7.6	  4.49085E-4
7.7	  1.49695E-4
7.8	  7.48475E-5
7.9	  3.742375E-5
8.0	  0.0
8.1	  0.0
8.2	  0.0
8.3	  0.0
8.4	  0.0
8.5	  0.0
8.6	  0.0
8.7	  0.0
8.8	  0.0
8.9	  0.0
9.0	  0.0


