
X-Axis: Magnitude
Y-Axis: 1 Year Cumulative Number
Number of Data Sets: 9


DATASET #1

     Name: Mean
   Points: 66
     Info: 

Data[x,y]:
2.5	  756.4887
2.6	  600.86383
2.7	  477.21613
2.8	  379.028
2.9	  301.10675
3.0	  239.104
3.1	  189.89308
3.2	  150.85126
3.3	  119.84944
3.4	  95.25184
3.5	  75.65488
3.6	  60.08819
3.7	  47.73034
3.8	  37.891083
3.9	  30.096827
4.0	  23.91781
4.1	  18.998363
4.2	  15.0848255
4.3	  11.966361
4.4	  9.498409
4.5	  7.5431404
4.6	  5.977725
4.7	  4.750705
4.8	  3.7736158
4.9	  2.9763615
5.0	  2.355396
5.1	  1.8563505
5.2	  1.4626784
5.3	  1.1543777
5.4	  0.8994454
5.5	  0.708428
5.6	  0.54977727
5.7	  0.42558414
5.8	  0.32621148
5.9	  0.24747704
6.0	  0.19729066
6.1	  0.1508319
6.2	  0.1115556
6.3	  0.08473498
6.4	  0.064460404
6.5	  0.04736794
6.6	  0.03609419
6.7	  0.028093463
6.8	  0.02063824
6.9	  0.015183198
7.0	  0.010819165
7.1	  0.008182562
7.2	  0.00654605
7.3	  0.004636785
7.4	  0.0042731157
7.5	  0.0031821073
7.6	  0.0019092645
7.7	  8.1825623E-4
7.8	  4.5458679E-4
7.9	  1.8183471E-4
8.0	  0.0
8.1	  0.0
8.2	  0.0
8.3	  0.0
8.4	  0.0
8.5	  0.0
8.6	  0.0
8.7	  0.0
8.8	  0.0
8.9	  0.0
9.0	  0.0



DATASET #2

     Name: 2.5%,97.5%
   Points: 66
     Info: 

Data[x,y]:
2.5	  455.0
2.6	  359.0
2.7	  282.0
2.8	  221.0
2.9	  173.0
3.0	  135.0
3.1	  105.0
3.2	  82.0
3.3	  63.0
3.4	  49.0
3.5	  37.0
3.6	  28.0
3.7	  21.0
3.8	  16.0
3.9	  12.0
4.0	  8.0
4.1	  6.0
4.2	  4.0
4.3	  3.0
4.4	  2.0
4.5	  1.0
4.6	  1.0
4.7	  0.0
4.8	  0.0
4.9	  0.0
5.0	  0.0
5.1	  0.0
5.2	  0.0
5.3	  0.0
5.4	  0.0
5.5	  0.0
5.6	  0.0
5.7	  0.0
5.8	  0.0
5.9	  0.0
6.0	  0.0
6.1	  0.0
6.2	  0.0
6.3	  0.0
6.4	  0.0
6.5	  0.0
6.6	  0.0
6.7	  0.0
6.8	  0.0
6.9	  0.0
7.0	  0.0
7.1	  0.0
7.2	  0.0
7.3	  0.0
7.4	  0.0
7.5	  0.0
7.6	  0.0
7.7	  0.0
7.8	  0.0
7.9	  0.0
8.0	  0.0
8.1	  0.0
8.2	  0.0
8.3	  0.0
8.4	  0.0
8.5	  0.0
8.6	  0.0
8.7	  0.0
8.8	  0.0
8.9	  0.0
9.0	  0.0



DATASET #3

     Name: null
   Points: 66
     Info: 

Data[x,y]:
2.5	  1989.0
2.6	  1584.0
2.7	  1254.0
2.8	  1000.0
2.9	  800.0
3.0	  630.0
3.1	  498.0
3.2	  394.0
3.3	  313.0
3.4	  253.0
3.5	  200.0
3.6	  160.0
3.7	  126.0
3.8	  101.0
3.9	  82.0
4.0	  66.0
4.1	  53.0
4.2	  42.0
4.3	  34.0
4.4	  27.0
4.5	  22.0
4.6	  18.0
4.7	  15.0
4.8	  12.0
4.9	  10.0
5.0	  9.0
5.1	  7.0
5.2	  6.0
5.3	  5.0
5.4	  4.0
5.5	  4.0
5.6	  3.0
5.7	  3.0
5.8	  2.0
5.9	  2.0
6.0	  2.0
6.1	  1.0
6.2	  1.0
6.3	  1.0
6.4	  1.0
6.5	  1.0
6.6	  1.0
6.7	  0.0
6.8	  0.0
6.9	  0.0
7.0	  0.0
7.1	  0.0
7.2	  0.0
7.3	  0.0
7.4	  0.0
7.5	  0.0
7.6	  0.0
7.7	  0.0
7.8	  0.0
7.9	  0.0
8.0	  0.0
8.1	  0.0
8.2	  0.0
8.3	  0.0
8.4	  0.0
8.5	  0.0
8.6	  0.0
8.7	  0.0
8.8	  0.0
8.9	  0.0
9.0	  0.0



DATASET #4

     Name: Median
   Points: 66
     Info: 

Data[x,y]:
2.5	  585.0
2.6	  465.0
2.7	  371.0
2.8	  295.0
2.9	  235.0
3.0	  187.0
3.1	  149.0
3.2	  118.0
3.3	  94.0
3.4	  75.0
3.5	  60.0
3.6	  47.0
3.7	  38.0
3.8	  30.0
3.9	  24.0
4.0	  19.0
4.1	  15.0
4.2	  12.0
4.3	  9.0
4.4	  7.0
4.5	  6.0
4.6	  5.0
4.7	  4.0
4.8	  3.0
4.9	  2.0
5.0	  2.0
5.1	  1.0
5.2	  1.0
5.3	  1.0
5.4	  0.0
5.5	  0.0
5.6	  0.0
5.7	  0.0
5.8	  0.0
5.9	  0.0
6.0	  0.0
6.1	  0.0
6.2	  0.0
6.3	  0.0
6.4	  0.0
6.5	  0.0
6.6	  0.0
6.7	  0.0
6.8	  0.0
6.9	  0.0
7.0	  0.0
7.1	  0.0
7.2	  0.0
7.3	  0.0
7.4	  0.0
7.5	  0.0
7.6	  0.0
7.7	  0.0
7.8	  0.0
7.9	  0.0
8.0	  0.0
8.1	  0.0
8.2	  0.0
8.3	  0.0
8.4	  0.0
8.5	  0.0
8.6	  0.0
8.7	  0.0
8.8	  0.0
8.9	  0.0
9.0	  0.0



DATASET #5

     Name: Mode
   Points: 66
     Info: 

Data[x,y]:
2.5	  523.0
2.6	  429.0
2.7	  341.0
2.8	  266.0
2.9	  213.0
3.0	  168.0
3.1	  138.0
3.2	  108.0
3.3	  84.0
3.4	  72.0
3.5	  56.0
3.6	  41.0
3.7	  32.0
3.8	  27.0
3.9	  19.0
4.0	  16.0
4.1	  13.0
4.2	  10.0
4.3	  9.0
4.4	  6.0
4.5	  4.0
4.6	  4.0
4.7	  3.0
4.8	  2.0
4.9	  1.0
5.0	  1.0
5.1	  1.0
5.2	  0.0
5.3	  0.0
5.4	  0.0
5.5	  0.0
5.6	  0.0
5.7	  0.0
5.8	  0.0
5.9	  0.0
6.0	  0.0
6.1	  0.0
6.2	  0.0
6.3	  0.0
6.4	  0.0
6.5	  0.0
6.6	  0.0
6.7	  0.0
6.8	  0.0
6.9	  0.0
7.0	  0.0
7.1	  0.0
7.2	  0.0
7.3	  0.0
7.4	  0.0
7.5	  0.0
7.6	  0.0
7.7	  0.0
7.8	  0.0
7.9	  0.0
8.0	  0.0
8.1	  0.0
8.2	  0.0
8.3	  0.0
8.4	  0.0
8.5	  0.0
8.6	  0.0
8.7	  0.0
8.8	  0.0
8.9	  0.0
9.0	  0.0



DATASET #6

     Name: 1 yr Prob
   Points: 66
     Info: 

Data[x,y]:
2.5	  1.0
2.6	  1.0
2.7	  1.0
2.8	  1.0
2.9	  1.0
3.0	  1.0
3.1	  1.0
3.2	  1.0
3.3	  1.0
3.4	  1.0
3.5	  1.0
3.6	  1.0
3.7	  1.0
3.8	  1.0
3.9	  1.0
4.0	  1.0
4.1	  1.0
4.2	  0.9999091
4.3	  0.998909
4.4	  0.997818
4.5	  0.9928175
4.6	  0.97717977
4.7	  0.95281386
4.8	  0.9165379
4.9	  0.86098737
5.0	  0.7958905
5.1	  0.720611
5.2	  0.63833076
5.3	  0.55495954
5.4	  0.47440678
5.5	  0.4028548
5.6	  0.33666697
5.7	  0.27693427
5.8	  0.22120193
5.9	  0.17837985
6.0	  0.14674062
6.1	  0.11691972
6.2	  0.09109919
6.3	  0.070642784
6.4	  0.054368578
6.5	  0.04082189
6.6	  0.031821076
6.7	  0.02472952
6.8	  0.01854714
6.9	  0.014001273
7.0	  0.010182744
7.1	  0.00790981
7.2	  0.0063642147
7.3	  0.004545868
7.4	  0.0041821986
7.5	  0.0031821073
7.6	  0.0019092645
7.7	  8.1825623E-4
7.8	  4.5458679E-4
7.9	  1.8183471E-4
8.0	  0.0
8.1	  0.0
8.2	  0.0
8.3	  0.0
8.4	  0.0
8.5	  0.0
8.6	  0.0
8.7	  0.0
8.8	  0.0
8.9	  0.0
9.0	  0.0



DATASET #7

Name: 95% Conf
Num Points: 66
Info: 

X, Y Data:
2.5	1.0	[1.0	1.0]
2.6	1.0	[1.0	1.0]
2.7	1.0	[1.0	1.0]
2.8	1.0	[1.0	1.0]
2.9	1.0	[1.0	1.0]
3.0	1.0	[1.0	1.0]
3.1	1.0	[1.0	1.0]
3.2	1.0	[1.0	1.0]
3.3	1.0	[1.0	1.0]
3.4	1.0	[1.0	1.0]
3.5	1.0	[1.0	1.0]
3.6	1.0	[1.0	1.0]
3.7	1.0	[1.0	1.0]
3.8	1.0	[1.0	1.0]
3.9	1.0	[1.0	1.0]
4.0	1.0	[1.0	1.0]
4.1	1.0	[1.0	1.0]
4.2	0.9999091	[0.9994097	0.99999523]
4.3	0.998909	[0.99803615	0.9994087]
4.4	0.997818	[0.9967008	0.9985697]
4.5	0.9928175	[0.99100786	0.9942732]
4.6	0.97717977	[0.97416973	0.9798511]
4.7	0.95281386	[0.9486434	0.95666456]
4.8	0.9165379	[0.91117567	0.92160666]
4.9	0.86098737	[0.8543494	0.8673715]
5.0	0.7958905	[0.7882093	0.8033639]
5.1	0.720611	[0.7121036	0.72896343]
5.2	0.63833076	[0.6292586	0.64730585]
5.3	0.55495954	[0.5456087	0.5642718]
5.4	0.47440678	[0.46503982	0.48379168]
5.5	0.4028548	[0.3936787	0.4120991]
5.6	0.33666697	[0.3278485	0.3456001]
5.7	0.27693427	[0.26860532	0.28541982]
5.8	0.22120193	[0.21349828	0.2291014]
5.9	0.17837985	[0.17129314	0.18569258]
6.0	0.14674062	[0.14020641	0.15352319]
6.1	0.11691972	[0.11100346	0.12310551]
6.2	0.09109919	[0.08581908	0.096667245]
6.3	0.070642784	[0.065958604	0.07562963]
6.4	0.054368578	[0.050240733	0.058810942]
6.5	0.04082189	[0.037237838	0.044730525]
6.6	0.031821076	[0.02865755	0.03531605]
6.7	0.02472952	[0.021946028	0.02785008]
6.8	0.01854714	[0.0161462	0.021290323]
6.9	0.014001273	[0.011927011	0.016421907]
7.0	0.010182744	[0.008428753	0.012287022]
7.1	0.00790981	[0.006376739	0.009795886]
7.2	0.0063642147	[0.005000506	0.008083098]
7.3	0.004545868	[0.0034108108	0.006039288]
7.4	0.0041821986	[0.0030981237	0.005625414]
7.5	0.0031821073	[0.0022509722	0.0044749486]
7.6	0.0019092645	[0.0012132424	0.002972052]
7.7	8.1825623E-4	[3.9938517E-4	0.0016138968]
7.8	4.5458679E-4	[1.6736971E-4	0.0011271209]
7.9	1.8183471E-4	[3.1495318E-5	7.331308E-4]
8.0	0.0	[0.0	4.35286E-4]
8.1	0.0	[0.0	4.35286E-4]
8.2	0.0	[0.0	4.35286E-4]
8.3	0.0	[0.0	4.35286E-4]
8.4	0.0	[0.0	0.0]
8.5	0.0	[0.0	0.0]
8.6	0.0	[0.0	0.0]
8.7	0.0	[0.0	0.0]
8.8	0.0	[0.0	0.0]
8.9	0.0	[0.0	0.0]
9.0	0.0	[0.0	0.0]



DATASET #8

     Name: Supra
   Points: 66
     Info: 

Data[x,y]:
2.5	  0.036185108
2.6	  0.036185108
2.7	  0.036185108
2.8	  0.036185108
2.9	  0.036185108
3.0	  0.036185108
3.1	  0.036185108
3.2	  0.036185108
3.3	  0.036185108
3.4	  0.036185108
3.5	  0.036185108
3.6	  0.036185108
3.7	  0.036185108
3.8	  0.036185108
3.9	  0.036185108
4.0	  0.036185108
4.1	  0.036185108
4.2	  0.036185108
4.3	  0.036185108
4.4	  0.036185108
4.5	  0.036185108
4.6	  0.036185108
4.7	  0.036185108
4.8	  0.036185108
4.9	  0.036185108
5.0	  0.036185108
5.1	  0.036185108
5.2	  0.036185108
5.3	  0.036185108
5.4	  0.036185108
5.5	  0.036185108
5.6	  0.036185108
5.7	  0.036185108
5.8	  0.036185108
5.9	  0.036185108
6.0	  0.036185108
6.1	  0.028093463
6.2	  0.021274662
6.3	  0.017365215
6.4	  0.014637695
6.5	  0.012092008
6.6	  0.011091918
6.7	  0.009728157
6.8	  0.008546231
6.9	  0.0077279755
7.0	  0.0064551323
7.1	  0.00618238
7.2	  0.005545959
7.3	  0.0042731157
7.4	  0.0039094463
7.5	  0.0030002727
7.6	  0.0018183471
7.7	  7.2733883E-4
7.8	  3.6366942E-4
7.9	  1.8183471E-4
8.0	  0.0
8.1	  0.0
8.2	  0.0
8.3	  0.0
8.4	  0.0
8.5	  0.0
8.6	  0.0
8.7	  0.0
8.8	  0.0
8.9	  0.0
9.0	  0.0



DATASET #9

     Name: Primary
   Points: 66
     Info: 

Data[x,y]:
2.5	  371.2454
2.6	  294.97137
2.7	  234.25502
2.8	  186.02246
2.9	  147.76997
3.0	  117.33803
3.1	  93.20147
3.2	  74.05882
3.3	  58.804436
3.4	  46.752888
3.5	  37.134556
3.6	  29.51132
3.7	  23.444767
3.8	  18.624874
3.9	  14.792618
4.0	  11.754614
4.1	  9.336485
4.2	  7.4164014
4.3	  5.8851714
4.4	  4.662333
4.5	  3.7038822
4.6	  2.9381762
4.7	  2.3302119
4.8	  1.8517138
4.9	  1.4569507
5.0	  1.1545595
5.1	  0.90962815
5.2	  0.71806526
5.3	  0.5677789
5.4	  0.4432221
5.5	  0.3514865
5.6	  0.27275208
5.7	  0.21074644
5.8	  0.15992363
5.9	  0.121283755
6.0	  0.09791799
6.1	  0.07655241
6.2	  0.05809619
6.3	  0.045185927
6.4	  0.034457676
6.5	  0.024547687
6.6	  0.018456222
6.7	  0.01409219
6.8	  0.009546323
6.9	  0.006909719
7.0	  0.0050004544
7.1	  0.0033639423
7.2	  0.0023638513
7.3	  0.001545595
7.4	  0.0014546777
7.5	  0.0010910083
7.6	  6.364215E-4
7.7	  3.6366942E-4
7.8	  1.8183471E-4
7.9	  9.0917354E-5
8.0	  0.0
8.1	  0.0
8.2	  0.0
8.3	  0.0
8.4	  0.0
8.5	  0.0
8.6	  0.0
8.7	  0.0
8.8	  0.0
8.9	  0.0
9.0	  0.0


