
X-Axis: Magnitude
Y-Axis: 1 Hour Cumulative Number
Number of Data Sets: 9


DATASET #1

     Name: Mean
   Points: 66
     Info: 

Data[x,y]:
2.5	  984.71826
2.6	  782.5268
2.7	  621.6851
2.8	  493.6195
2.9	  392.27875
3.0	  311.62613
3.1	  247.9145
3.2	  196.9705
3.3	  156.45816
3.4	  124.31848
3.5	  98.72306
3.6	  78.4696
3.7	  62.472607
3.8	  49.62011
3.9	  39.524986
4.0	  31.424442
4.1	  24.951836
4.2	  19.918121
4.3	  15.869356
4.4	  12.579169
4.5	  10.005419
4.6	  7.9187236
4.7	  6.3112583
4.8	  5.025286
4.9	  4.0180616
5.0	  3.1848285
5.1	  2.5358217
5.2	  2.0
5.3	  1.5821794
5.4	  1.2799518
5.5	  1.0162553
5.6	  0.80553883
5.7	  0.63877183
5.8	  0.50451535
5.9	  0.40999398
6.0	  0.3257074
6.1	  0.2630945
6.2	  0.21613486
6.3	  0.17941
6.4	  0.14689946
6.5	  0.121011436
6.6	  0.09331728
6.7	  0.07465383
6.8	  0.059000604
6.9	  0.04334738
7.0	  0.037326913
7.1	  0.030704396
7.2	  0.020469597
7.3	  0.013245033
7.4	  0.011438892
7.5	  0.0078266105
7.6	  0.0060204696
7.7	  0.0054184226
7.8	  0.0048163757
7.9	  0.0036122818
8.0	  0.0018061409
8.1	  6.0204696E-4
8.2	  0.0
8.3	  0.0
8.4	  0.0
8.5	  0.0
8.6	  0.0
8.7	  0.0
8.8	  0.0
8.9	  0.0
9.0	  0.0



DATASET #2

     Name: 2.5%,97.5%
   Points: 66
     Info: 

Data[x,y]:
2.5	  803.0
2.6	  637.0
2.7	  501.0
2.8	  393.0
2.9	  309.0
3.0	  242.0
3.1	  189.0
3.2	  147.0
3.3	  115.0
3.4	  89.0
3.5	  69.0
3.6	  53.0
3.7	  40.0
3.8	  31.0
3.9	  24.0
4.0	  18.0
4.1	  13.0
4.2	  9.0
4.3	  7.0
4.4	  5.0
4.5	  3.0
4.6	  2.0
4.7	  1.0
4.8	  1.0
4.9	  0.0
5.0	  0.0
5.1	  0.0
5.2	  0.0
5.3	  0.0
5.4	  0.0
5.5	  0.0
5.6	  0.0
5.7	  0.0
5.8	  0.0
5.9	  0.0
6.0	  0.0
6.1	  0.0
6.2	  0.0
6.3	  0.0
6.4	  0.0
6.5	  0.0
6.6	  0.0
6.7	  0.0
6.8	  0.0
6.9	  0.0
7.0	  0.0
7.1	  0.0
7.2	  0.0
7.3	  0.0
7.4	  0.0
7.5	  0.0
7.6	  0.0
7.7	  0.0
7.8	  0.0
7.9	  0.0
8.0	  0.0
8.1	  0.0
8.2	  0.0
8.3	  0.0
8.4	  0.0
8.5	  0.0
8.6	  0.0
8.7	  0.0
8.8	  0.0
8.9	  0.0
9.0	  0.0



DATASET #3

     Name: null
   Points: 66
     Info: 

Data[x,y]:
2.5	  1655.0
2.6	  1318.0
2.7	  1059.0
2.8	  850.0
2.9	  672.0
3.0	  544.0
3.1	  435.0
3.2	  341.0
3.3	  273.0
3.4	  216.0
3.5	  171.0
3.6	  134.0
3.7	  112.0
3.8	  90.0
3.9	  71.0
4.0	  58.0
4.1	  47.0
4.2	  38.0
4.3	  31.0
4.4	  24.0
4.5	  20.0
4.6	  17.0
4.7	  15.0
4.8	  12.0
4.9	  10.0
5.0	  8.0
5.1	  7.0
5.2	  6.0
5.3	  5.0
5.4	  4.0
5.5	  4.0
5.6	  3.0
5.7	  3.0
5.8	  3.0
5.9	  2.0
6.0	  2.0
6.1	  2.0
6.2	  2.0
6.3	  1.0
6.4	  1.0
6.5	  1.0
6.6	  1.0
6.7	  1.0
6.8	  1.0
6.9	  1.0
7.0	  1.0
7.1	  1.0
7.2	  0.0
7.3	  0.0
7.4	  0.0
7.5	  0.0
7.6	  0.0
7.7	  0.0
7.8	  0.0
7.9	  0.0
8.0	  0.0
8.1	  0.0
8.2	  0.0
8.3	  0.0
8.4	  0.0
8.5	  0.0
8.6	  0.0
8.7	  0.0
8.8	  0.0
8.9	  0.0
9.0	  0.0



DATASET #4

     Name: Median
   Points: 66
     Info: 

Data[x,y]:
2.5	  896.0
2.6	  715.0
2.7	  569.0
2.8	  452.0
2.9	  359.0
3.0	  286.0
3.1	  228.0
3.2	  181.0
3.3	  143.0
3.4	  114.0
3.5	  91.0
3.6	  72.0
3.7	  58.0
3.8	  46.0
3.9	  36.0
4.0	  29.0
4.1	  23.0
4.2	  18.0
4.3	  15.0
4.4	  12.0
4.5	  9.0
4.6	  7.0
4.7	  6.0
4.8	  4.0
4.9	  4.0
5.0	  3.0
5.1	  2.0
5.2	  2.0
5.3	  1.0
5.4	  1.0
5.5	  1.0
5.6	  1.0
5.7	  0.0
5.8	  0.0
5.9	  0.0
6.0	  0.0
6.1	  0.0
6.2	  0.0
6.3	  0.0
6.4	  0.0
6.5	  0.0
6.6	  0.0
6.7	  0.0
6.8	  0.0
6.9	  0.0
7.0	  0.0
7.1	  0.0
7.2	  0.0
7.3	  0.0
7.4	  0.0
7.5	  0.0
7.6	  0.0
7.7	  0.0
7.8	  0.0
7.9	  0.0
8.0	  0.0
8.1	  0.0
8.2	  0.0
8.3	  0.0
8.4	  0.0
8.5	  0.0
8.6	  0.0
8.7	  0.0
8.8	  0.0
8.9	  0.0
9.0	  0.0



DATASET #5

     Name: Mode
   Points: 66
     Info: 

Data[x,y]:
2.5	  878.0
2.6	  682.0
2.7	  544.0
2.8	  439.0
2.9	  351.0
3.0	  269.0
3.1	  211.0
3.2	  175.0
3.3	  137.0
3.4	  105.0
3.5	  89.0
3.6	  65.0
3.7	  59.0
3.8	  45.0
3.9	  35.0
4.0	  26.0
4.1	  20.0
4.2	  15.0
4.3	  14.0
4.4	  10.0
4.5	  9.0
4.6	  6.0
4.7	  5.0
4.8	  4.0
4.9	  3.0
5.0	  3.0
5.1	  2.0
5.2	  1.0
5.3	  1.0
5.4	  1.0
5.5	  0.0
5.6	  0.0
5.7	  0.0
5.8	  0.0
5.9	  0.0
6.0	  0.0
6.1	  0.0
6.2	  0.0
6.3	  0.0
6.4	  0.0
6.5	  0.0
6.6	  0.0
6.7	  0.0
6.8	  0.0
6.9	  0.0
7.0	  0.0
7.1	  0.0
7.2	  0.0
7.3	  0.0
7.4	  0.0
7.5	  0.0
7.6	  0.0
7.7	  0.0
7.8	  0.0
7.9	  0.0
8.0	  0.0
8.1	  0.0
8.2	  0.0
8.3	  0.0
8.4	  0.0
8.5	  0.0
8.6	  0.0
8.7	  0.0
8.8	  0.0
8.9	  0.0
9.0	  0.0



DATASET #6

     Name: 1 hr Prob
   Points: 66
     Info: 

Data[x,y]:
2.5	  1.0
2.6	  1.0
2.7	  1.0
2.8	  1.0
2.9	  1.0
3.0	  1.0
3.1	  1.0
3.2	  1.0
3.3	  1.0
3.4	  1.0
3.5	  1.0
3.6	  1.0
3.7	  1.0
3.8	  1.0
3.9	  1.0
4.0	  1.0
4.1	  1.0
4.2	  1.0
4.3	  1.0
4.4	  1.0
4.5	  1.0
4.6	  0.99939793
4.7	  0.9963877
4.8	  0.9885611
4.9	  0.9674895
5.0	  0.9313666
5.1	  0.8807947
5.2	  0.8217941
5.3	  0.7615894
5.4	  0.6833233
5.5	  0.590006
5.6	  0.50993377
5.7	  0.43046358
5.8	  0.36243227
5.9	  0.3064419
6.0	  0.24984948
6.1	  0.21071644
6.2	  0.17579772
6.3	  0.14990969
6.4	  0.12522577
6.5	  0.10535822
6.6	  0.08248043
6.7	  0.06742926
6.8	  0.05358218
6.9	  0.040337145
7.0	  0.034316678
7.1	  0.028898254
7.2	  0.018663457
7.3	  0.012642986
7.4	  0.010836845
7.5	  0.0072245635
7.6	  0.0054184226
7.7	  0.0048163757
7.8	  0.0042143287
7.9	  0.0030102348
8.0	  0.0018061409
8.1	  6.0204696E-4
8.2	  0.0
8.3	  0.0
8.4	  0.0
8.5	  0.0
8.6	  0.0
8.7	  0.0
8.8	  0.0
8.9	  0.0
9.0	  0.0



DATASET #7

Name: 95% Conf
Num Points: 66
Info: 

X, Y Data:
2.5	1.0	[1.0	1.0]
2.6	1.0	[1.0	1.0]
2.7	1.0	[1.0	1.0]
2.8	1.0	[1.0	1.0]
2.9	1.0	[1.0	1.0]
3.0	1.0	[1.0	1.0]
3.1	1.0	[1.0	1.0]
3.2	1.0	[1.0	1.0]
3.3	1.0	[1.0	1.0]
3.4	1.0	[1.0	1.0]
3.5	1.0	[1.0	1.0]
3.6	1.0	[1.0	1.0]
3.7	1.0	[1.0	1.0]
3.8	1.0	[1.0	1.0]
3.9	1.0	[1.0	1.0]
4.0	1.0	[1.0	1.0]
4.1	1.0	[1.0	1.0]
4.2	1.0	[1.0	1.0]
4.3	1.0	[1.0	1.0]
4.4	1.0	[1.0	1.0]
4.5	1.0	[1.0	1.0]
4.6	0.99939793	[0.9960991	0.9999686]
4.7	0.9963877	[0.9917318	0.99853075]
4.8	0.9885611	[0.98183805	0.9929]
4.9	0.9674895	[0.95748544	0.9752606]
5.0	0.9313666	[0.91786075	0.94283277]
5.1	0.8807947	[0.8640088	0.8957894]
5.2	0.8217941	[0.80234134	0.8397376]
5.3	0.7615894	[0.7401989	0.781755]
5.4	0.6833233	[0.66024476	0.7055445]
5.5	0.590006	[0.5658687	0.61372274]
5.6	0.50993377	[0.4855968	0.53422433]
5.7	0.43046358	[0.40654045	0.45471168]
5.8	0.36243227	[0.33936015	0.38614753]
5.9	0.3064419	[0.28444427	0.3293449]
6.0	0.24984948	[0.22933055	0.27153954]
6.1	0.21071644	[0.19149245	0.23129591]
6.2	0.17579772	[0.15795754	0.19515862]
6.3	0.14990969	[0.13326418	0.16819912]
6.4	0.12522577	[0.10988425	0.14232948]
6.5	0.10535822	[0.09121112	0.121363595]
6.6	0.08248043	[0.06991576	0.09701563]
6.7	0.06742926	[0.05606486	0.08083957]
6.8	0.05358218	[0.043474175	0.06580733]
6.9	0.040337145	[0.031620633	0.05124198]
7.0	0.034316678	[0.026317256	0.04453847]
7.1	0.028898254	[0.021605141	0.0384459]
7.2	0.018663457	[0.0129294805	0.026719946]
7.3	0.012642986	[0.008045636	0.019612668]
7.4	0.010836845	[0.006632288	0.017431831]
7.5	0.0072245635	[0.0039188587	0.012966134]
7.6	0.0054184226	[0.0026465904	0.010657743]
7.7	0.0048163757	[0.0022411833	0.009872078]
7.8	0.0042143287	[0.001847889	0.00907617]
7.9	0.0030102348	[0.0011087457	0.0074454937]
8.0	0.0018061409	[4.6656773E-4	0.0057403836]
8.1	6.0204696E-4	[3.1426804E-5	0.0039008777]
8.2	0.0	[0.0	0.0028767178]
8.3	0.0	[0.0	0.0028767178]
8.4	0.0	[0.0	0.0]
8.5	0.0	[0.0	0.0]
8.6	0.0	[0.0	0.0]
8.7	0.0	[0.0	0.0]
8.8	0.0	[0.0	0.0]
8.9	0.0	[0.0	0.0]
9.0	0.0	[0.0	0.0]



DATASET #8

     Name: Supra
   Points: 66
     Info: 

Data[x,y]:
2.5	  0.0
2.6	  0.0
2.7	  0.0
2.8	  0.0
2.9	  0.0
3.0	  0.0
3.1	  0.0
3.2	  0.0
3.3	  0.0
3.4	  0.0
3.5	  0.0
3.6	  0.0
3.7	  0.0
3.8	  0.0
3.9	  0.0
4.0	  0.0
4.1	  0.0
4.2	  0.0
4.3	  0.0
4.4	  0.0
4.5	  0.0
4.6	  0.0
4.7	  0.0
4.8	  0.0
4.9	  0.0
5.0	  0.0
5.1	  0.0
5.2	  0.0
5.3	  0.0
5.4	  0.0
5.5	  0.0
5.6	  0.0
5.7	  0.0
5.8	  0.0
5.9	  0.0
6.0	  0.0
6.1	  0.0
6.2	  0.0
6.3	  0.0
6.4	  0.0
6.5	  0.0
6.6	  0.0
6.7	  0.0
6.8	  0.0
6.9	  0.0
7.0	  0.0
7.1	  0.0
7.2	  0.0
7.3	  0.0
7.4	  0.0
7.5	  0.0
7.6	  0.0
7.7	  0.0
7.8	  0.0
7.9	  0.0
8.0	  0.0
8.1	  0.0
8.2	  0.0
8.3	  0.0
8.4	  0.0
8.5	  0.0
8.6	  0.0
8.7	  0.0
8.8	  0.0
8.9	  0.0
9.0	  0.0



DATASET #9

     Name: Primary
   Points: 66
     Info: 

Data[x,y]:
2.5	  770.58276
2.6	  612.3528
2.7	  486.45395
2.8	  386.42383
2.9	  306.95544
3.0	  243.68452
3.1	  193.86273
3.2	  153.98193
3.3	  122.36544
3.4	  97.2354
3.5	  77.13486
3.6	  61.369053
3.7	  48.85611
3.8	  38.795906
3.9	  30.880192
4.0	  24.579771
4.1	  19.53221
4.2	  15.585792
4.3	  12.410596
4.4	  9.835039
4.5	  7.809151
4.6	  6.180614
4.7	  4.94702
4.8	  3.935581
4.9	  3.1487055
5.0	  2.4924743
5.1	  1.9711018
5.2	  1.5538832
5.3	  1.230584
5.4	  0.9975918
5.5	  0.78747743
5.6	  0.6104756
5.7	  0.48404574
5.8	  0.38049367
5.9	  0.307646
6.0	  0.24443106
6.1	  0.20108369
6.2	  0.16435882
6.3	  0.13425647
6.4	  0.111378685
6.5	  0.09090909
6.6	  0.068633355
6.7	  0.054786272
6.8	  0.04575557
6.9	  0.03311258
7.0	  0.02769416
7.1	  0.022275738
7.2	  0.015051174
7.3	  0.009030704
7.4	  0.0072245635
7.5	  0.0060204696
7.6	  0.0048163757
7.7	  0.0042143287
7.8	  0.0036122818
7.9	  0.0024081878
8.0	  0.0018061409
8.1	  6.0204696E-4
8.2	  0.0
8.3	  0.0
8.4	  0.0
8.5	  0.0
8.6	  0.0
8.7	  0.0
8.8	  0.0
8.9	  0.0
9.0	  0.0


