
X-Axis: Magnitude
Y-Axis: 1 Month Cumulative Number
Number of Data Sets: 9


DATASET #1

     Name: Mean
   Points: 66
     Info: 

Data[x,y]:
2.5	  5163.09
2.6	  4101.1543
2.7	  3257.7927
2.8	  2588.3188
2.9	  2056.232
3.0	  1633.3851
3.1	  1297.1384
3.2	  1030.5038
3.3	  818.79706
3.4	  650.33044
3.5	  516.2489
3.6	  410.23032
3.7	  325.87363
3.8	  258.77408
3.9	  205.53392
4.0	  163.40536
4.1	  129.71828
4.2	  103.14278
4.3	  81.640045
4.4	  64.873634
4.5	  51.61269
4.6	  40.96499
4.7	  32.557987
4.8	  25.798687
4.9	  20.512035
5.0	  16.319475
5.1	  12.978118
5.2	  10.325492
5.3	  8.179978
5.4	  6.537199
5.5	  5.1487966
5.6	  4.0667396
5.7	  3.2281182
5.8	  2.547046
5.9	  2.0164113
6.0	  1.6088622
6.1	  1.2888403
6.2	  1.036105
6.3	  0.8243983
6.4	  0.66356677
6.5	  0.53227574
6.6	  0.4261488
6.7	  0.3309628
6.8	  0.26258206
6.9	  0.19529541
7.0	  0.1559081
7.1	  0.124726474
7.2	  0.095185995
7.3	  0.072210066
7.4	  0.05689278
7.5	  0.042669583
7.6	  0.030087527
7.7	  0.026805252
7.8	  0.016411379
7.9	  0.011487965
8.0	  0.0071115973
8.1	  0.0043763677
8.2	  0.0016411379
8.3	  0.0
8.4	  0.0
8.5	  0.0
8.6	  0.0
8.7	  0.0
8.8	  0.0
8.9	  0.0
9.0	  0.0



DATASET #2

     Name: 2.5%,97.5%
   Points: 66
     Info: 

Data[x,y]:
2.5	  2814.0
2.6	  2229.0
2.7	  1760.0
2.8	  1393.0
2.9	  1101.0
3.0	  876.0
3.1	  695.0
3.2	  547.0
3.3	  433.0
3.4	  340.0
3.5	  265.0
3.6	  207.0
3.7	  161.0
3.8	  127.0
3.9	  99.0
4.0	  78.0
4.1	  59.0
4.2	  46.0
4.3	  35.0
4.4	  26.0
4.5	  20.0
4.6	  14.0
4.7	  11.0
4.8	  8.0
4.9	  6.0
5.0	  4.0
5.1	  3.0
5.2	  2.0
5.3	  1.0
5.4	  1.0
5.5	  0.0
5.6	  0.0
5.7	  0.0
5.8	  0.0
5.9	  0.0
6.0	  0.0
6.1	  0.0
6.2	  0.0
6.3	  0.0
6.4	  0.0
6.5	  0.0
6.6	  0.0
6.7	  0.0
6.8	  0.0
6.9	  0.0
7.0	  0.0
7.1	  0.0
7.2	  0.0
7.3	  0.0
7.4	  0.0
7.5	  0.0
7.6	  0.0
7.7	  0.0
7.8	  0.0
7.9	  0.0
8.0	  0.0
8.1	  0.0
8.2	  0.0
8.3	  0.0
8.4	  0.0
8.5	  0.0
8.6	  0.0
8.7	  0.0
8.8	  0.0
8.9	  0.0
9.0	  0.0



DATASET #3

     Name: null
   Points: 66
     Info: 

Data[x,y]:
2.5	  19397.0
2.6	  15456.0
2.7	  12311.0
2.8	  9795.0
2.9	  7799.0
3.0	  6164.0
3.1	  4878.0
3.2	  3895.0
3.3	  3086.0
3.4	  2433.0
3.5	  1949.0
3.6	  1541.0
3.7	  1238.0
3.8	  969.0
3.9	  781.0
4.0	  617.0
4.1	  484.0
4.2	  388.0
4.3	  305.0
4.4	  246.0
4.5	  191.0
4.6	  151.0
4.7	  124.0
4.8	  96.0
4.9	  77.0
5.0	  59.0
5.1	  46.0
5.2	  38.0
5.3	  31.0
5.4	  24.0
5.5	  20.0
5.6	  15.0
5.7	  13.0
5.8	  11.0
5.9	  9.0
6.0	  8.0
6.1	  6.0
6.2	  5.0
6.3	  4.0
6.4	  4.0
6.5	  3.0
6.6	  3.0
6.7	  2.0
6.8	  2.0
6.9	  2.0
7.0	  1.0
7.1	  1.0
7.2	  1.0
7.3	  1.0
7.4	  1.0
7.5	  1.0
7.6	  1.0
7.7	  0.0
7.8	  0.0
7.9	  0.0
8.0	  0.0
8.1	  0.0
8.2	  0.0
8.3	  0.0
8.4	  0.0
8.5	  0.0
8.6	  0.0
8.7	  0.0
8.8	  0.0
8.9	  0.0
9.0	  0.0



DATASET #4

     Name: Median
   Points: 66
     Info: 

Data[x,y]:
2.5	  3578.0
2.6	  2847.0
2.7	  2266.0
2.8	  1802.0
2.9	  1437.0
3.0	  1143.0
3.1	  907.0
3.2	  721.0
3.3	  575.0
3.4	  456.0
3.5	  362.0
3.6	  289.0
3.7	  230.0
3.8	  183.0
3.9	  146.0
4.0	  116.0
4.1	  92.0
4.2	  73.0
4.3	  58.0
4.4	  46.0
4.5	  37.0
4.6	  30.0
4.7	  24.0
4.8	  19.0
4.9	  15.0
5.0	  12.0
5.1	  9.0
5.2	  7.0
5.3	  6.0
5.4	  5.0
5.5	  4.0
5.6	  3.0
5.7	  2.0
5.8	  2.0
5.9	  1.0
6.0	  1.0
6.1	  1.0
6.2	  0.0
6.3	  0.0
6.4	  0.0
6.5	  0.0
6.6	  0.0
6.7	  0.0
6.8	  0.0
6.9	  0.0
7.0	  0.0
7.1	  0.0
7.2	  0.0
7.3	  0.0
7.4	  0.0
7.5	  0.0
7.6	  0.0
7.7	  0.0
7.8	  0.0
7.9	  0.0
8.0	  0.0
8.1	  0.0
8.2	  0.0
8.3	  0.0
8.4	  0.0
8.5	  0.0
8.6	  0.0
8.7	  0.0
8.8	  0.0
8.9	  0.0
9.0	  0.0



DATASET #5

     Name: Mode
   Points: 66
     Info: 

Data[x,y]:
2.5	  3106.0
2.6	  2560.0
2.7	  1911.0
2.8	  1586.0
2.9	  1267.0
3.0	  987.0
3.1	  822.0
3.2	  649.0
3.3	  501.0
3.4	  390.0
3.5	  340.0
3.6	  248.0
3.7	  212.0
3.8	  162.0
3.9	  125.0
4.0	  98.0
4.1	  89.0
4.2	  67.0
4.3	  50.0
4.4	  43.0
4.5	  31.0
4.6	  27.0
4.7	  19.0
4.8	  17.0
4.9	  12.0
5.0	  10.0
5.1	  8.0
5.2	  6.0
5.3	  6.0
5.4	  3.0
5.5	  3.0
5.6	  2.0
5.7	  1.0
5.8	  1.0
5.9	  0.0
6.0	  0.0
6.1	  0.0
6.2	  0.0
6.3	  0.0
6.4	  0.0
6.5	  0.0
6.6	  0.0
6.7	  0.0
6.8	  0.0
6.9	  0.0
7.0	  0.0
7.1	  0.0
7.2	  0.0
7.3	  0.0
7.4	  0.0
7.5	  0.0
7.6	  0.0
7.7	  0.0
7.8	  0.0
7.9	  0.0
8.0	  0.0
8.1	  0.0
8.2	  0.0
8.3	  0.0
8.4	  0.0
8.5	  0.0
8.6	  0.0
8.7	  0.0
8.8	  0.0
8.9	  0.0
9.0	  0.0



DATASET #6

     Name: 1 mo Prob
   Points: 66
     Info: 

Data[x,y]:
2.5	  1.0
2.6	  1.0
2.7	  1.0
2.8	  1.0
2.9	  1.0
3.0	  1.0
3.1	  1.0
3.2	  1.0
3.3	  1.0
3.4	  1.0
3.5	  1.0
3.6	  1.0
3.7	  1.0
3.8	  1.0
3.9	  1.0
4.0	  1.0
4.1	  1.0
4.2	  1.0
4.3	  1.0
4.4	  1.0
4.5	  1.0
4.6	  1.0
4.7	  1.0
4.8	  1.0
4.9	  1.0
5.0	  0.9989059
5.1	  0.99835885
5.2	  0.99671775
5.3	  0.98741794
5.4	  0.97593
5.5	  0.94803065
5.6	  0.9026258
5.7	  0.84682715
5.8	  0.7806346
5.9	  0.7084245
6.0	  0.63512033
6.1	  0.5634573
6.2	  0.4890591
6.3	  0.4141138
6.4	  0.35886213
6.5	  0.30306345
6.6	  0.25820568
6.7	  0.21225382
6.8	  0.17669584
6.9	  0.13785557
7.0	  0.111597374
7.1	  0.09190372
7.2	  0.07056893
7.3	  0.05689278
7.4	  0.047045954
7.5	  0.036105033
7.6	  0.026805252
7.7	  0.024070023
7.8	  0.015317286
7.9	  0.010393873
8.0	  0.0065645515
8.1	  0.0038293216
8.2	  0.0016411379
8.3	  0.0
8.4	  0.0
8.5	  0.0
8.6	  0.0
8.7	  0.0
8.8	  0.0
8.9	  0.0
9.0	  0.0



DATASET #7

Name: 95% Conf
Num Points: 66
Info: 

X, Y Data:
2.5	1.0	[1.0	1.0]
2.6	1.0	[1.0	1.0]
2.7	1.0	[1.0	1.0]
2.8	1.0	[1.0	1.0]
2.9	1.0	[1.0	1.0]
3.0	1.0	[1.0	1.0]
3.1	1.0	[1.0	1.0]
3.2	1.0	[1.0	1.0]
3.3	1.0	[1.0	1.0]
3.4	1.0	[1.0	1.0]
3.5	1.0	[1.0	1.0]
3.6	1.0	[1.0	1.0]
3.7	1.0	[1.0	1.0]
3.8	1.0	[1.0	1.0]
3.9	1.0	[1.0	1.0]
4.0	1.0	[1.0	1.0]
4.1	1.0	[1.0	1.0]
4.2	1.0	[1.0	1.0]
4.3	1.0	[1.0	1.0]
4.4	1.0	[1.0	1.0]
4.5	1.0	[1.0	1.0]
4.6	1.0	[1.0	1.0]
4.7	1.0	[1.0	1.0]
4.8	1.0	[1.0	1.0]
4.9	1.0	[1.0	1.0]
5.0	0.9989059	[0.9955973	0.99981046]
5.1	0.99835885	[0.99478275	0.9995761]
5.2	0.99671775	[0.99248517	0.99866503]
5.3	0.98741794	[0.98086387	0.9918205]
5.4	0.97593	[0.96753126	0.98225564]
5.5	0.94803065	[0.93658495	0.95754695]
5.6	0.9026258	[0.88788885	0.9156402]
5.7	0.84682715	[0.82930577	0.86286974]
5.8	0.7806346	[0.760805	0.79927015]
5.9	0.7084245	[0.68689114	0.7290722]
6.0	0.63512033	[0.6125135	0.6571535]
6.1	0.5634573	[0.54033726	0.586308]
6.2	0.4890591	[0.46591765	0.51224697]
6.3	0.4141138	[0.39146554	0.4371266]
6.4	0.35886213	[0.33692083	0.3814028]
6.5	0.30306345	[0.28215852	0.3248051]
6.6	0.25820568	[0.2383985	0.2790408]
6.7	0.21225382	[0.19385791	0.23187421]
6.8	0.17669584	[0.15963186	0.19513702]
6.9	0.13785557	[0.12254943	0.15470688]
7.0	0.111597374	[0.09771208	0.12714252]
7.1	0.09190372	[0.07924705	0.10630729]
7.2	0.07056893	[0.05945485	0.08352594]
7.3	0.05689278	[0.04692461	0.068767086]
7.4	0.047045954	[0.03800677	0.058038156]
7.5	0.036105033	[0.028237654	0.04597987]
7.6	0.026805252	[0.020098345	0.035569444]
7.7	0.024070023	[0.017744342	0.03246873]
7.8	0.015317286	[0.010394354	0.022370191]
7.9	0.010393873	[0.0064504268	0.016508698]
8.0	0.0065645515	[0.0035604897	0.011785332]
8.1	0.0038293216	[0.0016789702	0.00824931]
8.2	0.0016411379	[4.2393414E-4	0.005217232]
8.3	0.0	[0.0	0.0026144676]
8.4	0.0	[0.0	0.0]
8.5	0.0	[0.0	0.0]
8.6	0.0	[0.0	0.0]
8.7	0.0	[0.0	0.0]
8.8	0.0	[0.0	0.0]
8.9	0.0	[0.0	0.0]
9.0	0.0	[0.0	0.0]



DATASET #8

     Name: Supra
   Points: 66
     Info: 

Data[x,y]:
2.5	  0.0
2.6	  0.0
2.7	  0.0
2.8	  0.0
2.9	  0.0
3.0	  0.0
3.1	  0.0
3.2	  0.0
3.3	  0.0
3.4	  0.0
3.5	  0.0
3.6	  0.0
3.7	  0.0
3.8	  0.0
3.9	  0.0
4.0	  0.0
4.1	  0.0
4.2	  0.0
4.3	  0.0
4.4	  0.0
4.5	  0.0
4.6	  0.0
4.7	  0.0
4.8	  0.0
4.9	  0.0
5.0	  0.0
5.1	  0.0
5.2	  0.0
5.3	  0.0
5.4	  0.0
5.5	  0.0
5.6	  0.0
5.7	  0.0
5.8	  0.0
5.9	  0.0
6.0	  0.0
6.1	  0.0
6.2	  0.0
6.3	  0.0
6.4	  0.0
6.5	  0.0
6.6	  0.0
6.7	  0.0
6.8	  0.0
6.9	  0.0
7.0	  0.0
7.1	  0.0
7.2	  0.0
7.3	  0.0
7.4	  0.0
7.5	  0.0
7.6	  0.0
7.7	  0.0
7.8	  0.0
7.9	  0.0
8.0	  0.0
8.1	  0.0
8.2	  0.0
8.3	  0.0
8.4	  0.0
8.5	  0.0
8.6	  0.0
8.7	  0.0
8.8	  0.0
8.9	  0.0
9.0	  0.0



DATASET #9

     Name: Primary
   Points: 66
     Info: 

Data[x,y]:
2.5	  1968.8622
2.6	  1563.9316
2.7	  1242.2286
2.8	  986.8364
2.9	  783.79376
3.0	  622.6843
3.1	  494.81128
3.2	  393.05142
3.3	  312.16904
3.4	  247.96445
3.5	  196.68216
3.6	  156.38512
3.7	  124.2768
3.8	  98.879105
3.9	  78.634575
4.0	  62.59792
4.1	  49.812363
4.2	  39.62254
4.3	  31.342999
4.4	  24.88512
4.5	  19.786104
4.6	  15.699124
4.7	  12.467724
4.8	  9.923961
4.9	  7.9075494
5.0	  6.297046
5.1	  4.962254
5.2	  3.9480307
5.3	  3.107221
5.4	  2.4934354
5.5	  1.9633479
5.6	  1.5404814
5.7	  1.22593
5.8	  0.9710066
5.9	  0.7691466
6.0	  0.6170678
6.1	  0.51039386
6.2	  0.41356674
6.3	  0.33150986
6.4	  0.27571115
6.5	  0.22100656
6.6	  0.17833698
6.7	  0.13730854
6.8	  0.108315095
6.9	  0.07822757
7.0	  0.062363237
7.1	  0.04978118
7.2	  0.038293216
7.3	  0.029540481
7.4	  0.020787746
7.5	  0.015864333
7.6	  0.011487965
7.7	  0.009846827
7.8	  0.007658643
7.9	  0.0049234135
8.0	  0.0032822757
8.1	  0.0016411379
8.2	  5.4704596E-4
8.3	  0.0
8.4	  0.0
8.5	  0.0
8.6	  0.0
8.7	  0.0
8.8	  0.0
8.9	  0.0
9.0	  0.0


