
X-Axis: Magnitude
Y-Axis: 1 Week Cumulative Number
Number of Data Sets: 9


DATASET #1

     Name: Mean
   Points: 66
     Info: 

Data[x,y]:
2.5	  4065.083
2.6	  3229.0886
2.7	  2564.8398
2.8	  2037.3949
2.9	  1618.2467
3.0	  1285.6282
3.1	  1021.0621
3.2	  811.1231
3.3	  644.5085
3.4	  512.13416
3.5	  407.05304
3.6	  323.3999
3.7	  256.8964
3.8	  203.99449
3.9	  162.06206
4.0	  128.85185
4.1	  102.25575
4.2	  81.4054
4.3	  64.583084
4.4	  51.25075
4.5	  40.813313
4.6	  32.387886
4.7	  25.725725
4.8	  20.446947
4.9	  16.324324
5.0	  12.941442
5.1	  10.292293
5.2	  8.157157
5.3	  6.4884887
5.4	  5.1741743
5.5	  4.0975976
5.6	  3.2417417
5.7	  2.5530531
5.8	  2.0150151
5.9	  1.5945946
6.0	  1.2602602
6.1	  1.006006
6.2	  0.8063063
6.3	  0.6336336
6.4	  0.503003
6.5	  0.4034034
6.6	  0.3208208
6.7	  0.24674675
6.8	  0.1981982
6.9	  0.14714715
7.0	  0.117117114
7.1	  0.09059059
7.2	  0.065565564
7.3	  0.05055055
7.4	  0.041041043
7.5	  0.030530531
7.6	  0.022522522
7.7	  0.019519519
7.8	  0.0125125125
7.9	  0.008508508
8.0	  0.0045045046
8.1	  0.003003003
8.2	  0.0015015015
8.3	  0.0
8.4	  0.0
8.5	  0.0
8.6	  0.0
8.7	  0.0
8.8	  0.0
8.9	  0.0
9.0	  0.0



DATASET #2

     Name: 2.5%,97.5%
   Points: 66
     Info: 

Data[x,y]:
2.5	  2454.0
2.6	  1951.0
2.7	  1545.0
2.8	  1226.0
2.9	  965.0
3.0	  764.0
3.1	  604.0
3.2	  476.0
3.3	  376.0
3.4	  295.0
3.5	  231.0
3.6	  182.0
3.7	  141.0
3.8	  109.0
3.9	  85.0
4.0	  66.0
4.1	  51.0
4.2	  39.0
4.3	  30.0
4.4	  22.0
4.5	  17.0
4.6	  13.0
4.7	  9.0
4.8	  7.0
4.9	  5.0
5.0	  3.0
5.1	  2.0
5.2	  1.0
5.3	  1.0
5.4	  0.0
5.5	  0.0
5.6	  0.0
5.7	  0.0
5.8	  0.0
5.9	  0.0
6.0	  0.0
6.1	  0.0
6.2	  0.0
6.3	  0.0
6.4	  0.0
6.5	  0.0
6.6	  0.0
6.7	  0.0
6.8	  0.0
6.9	  0.0
7.0	  0.0
7.1	  0.0
7.2	  0.0
7.3	  0.0
7.4	  0.0
7.5	  0.0
7.6	  0.0
7.7	  0.0
7.8	  0.0
7.9	  0.0
8.0	  0.0
8.1	  0.0
8.2	  0.0
8.3	  0.0
8.4	  0.0
8.5	  0.0
8.6	  0.0
8.7	  0.0
8.8	  0.0
8.9	  0.0
9.0	  0.0



DATASET #3

     Name: null
   Points: 66
     Info: 

Data[x,y]:
2.5	  12942.0
2.6	  10343.0
2.7	  8187.0
2.8	  6500.0
2.9	  5156.0
3.0	  4108.0
3.1	  3302.0
3.2	  2597.0
3.3	  2046.0
3.4	  1637.0
3.5	  1302.0
3.6	  1025.0
3.7	  817.0
3.8	  652.0
3.9	  520.0
4.0	  412.0
4.1	  322.0
4.2	  260.0
4.3	  206.0
4.4	  163.0
4.5	  131.0
4.6	  103.0
4.7	  83.0
4.8	  65.0
4.9	  51.0
5.0	  41.0
5.1	  32.0
5.2	  27.0
5.3	  22.0
5.4	  18.0
5.5	  15.0
5.6	  12.0
5.7	  10.0
5.8	  8.0
5.9	  7.0
6.0	  6.0
6.1	  5.0
6.2	  4.0
6.3	  4.0
6.4	  3.0
6.5	  3.0
6.6	  2.0
6.7	  2.0
6.8	  2.0
6.9	  1.0
7.0	  1.0
7.1	  1.0
7.2	  1.0
7.3	  1.0
7.4	  1.0
7.5	  0.0
7.6	  0.0
7.7	  0.0
7.8	  0.0
7.9	  0.0
8.0	  0.0
8.1	  0.0
8.2	  0.0
8.3	  0.0
8.4	  0.0
8.5	  0.0
8.6	  0.0
8.7	  0.0
8.8	  0.0
8.9	  0.0
9.0	  0.0



DATASET #4

     Name: Median
   Points: 66
     Info: 

Data[x,y]:
2.5	  3055.0
2.6	  2430.0
2.7	  1929.0
2.8	  1532.0
2.9	  1218.0
3.0	  968.0
3.1	  770.0
3.2	  614.0
3.3	  488.0
3.4	  388.0
3.5	  309.0
3.6	  246.0
3.7	  195.0
3.8	  156.0
3.9	  124.0
4.0	  99.0
4.1	  78.0
4.2	  63.0
4.3	  50.0
4.4	  40.0
4.5	  32.0
4.6	  25.0
4.7	  20.0
4.8	  16.0
4.9	  13.0
5.0	  10.0
5.1	  8.0
5.2	  6.0
5.3	  5.0
5.4	  4.0
5.5	  3.0
5.6	  2.0
5.7	  2.0
5.8	  1.0
5.9	  1.0
6.0	  1.0
6.1	  1.0
6.2	  0.0
6.3	  0.0
6.4	  0.0
6.5	  0.0
6.6	  0.0
6.7	  0.0
6.8	  0.0
6.9	  0.0
7.0	  0.0
7.1	  0.0
7.2	  0.0
7.3	  0.0
7.4	  0.0
7.5	  0.0
7.6	  0.0
7.7	  0.0
7.8	  0.0
7.9	  0.0
8.0	  0.0
8.1	  0.0
8.2	  0.0
8.3	  0.0
8.4	  0.0
8.5	  0.0
8.6	  0.0
8.7	  0.0
8.8	  0.0
8.9	  0.0
9.0	  0.0



DATASET #5

     Name: Mode
   Points: 66
     Info: 

Data[x,y]:
2.5	  2794.0
2.6	  2233.0
2.7	  1654.0
2.8	  1448.0
2.9	  1151.0
3.0	  807.0
3.1	  784.0
3.2	  569.0
3.3	  435.0
3.4	  364.0
3.5	  271.0
3.6	  235.0
3.7	  181.0
3.8	  134.0
3.9	  112.0
4.0	  91.0
4.1	  74.0
4.2	  52.0
4.3	  43.0
4.4	  37.0
4.5	  29.0
4.6	  23.0
4.7	  19.0
4.8	  14.0
4.9	  11.0
5.0	  8.0
5.1	  7.0
5.2	  4.0
5.3	  4.0
5.4	  3.0
5.5	  3.0
5.6	  1.0
5.7	  1.0
5.8	  1.0
5.9	  0.0
6.0	  0.0
6.1	  0.0
6.2	  0.0
6.3	  0.0
6.4	  0.0
6.5	  0.0
6.6	  0.0
6.7	  0.0
6.8	  0.0
6.9	  0.0
7.0	  0.0
7.1	  0.0
7.2	  0.0
7.3	  0.0
7.4	  0.0
7.5	  0.0
7.6	  0.0
7.7	  0.0
7.8	  0.0
7.9	  0.0
8.0	  0.0
8.1	  0.0
8.2	  0.0
8.3	  0.0
8.4	  0.0
8.5	  0.0
8.6	  0.0
8.7	  0.0
8.8	  0.0
8.9	  0.0
9.0	  0.0



DATASET #6

     Name: 1 wk Prob
   Points: 66
     Info: 

Data[x,y]:
2.5	  1.0
2.6	  1.0
2.7	  1.0
2.8	  1.0
2.9	  1.0
3.0	  1.0
3.1	  1.0
3.2	  1.0
3.3	  1.0
3.4	  1.0
3.5	  1.0
3.6	  1.0
3.7	  1.0
3.8	  1.0
3.9	  1.0
4.0	  1.0
4.1	  1.0
4.2	  1.0
4.3	  1.0
4.4	  1.0
4.5	  1.0
4.6	  1.0
4.7	  1.0
4.8	  1.0
4.9	  1.0
5.0	  0.9994995
5.1	  0.9984985
5.2	  0.993994
5.3	  0.983984
5.4	  0.9644645
5.5	  0.9249249
5.6	  0.8738739
5.7	  0.8028028
5.8	  0.7342342
5.9	  0.6576577
6.0	  0.5750751
6.1	  0.504004
6.2	  0.43493494
6.3	  0.36336336
6.4	  0.3058058
6.5	  0.25875875
6.6	  0.21571572
6.7	  0.17267267
6.8	  0.13913915
6.9	  0.1056056
7.0	  0.08458459
7.1	  0.066566564
7.2	  0.04854855
7.3	  0.04004004
7.4	  0.033033032
7.5	  0.024024025
7.6	  0.019019019
7.7	  0.016516516
7.8	  0.011011011
7.9	  0.008008008
8.0	  0.0045045046
8.1	  0.003003003
8.2	  0.0015015015
8.3	  0.0
8.4	  0.0
8.5	  0.0
8.6	  0.0
8.7	  0.0
8.8	  0.0
8.9	  0.0
9.0	  0.0



DATASET #7

Name: 95% Conf
Num Points: 66
Info: 

X, Y Data:
2.5	1.0	[1.0	1.0]
2.6	1.0	[1.0	1.0]
2.7	1.0	[1.0	1.0]
2.8	1.0	[1.0	1.0]
2.9	1.0	[1.0	1.0]
3.0	1.0	[1.0	1.0]
3.1	1.0	[1.0	1.0]
3.2	1.0	[1.0	1.0]
3.3	1.0	[1.0	1.0]
3.4	1.0	[1.0	1.0]
3.5	1.0	[1.0	1.0]
3.6	1.0	[1.0	1.0]
3.7	1.0	[1.0	1.0]
3.8	1.0	[1.0	1.0]
3.9	1.0	[1.0	1.0]
4.0	1.0	[1.0	1.0]
4.1	1.0	[1.0	1.0]
4.2	1.0	[1.0	1.0]
4.3	1.0	[1.0	1.0]
4.4	1.0	[1.0	1.0]
4.5	1.0	[1.0	1.0]
4.6	1.0	[1.0	1.0]
4.7	1.0	[1.0	1.0]
4.8	1.0	[1.0	1.0]
4.9	1.0	[1.0	1.0]
5.0	0.9994995	[0.9967557	0.9999739]
5.1	0.9984985	[0.99522567	0.99961215]
5.2	0.993994	[0.98921454	0.9967427]
5.3	0.983984	[0.97718674	0.98884046]
5.4	0.9644645	[0.9551374	0.9719543]
5.5	0.9249249	[0.9122697	0.93591404]
5.6	0.8738739	[0.8583332	0.887955]
5.7	0.8028028	[0.784524	0.8199028]
5.8	0.7342342	[0.7141727	0.7533851]
5.9	0.6576577	[0.6363135	0.6783895]
6.0	0.5750751	[0.55302405	0.59683466]
6.1	0.504004	[0.48184377	0.5261487]
6.2	0.43493494	[0.41309395	0.4570285]
6.3	0.36336336	[0.34230763	0.38494974]
6.4	0.3058058	[0.285746	0.32662016]
6.5	0.25875875	[0.23978709	0.27866837]
6.6	0.21571572	[0.1979923	0.23454535]
6.7	0.17267267	[0.15649123	0.19012935]
6.8	0.13913915	[0.124416314	0.15526977]
6.9	0.1056056	[0.09264223	0.12011073]
7.0	0.08458459	[0.072932504	0.09786366]
7.1	0.066566564	[0.05621622	0.0786184]
7.2	0.04854855	[0.039733224	0.059142347]
7.3	0.04004004	[0.032064836	0.049831674]
7.4	0.033033032	[0.025827462	0.04208766]
7.5	0.024024025	[0.017951703	0.031990577]
7.6	0.019019019	[0.013676062	0.026284171]
7.7	0.016516516	[0.011575894	0.023394674]
7.8	0.011011011	[0.0070834043	0.016915843]
7.9	0.008008008	[0.0047445814	0.013277157]
8.0	0.0045045046	[0.0021998798	0.008864955]
8.1	0.003003003	[0.0012212988	0.006877017]
8.2	0.0015015015	[3.878563E-4	0.0047743074]
8.3	0.0	[0.0	0.002392447]
8.4	0.0	[0.0	0.0]
8.5	0.0	[0.0	0.0]
8.6	0.0	[0.0	0.0]
8.7	0.0	[0.0	0.0]
8.8	0.0	[0.0	0.0]
8.9	0.0	[0.0	0.0]
9.0	0.0	[0.0	0.0]



DATASET #8

     Name: Supra
   Points: 66
     Info: 

Data[x,y]:
2.5	  0.0
2.6	  0.0
2.7	  0.0
2.8	  0.0
2.9	  0.0
3.0	  0.0
3.1	  0.0
3.2	  0.0
3.3	  0.0
3.4	  0.0
3.5	  0.0
3.6	  0.0
3.7	  0.0
3.8	  0.0
3.9	  0.0
4.0	  0.0
4.1	  0.0
4.2	  0.0
4.3	  0.0
4.4	  0.0
4.5	  0.0
4.6	  0.0
4.7	  0.0
4.8	  0.0
4.9	  0.0
5.0	  0.0
5.1	  0.0
5.2	  0.0
5.3	  0.0
5.4	  0.0
5.5	  0.0
5.6	  0.0
5.7	  0.0
5.8	  0.0
5.9	  0.0
6.0	  0.0
6.1	  0.0
6.2	  0.0
6.3	  0.0
6.4	  0.0
6.5	  0.0
6.6	  0.0
6.7	  0.0
6.8	  0.0
6.9	  0.0
7.0	  0.0
7.1	  0.0
7.2	  0.0
7.3	  0.0
7.4	  0.0
7.5	  0.0
7.6	  0.0
7.7	  0.0
7.8	  0.0
7.9	  0.0
8.0	  0.0
8.1	  0.0
8.2	  0.0
8.3	  0.0
8.4	  0.0
8.5	  0.0
8.6	  0.0
8.7	  0.0
8.8	  0.0
8.9	  0.0
9.0	  0.0



DATASET #9

     Name: Primary
   Points: 66
     Info: 

Data[x,y]:
2.5	  1798.9504
2.6	  1429.3663
2.7	  1135.2598
2.8	  901.92645
2.9	  716.3414
3.0	  569.0891
3.1	  452.35986
3.2	  359.1782
3.3	  285.1982
3.4	  226.60861
3.5	  180.0866
3.6	  143.1977
3.7	  113.646645
3.8	  90.27077
3.9	  71.63864
4.0	  57.01001
4.1	  45.317818
4.2	  36.03954
4.3	  28.608608
4.4	  22.698698
4.5	  18.099098
4.6	  14.358859
4.7	  11.389389
4.8	  9.057557
4.9	  7.236737
5.0	  5.7692695
5.1	  4.5585585
5.2	  3.6171172
5.3	  2.8628628
5.4	  2.2817817
5.5	  1.7937938
5.6	  1.411912
5.7	  1.1041042
5.8	  0.8703704
5.9	  0.6911912
6.0	  0.5445445
6.1	  0.44344345
6.2	  0.35635635
6.3	  0.2852853
6.4	  0.22972973
6.5	  0.18518518
6.6	  0.15015015
6.7	  0.11461461
6.8	  0.08908909
6.9	  0.06306306
7.0	  0.05055055
7.1	  0.039039038
7.2	  0.029529529
7.3	  0.022522522
7.4	  0.017017016
7.5	  0.0125125125
7.6	  0.01001001
7.7	  0.008008008
7.8	  0.0055055055
7.9	  0.0035035035
8.0	  0.003003003
8.1	  0.002002002
8.2	  5.005005E-4
8.3	  0.0
8.4	  0.0
8.5	  0.0
8.6	  0.0
8.7	  0.0
8.8	  0.0
8.9	  0.0
9.0	  0.0


