
X-Axis: Magnitude
Y-Axis: 1 Year Cumulative Number
Number of Data Sets: 9


DATASET #1

     Name: Mean
   Points: 66
     Info: 

Data[x,y]:
2.5	  6507.4014
2.6	  5169.282
2.7	  4105.7104
2.8	  3262.1968
2.9	  2592.0073
3.0	  2058.612
3.1	  1634.3798
3.2	  1298.6144
3.3	  1031.9836
3.4	  819.66614
3.5	  650.7588
3.6	  517.0566
3.7	  410.7736
3.8	  326.13535
3.9	  259.21002
4.0	  206.2904
4.1	  163.76949
4.2	  130.23462
4.3	  103.08942
4.4	  81.83511
4.5	  65.13535
4.6	  51.68663
4.7	  41.108284
4.8	  32.624283
4.9	  25.954062
5.0	  20.691551
5.1	  16.431501
5.2	  12.99918
5.3	  10.305168
5.4	  8.26169
5.5	  6.539787
5.6	  5.1632485
5.7	  4.0918784
5.8	  3.211649
5.9	  2.5537326
6.0	  2.0426579
6.1	  1.6234618
6.2	  1.2805579
6.3	  1.018868
6.4	  0.8277276
6.5	  0.6488925
6.6	  0.5159967
6.7	  0.390484
6.8	  0.3002461
6.9	  0.23379819
7.0	  0.18293683
7.1	  0.14684168
7.2	  0.109105825
7.3	  0.08531583
7.4	  0.06972928
7.5	  0.053322397
7.6	  0.038556192
7.7	  0.03609516
7.8	  0.022969646
7.9	  0.01640689
8.0	  0.010664479
8.1	  0.0041017225
8.2	  8.2034455E-4
8.3	  0.0
8.4	  0.0
8.5	  0.0
8.6	  0.0
8.7	  0.0
8.8	  0.0
8.9	  0.0
9.0	  0.0



DATASET #2

     Name: 2.5%,97.5%
   Points: 66
     Info: 

Data[x,y]:
2.5	  3242.0
2.6	  2572.0
2.7	  2042.0
2.8	  1617.0
2.9	  1286.0
3.0	  1017.0
3.1	  807.0
3.2	  634.0
3.3	  499.0
3.4	  391.0
3.5	  308.0
3.6	  242.0
3.7	  188.0
3.8	  148.0
3.9	  116.0
4.0	  92.0
4.1	  70.0
4.2	  54.0
4.3	  40.0
4.4	  31.0
4.5	  23.0
4.6	  17.0
4.7	  13.0
4.8	  10.0
4.9	  7.0
5.0	  5.0
5.1	  4.0
5.2	  2.0
5.3	  1.0
5.4	  1.0
5.5	  0.0
5.6	  0.0
5.7	  0.0
5.8	  0.0
5.9	  0.0
6.0	  0.0
6.1	  0.0
6.2	  0.0
6.3	  0.0
6.4	  0.0
6.5	  0.0
6.6	  0.0
6.7	  0.0
6.8	  0.0
6.9	  0.0
7.0	  0.0
7.1	  0.0
7.2	  0.0
7.3	  0.0
7.4	  0.0
7.5	  0.0
7.6	  0.0
7.7	  0.0
7.8	  0.0
7.9	  0.0
8.0	  0.0
8.1	  0.0
8.2	  0.0
8.3	  0.0
8.4	  0.0
8.5	  0.0
8.6	  0.0
8.7	  0.0
8.8	  0.0
8.9	  0.0
9.0	  0.0



DATASET #3

     Name: null
   Points: 66
     Info: 

Data[x,y]:
2.5	  26664.0
2.6	  21146.0
2.7	  16866.0
2.8	  13423.0
2.9	  10767.0
3.0	  8550.0
3.1	  6694.0
3.2	  5348.0
3.3	  4242.0
3.4	  3370.0
3.5	  2684.0
3.6	  2136.0
3.7	  1675.0
3.8	  1312.0
3.9	  1071.0
4.0	  845.0
4.1	  663.0
4.2	  545.0
4.3	  428.0
4.4	  340.0
4.5	  272.0
4.6	  215.0
4.7	  169.0
4.8	  136.0
4.9	  110.0
5.0	  88.0
5.1	  67.0
5.2	  54.0
5.3	  43.0
5.4	  34.0
5.5	  28.0
5.6	  22.0
5.7	  17.0
5.8	  13.0
5.9	  11.0
6.0	  9.0
6.1	  8.0
6.2	  6.0
6.3	  5.0
6.4	  5.0
6.5	  4.0
6.6	  3.0
6.7	  3.0
6.8	  2.0
6.9	  2.0
7.0	  2.0
7.1	  2.0
7.2	  1.0
7.3	  1.0
7.4	  1.0
7.5	  1.0
7.6	  1.0
7.7	  1.0
7.8	  0.0
7.9	  0.0
8.0	  0.0
8.1	  0.0
8.2	  0.0
8.3	  0.0
8.4	  0.0
8.5	  0.0
8.6	  0.0
8.7	  0.0
8.8	  0.0
8.9	  0.0
9.0	  0.0



DATASET #4

     Name: Median
   Points: 66
     Info: 

Data[x,y]:
2.5	  4333.0
2.6	  3443.0
2.7	  2736.0
2.8	  2172.0
2.9	  1722.0
3.0	  1372.0
3.1	  1091.0
3.2	  866.0
3.3	  686.0
3.4	  546.0
3.5	  434.0
3.6	  346.0
3.7	  276.0
3.8	  221.0
3.9	  176.0
4.0	  140.0
4.1	  111.0
4.2	  88.0
4.3	  70.0
4.4	  56.0
4.5	  45.0
4.6	  36.0
4.7	  29.0
4.8	  23.0
4.9	  18.0
5.0	  15.0
5.1	  12.0
5.2	  9.0
5.3	  7.0
5.4	  6.0
5.5	  4.0
5.6	  3.0
5.7	  3.0
5.8	  2.0
5.9	  2.0
6.0	  1.0
6.1	  1.0
6.2	  1.0
6.3	  0.0
6.4	  0.0
6.5	  0.0
6.6	  0.0
6.7	  0.0
6.8	  0.0
6.9	  0.0
7.0	  0.0
7.1	  0.0
7.2	  0.0
7.3	  0.0
7.4	  0.0
7.5	  0.0
7.6	  0.0
7.7	  0.0
7.8	  0.0
7.9	  0.0
8.0	  0.0
8.1	  0.0
8.2	  0.0
8.3	  0.0
8.4	  0.0
8.5	  0.0
8.6	  0.0
8.7	  0.0
8.8	  0.0
8.9	  0.0
9.0	  0.0



DATASET #5

     Name: Mode
   Points: 66
     Info: 

Data[x,y]:
2.5	  3618.0
2.6	  2838.0
2.7	  2309.0
2.8	  1806.0
2.9	  1449.0
3.0	  1245.0
3.1	  913.0
3.2	  735.0
3.3	  586.0
3.4	  494.0
3.5	  372.0
3.6	  302.0
3.7	  227.0
3.8	  179.0
3.9	  143.0
4.0	  113.0
4.1	  94.0
4.2	  70.0
4.3	  55.0
4.4	  46.0
4.5	  39.0
4.6	  29.0
4.7	  23.0
4.8	  17.0
4.9	  14.0
5.0	  13.0
5.1	  12.0
5.2	  6.0
5.3	  6.0
5.4	  4.0
5.5	  4.0
5.6	  2.0
5.7	  2.0
5.8	  2.0
5.9	  0.0
6.0	  0.0
6.1	  0.0
6.2	  0.0
6.3	  0.0
6.4	  0.0
6.5	  0.0
6.6	  0.0
6.7	  0.0
6.8	  0.0
6.9	  0.0
7.0	  0.0
7.1	  0.0
7.2	  0.0
7.3	  0.0
7.4	  0.0
7.5	  0.0
7.6	  0.0
7.7	  0.0
7.8	  0.0
7.9	  0.0
8.0	  0.0
8.1	  0.0
8.2	  0.0
8.3	  0.0
8.4	  0.0
8.5	  0.0
8.6	  0.0
8.7	  0.0
8.8	  0.0
8.9	  0.0
9.0	  0.0



DATASET #6

     Name: 1 yr Prob
   Points: 66
     Info: 

Data[x,y]:
2.5	  1.0
2.6	  1.0
2.7	  1.0
2.8	  1.0
2.9	  1.0
3.0	  1.0
3.1	  1.0
3.2	  1.0
3.3	  1.0
3.4	  1.0
3.5	  1.0
3.6	  1.0
3.7	  1.0
3.8	  1.0
3.9	  1.0
4.0	  1.0
4.1	  1.0
4.2	  1.0
4.3	  1.0
4.4	  1.0
4.5	  1.0
4.6	  1.0
4.7	  1.0
4.8	  1.0
4.9	  1.0
5.0	  1.0
5.1	  1.0
5.2	  0.99917966
5.3	  0.99343723
5.4	  0.98441344
5.5	  0.9688269
5.6	  0.9319114
5.7	  0.88105005
5.8	  0.8154225
5.9	  0.7530763
6.0	  0.68580806
6.1	  0.61936015
6.2	  0.535685
6.3	  0.46103364
6.4	  0.40278918
6.5	  0.33798194
6.6	  0.29204267
6.7	  0.23461854
6.8	  0.19196062
6.9	  0.15176374
7.0	  0.121410996
7.1	  0.101722725
7.2	  0.07793273
7.3	  0.066447906
7.4	  0.057424117
7.5	  0.045939293
7.6	  0.034454472
7.7	  0.03281378
7.8	  0.021328958
7.9	  0.015586547
8.0	  0.009844135
8.1	  0.0032813782
8.2	  8.2034455E-4
8.3	  0.0
8.4	  0.0
8.5	  0.0
8.6	  0.0
8.7	  0.0
8.8	  0.0
8.9	  0.0
9.0	  0.0



DATASET #7

Name: 95% Conf
Num Points: 66
Info: 

X, Y Data:
2.5	1.0	[1.0	1.0]
2.6	1.0	[1.0	1.0]
2.7	1.0	[1.0	1.0]
2.8	1.0	[1.0	1.0]
2.9	1.0	[1.0	1.0]
3.0	1.0	[1.0	1.0]
3.1	1.0	[1.0	1.0]
3.2	1.0	[1.0	1.0]
3.3	1.0	[1.0	1.0]
3.4	1.0	[1.0	1.0]
3.5	1.0	[1.0	1.0]
3.6	1.0	[1.0	1.0]
3.7	1.0	[1.0	1.0]
3.8	1.0	[1.0	1.0]
3.9	1.0	[1.0	1.0]
4.0	1.0	[1.0	1.0]
4.1	1.0	[1.0	1.0]
4.2	1.0	[1.0	1.0]
4.3	1.0	[1.0	1.0]
4.4	1.0	[1.0	1.0]
4.5	1.0	[1.0	1.0]
4.6	1.0	[1.0	1.0]
4.7	1.0	[1.0	1.0]
4.8	1.0	[1.0	1.0]
4.9	1.0	[1.0	1.0]
5.0	1.0	[1.0	1.0]
5.1	1.0	[1.0	1.0]
5.2	0.99917966	[0.9946894	0.9999572]
5.3	0.99343723	[0.98656374	0.9969453]
5.4	0.98441344	[0.97528815	0.99032]
5.5	0.9688269	[0.957033	0.9775529]
5.6	0.9319114	[0.9159228	0.945108]
5.7	0.88105005	[0.8612329	0.8984192]
5.8	0.8154225	[0.7922369	0.836589]
5.9	0.7530763	[0.72767615	0.77685946]
6.0	0.68580806	[0.65878195	0.71164834]
6.1	0.61936015	[0.5913536	0.64660543]
6.2	0.535685	[0.5072089	0.56393355]
6.3	0.46103364	[0.43280923	0.48950645]
6.4	0.40278918	[0.3751986	0.4309996]
6.5	0.33798194	[0.3115724	0.36542517]
6.6	0.29204267	[0.26680344	0.31860945]
6.7	0.23461854	[0.2112916	0.2596416]
6.8	0.19196062	[0.17044155	0.21545094]
6.9	0.15176374	[0.1323313	0.17342861]
7.0	0.121410996	[0.10387343	0.14138028]
7.1	0.101722725	[0.08560626	0.120401815]
7.2	0.07793273	[0.06380247	0.094786756]
7.3	0.066447906	[0.053414684	0.082284585]
7.4	0.057424117	[0.04533517	0.072380506]
7.5	0.045939293	[0.035185806	0.059644364]
7.6	0.034454472	[0.025239082	0.04671073]
7.7	0.03281378	[0.023839816	0.04484204]
7.8	0.021328958	[0.014262491	0.03155226]
7.9	0.015586547	[0.009679967	0.024711834]
8.0	0.009844135	[0.005341922	0.017645301]
8.1	0.0032813782	[0.0010516591	0.008990418]
8.2	8.2034455E-4	[4.2822314E-5	0.0053106113]
8.3	0.0	[0.0	0.00391648]
8.4	0.0	[0.0	0.0]
8.5	0.0	[0.0	0.0]
8.6	0.0	[0.0	0.0]
8.7	0.0	[0.0	0.0]
8.8	0.0	[0.0	0.0]
8.9	0.0	[0.0	0.0]
9.0	0.0	[0.0	0.0]



DATASET #8

     Name: Supra
   Points: 66
     Info: 

Data[x,y]:
2.5	  0.0
2.6	  0.0
2.7	  0.0
2.8	  0.0
2.9	  0.0
3.0	  0.0
3.1	  0.0
3.2	  0.0
3.3	  0.0
3.4	  0.0
3.5	  0.0
3.6	  0.0
3.7	  0.0
3.8	  0.0
3.9	  0.0
4.0	  0.0
4.1	  0.0
4.2	  0.0
4.3	  0.0
4.4	  0.0
4.5	  0.0
4.6	  0.0
4.7	  0.0
4.8	  0.0
4.9	  0.0
5.0	  0.0
5.1	  0.0
5.2	  0.0
5.3	  0.0
5.4	  0.0
5.5	  0.0
5.6	  0.0
5.7	  0.0
5.8	  0.0
5.9	  0.0
6.0	  0.0
6.1	  0.0
6.2	  0.0
6.3	  0.0
6.4	  0.0
6.5	  0.0
6.6	  0.0
6.7	  0.0
6.8	  0.0
6.9	  0.0
7.0	  0.0
7.1	  0.0
7.2	  0.0
7.3	  0.0
7.4	  0.0
7.5	  0.0
7.6	  0.0
7.7	  0.0
7.8	  0.0
7.9	  0.0
8.0	  0.0
8.1	  0.0
8.2	  0.0
8.3	  0.0
8.4	  0.0
8.5	  0.0
8.6	  0.0
8.7	  0.0
8.8	  0.0
8.9	  0.0
9.0	  0.0



DATASET #9

     Name: Primary
   Points: 66
     Info: 

Data[x,y]:
2.5	  2162.348
2.6	  1717.2789
2.7	  1363.79
2.8	  1083.968
2.9	  861.0312
3.0	  683.904
3.1	  543.21906
3.2	  431.5775
3.3	  342.81296
3.4	  272.3388
3.5	  215.98605
3.6	  171.74652
3.7	  136.49548
3.8	  108.39213
3.9	  86.17063
4.0	  68.608696
4.1	  54.533222
4.2	  43.40279
4.3	  34.28302
4.4	  27.255127
4.5	  21.664478
4.6	  17.159147
4.7	  13.668581
4.8	  10.862182
4.9	  8.671863
5.0	  6.897457
5.1	  5.461854
5.2	  4.3133717
5.3	  3.3822806
5.4	  2.7251847
5.5	  2.1443806
5.6	  1.6800656
5.7	  1.3314192
5.8	  1.04758
5.9	  0.84085315
6.0	  0.68252665
6.1	  0.56767845
6.2	  0.45365053
6.3	  0.36013126
6.4	  0.30270714
6.5	  0.23872027
6.6	  0.19031994
6.7	  0.13945857
6.8	  0.10746513
6.9	  0.082034454
7.0	  0.063986875
7.1	  0.051681705
7.2	  0.036915503
7.3	  0.028712058
7.4	  0.020508613
7.5	  0.015586547
7.6	  0.009844135
7.7	  0.00902379
7.8	  0.0065627564
7.9	  0.0041017225
8.0	  0.0024610336
8.1	  8.2034455E-4
8.2	  0.0
8.3	  0.0
8.4	  0.0
8.5	  0.0
8.6	  0.0
8.7	  0.0
8.8	  0.0
8.9	  0.0
9.0	  0.0


