
X-Axis: Magnitude
Y-Axis: 1 Hour Cumulative Number
Number of Data Sets: 9


DATASET #1

     Name: Mean
   Points: 66
     Info: 

Data[x,y]:
2.5	  0.1355
2.6	  0.1088
2.7	  0.0872
2.8	  0.0687
2.9	  0.0536
3.0	  0.0432
3.1	  0.0354
3.2	  0.0293
3.3	  0.0226
3.4	  0.0175
3.5	  0.0132
3.6	  0.0107
3.7	  0.0081
3.8	  0.0062
3.9	  0.0054
4.0	  0.0042
4.1	  0.003
4.2	  0.0022
4.3	  0.0016
4.4	  0.0012
4.5	  9.0E-4
4.6	  8.0E-4
4.7	  7.0E-4
4.8	  7.0E-4
4.9	  5.0E-4
5.0	  3.0E-4
5.1	  3.0E-4
5.2	  3.0E-4
5.3	  3.0E-4
5.4	  3.0E-4
5.5	  3.0E-4
5.6	  2.0E-4
5.7	  1.0E-4
5.8	  1.0E-4
5.9	  1.0E-4
6.0	  1.0E-4
6.1	  1.0E-4
6.2	  1.0E-4
6.3	  1.0E-4
6.4	  1.0E-4
6.5	  0.0
6.6	  0.0
6.7	  0.0
6.8	  0.0
6.9	  0.0
7.0	  0.0
7.1	  0.0
7.2	  0.0
7.3	  0.0
7.4	  0.0
7.5	  0.0
7.6	  0.0
7.7	  0.0
7.8	  0.0
7.9	  0.0
8.0	  0.0
8.1	  0.0
8.2	  0.0
8.3	  0.0
8.4	  0.0
8.5	  0.0
8.6	  0.0
8.7	  0.0
8.8	  0.0
8.9	  0.0
9.0	  0.0



DATASET #2

     Name: 2.5%,97.5%
   Points: 66
     Info: 

Data[x,y]:
2.5	  0.0
2.6	  0.0
2.7	  0.0
2.8	  0.0
2.9	  0.0
3.0	  0.0
3.1	  0.0
3.2	  0.0
3.3	  0.0
3.4	  0.0
3.5	  0.0
3.6	  0.0
3.7	  0.0
3.8	  0.0
3.9	  0.0
4.0	  0.0
4.1	  0.0
4.2	  0.0
4.3	  0.0
4.4	  0.0
4.5	  0.0
4.6	  0.0
4.7	  0.0
4.8	  0.0
4.9	  0.0
5.0	  0.0
5.1	  0.0
5.2	  0.0
5.3	  0.0
5.4	  0.0
5.5	  0.0
5.6	  0.0
5.7	  0.0
5.8	  0.0
5.9	  0.0
6.0	  0.0
6.1	  0.0
6.2	  0.0
6.3	  0.0
6.4	  0.0
6.5	  0.0
6.6	  0.0
6.7	  0.0
6.8	  0.0
6.9	  0.0
7.0	  0.0
7.1	  0.0
7.2	  0.0
7.3	  0.0
7.4	  0.0
7.5	  0.0
7.6	  0.0
7.7	  0.0
7.8	  0.0
7.9	  0.0
8.0	  0.0
8.1	  0.0
8.2	  0.0
8.3	  0.0
8.4	  0.0
8.5	  0.0
8.6	  0.0
8.7	  0.0
8.8	  0.0
8.9	  0.0
9.0	  0.0



DATASET #3

     Name: null
   Points: 66
     Info: 

Data[x,y]:
2.5	  1.0
2.6	  1.0
2.7	  1.0
2.8	  1.0
2.9	  1.0
3.0	  1.0
3.1	  1.0
3.2	  1.0
3.3	  0.0
3.4	  0.0
3.5	  0.0
3.6	  0.0
3.7	  0.0
3.8	  0.0
3.9	  0.0
4.0	  0.0
4.1	  0.0
4.2	  0.0
4.3	  0.0
4.4	  0.0
4.5	  0.0
4.6	  0.0
4.7	  0.0
4.8	  0.0
4.9	  0.0
5.0	  0.0
5.1	  0.0
5.2	  0.0
5.3	  0.0
5.4	  0.0
5.5	  0.0
5.6	  0.0
5.7	  0.0
5.8	  0.0
5.9	  0.0
6.0	  0.0
6.1	  0.0
6.2	  0.0
6.3	  0.0
6.4	  0.0
6.5	  0.0
6.6	  0.0
6.7	  0.0
6.8	  0.0
6.9	  0.0
7.0	  0.0
7.1	  0.0
7.2	  0.0
7.3	  0.0
7.4	  0.0
7.5	  0.0
7.6	  0.0
7.7	  0.0
7.8	  0.0
7.9	  0.0
8.0	  0.0
8.1	  0.0
8.2	  0.0
8.3	  0.0
8.4	  0.0
8.5	  0.0
8.6	  0.0
8.7	  0.0
8.8	  0.0
8.9	  0.0
9.0	  0.0



DATASET #4

     Name: Median
   Points: 66
     Info: 

Data[x,y]:
2.5	  0.0
2.6	  0.0
2.7	  0.0
2.8	  0.0
2.9	  0.0
3.0	  0.0
3.1	  0.0
3.2	  0.0
3.3	  0.0
3.4	  0.0
3.5	  0.0
3.6	  0.0
3.7	  0.0
3.8	  0.0
3.9	  0.0
4.0	  0.0
4.1	  0.0
4.2	  0.0
4.3	  0.0
4.4	  0.0
4.5	  0.0
4.6	  0.0
4.7	  0.0
4.8	  0.0
4.9	  0.0
5.0	  0.0
5.1	  0.0
5.2	  0.0
5.3	  0.0
5.4	  0.0
5.5	  0.0
5.6	  0.0
5.7	  0.0
5.8	  0.0
5.9	  0.0
6.0	  0.0
6.1	  0.0
6.2	  0.0
6.3	  0.0
6.4	  0.0
6.5	  0.0
6.6	  0.0
6.7	  0.0
6.8	  0.0
6.9	  0.0
7.0	  0.0
7.1	  0.0
7.2	  0.0
7.3	  0.0
7.4	  0.0
7.5	  0.0
7.6	  0.0
7.7	  0.0
7.8	  0.0
7.9	  0.0
8.0	  0.0
8.1	  0.0
8.2	  0.0
8.3	  0.0
8.4	  0.0
8.5	  0.0
8.6	  0.0
8.7	  0.0
8.8	  0.0
8.9	  0.0
9.0	  0.0



DATASET #5

     Name: Mode
   Points: 66
     Info: 

Data[x,y]:
2.5	  0.0
2.6	  0.0
2.7	  0.0
2.8	  0.0
2.9	  0.0
3.0	  0.0
3.1	  0.0
3.2	  0.0
3.3	  0.0
3.4	  0.0
3.5	  0.0
3.6	  0.0
3.7	  0.0
3.8	  0.0
3.9	  0.0
4.0	  0.0
4.1	  0.0
4.2	  0.0
4.3	  0.0
4.4	  0.0
4.5	  0.0
4.6	  0.0
4.7	  0.0
4.8	  0.0
4.9	  0.0
5.0	  0.0
5.1	  0.0
5.2	  0.0
5.3	  0.0
5.4	  0.0
5.5	  0.0
5.6	  0.0
5.7	  0.0
5.8	  0.0
5.9	  0.0
6.0	  0.0
6.1	  0.0
6.2	  0.0
6.3	  0.0
6.4	  0.0
6.5	  0.0
6.6	  0.0
6.7	  0.0
6.8	  0.0
6.9	  0.0
7.0	  0.0
7.1	  0.0
7.2	  0.0
7.3	  0.0
7.4	  0.0
7.5	  0.0
7.6	  0.0
7.7	  0.0
7.8	  0.0
7.9	  0.0
8.0	  0.0
8.1	  0.0
8.2	  0.0
8.3	  0.0
8.4	  0.0
8.5	  0.0
8.6	  0.0
8.7	  0.0
8.8	  0.0
8.9	  0.0
9.0	  0.0



DATASET #6

     Name: 1 hr Prob
   Points: 66
     Info: 

Data[x,y]:
2.5	  0.1133
2.6	  0.0925
2.7	  0.075
2.8	  0.0599
2.9	  0.047
3.0	  0.0382
3.1	  0.0312
3.2	  0.026
3.3	  0.0196
3.4	  0.0153
3.5	  0.0117
3.6	  0.0096
3.7	  0.0072
3.8	  0.0055
3.9	  0.0047
4.0	  0.0036
4.1	  0.0025
4.2	  0.0019
4.3	  0.0015
4.4	  0.0011
4.5	  8.0E-4
4.6	  7.0E-4
4.7	  6.0E-4
4.8	  6.0E-4
4.9	  4.0E-4
5.0	  2.0E-4
5.1	  2.0E-4
5.2	  2.0E-4
5.3	  2.0E-4
5.4	  2.0E-4
5.5	  2.0E-4
5.6	  2.0E-4
5.7	  1.0E-4
5.8	  1.0E-4
5.9	  1.0E-4
6.0	  1.0E-4
6.1	  1.0E-4
6.2	  1.0E-4
6.3	  1.0E-4
6.4	  1.0E-4
6.5	  0.0
6.6	  0.0
6.7	  0.0
6.8	  0.0
6.9	  0.0
7.0	  0.0
7.1	  0.0
7.2	  0.0
7.3	  0.0
7.4	  0.0
7.5	  0.0
7.6	  0.0
7.7	  0.0
7.8	  0.0
7.9	  0.0
8.0	  0.0
8.1	  0.0
8.2	  0.0
8.3	  0.0
8.4	  0.0
8.5	  0.0
8.6	  0.0
8.7	  0.0
8.8	  0.0
8.9	  0.0
9.0	  0.0



DATASET #7

Name: 95% Conf
Num Points: 66
Info: 

X, Y Data:
2.5	0.1133	[0.10718673	0.11971265]
2.6	0.0925	[0.0869281	0.09838763]
2.7	0.075	[0.069950745	0.08037882]
2.8	0.0599	[0.05536755	0.06477409]
2.9	0.047	[0.0429751	0.051377002]
3.0	0.0382	[0.034569345	0.04219004]
3.1	0.0312	[0.02792097	0.034844354]
3.2	0.026	[0.023011196	0.029358672]
3.3	0.0196	[0.017015176	0.022560555]
3.4	0.0153	[0.0130275125	0.01795246]
3.5	0.0117	[0.00972642	0.014057467]
3.6	0.0096	[0.007823197	0.011763247]
3.7	0.0072	[0.005677371	0.009112456]
3.8	0.0055	[0.00418474	0.007208035]
3.9	0.0047	[0.0034935437	0.0063009043]
4.0	0.0036	[0.002559648	0.005037626]
4.1	0.0025	[0.0016536285	0.0037476183]
4.2	0.0019	[0.001177755	0.0030266633]
4.3	0.0015	[8.7160297E-4	0.0025357252]
4.4	0.0011	[5.78654E-4	0.002032798]
4.5	8.0E-4	[3.72026E-4	0.0016440704]
4.6	7.0E-4	[3.067646E-4	0.0015114105]
4.7	6.0E-4	[2.4392352E-4	0.0013767487]
4.8	6.0E-4	[2.4392352E-4	0.0013767487]
4.9	4.0E-4	[1.281423E-4	0.0010995757]
5.0	2.0E-4	[3.464177E-5	8.0633943E-4]
5.1	2.0E-4	[3.464177E-5	8.0633943E-4]
5.2	2.0E-4	[3.464177E-5	8.0633943E-4]
5.3	2.0E-4	[3.464177E-5	8.0633943E-4]
5.4	2.0E-4	[3.464177E-5	8.0633943E-4]
5.5	2.0E-4	[3.464177E-5	8.0633943E-4]
5.6	2.0E-4	[3.464177E-5	8.0633943E-4]
5.7	1.0E-4	[5.219881E-6	6.492555E-4]
5.8	1.0E-4	[5.219881E-6	6.492555E-4]
5.9	1.0E-4	[5.219881E-6	6.492555E-4]
6.0	1.0E-4	[5.219881E-6	6.492555E-4]
6.1	1.0E-4	[5.219881E-6	6.492555E-4]
6.2	1.0E-4	[5.219881E-6	6.492555E-4]
6.3	1.0E-4	[5.219881E-6	6.492555E-4]
6.4	1.0E-4	[5.219881E-6	6.492555E-4]
6.5	0.0	[0.0	4.787542E-4]
6.6	0.0	[0.0	4.787542E-4]
6.7	0.0	[0.0	4.787542E-4]
6.8	0.0	[0.0	4.787542E-4]
6.9	0.0	[0.0	4.787542E-4]
7.0	0.0	[0.0	4.787542E-4]
7.1	0.0	[0.0	4.787542E-4]
7.2	0.0	[0.0	4.787542E-4]
7.3	0.0	[0.0	4.787542E-4]
7.4	0.0	[0.0	4.787542E-4]
7.5	0.0	[0.0	4.787542E-4]
7.6	0.0	[0.0	4.787542E-4]
7.7	0.0	[0.0	4.787542E-4]
7.8	0.0	[0.0	4.787542E-4]
7.9	0.0	[0.0	4.787542E-4]
8.0	0.0	[0.0	4.787542E-4]
8.1	0.0	[0.0	4.787542E-4]
8.2	0.0	[0.0	4.787542E-4]
8.3	0.0	[0.0	4.787542E-4]
8.4	0.0	[0.0	0.0]
8.5	0.0	[0.0	0.0]
8.6	0.0	[0.0	0.0]
8.7	0.0	[0.0	0.0]
8.8	0.0	[0.0	0.0]
8.9	0.0	[0.0	0.0]
9.0	0.0	[0.0	0.0]



DATASET #8

     Name: Supra
   Points: 66
     Info: 

Data[x,y]:
2.5	  0.0
2.6	  0.0
2.7	  0.0
2.8	  0.0
2.9	  0.0
3.0	  0.0
3.1	  0.0
3.2	  0.0
3.3	  0.0
3.4	  0.0
3.5	  0.0
3.6	  0.0
3.7	  0.0
3.8	  0.0
3.9	  0.0
4.0	  0.0
4.1	  0.0
4.2	  0.0
4.3	  0.0
4.4	  0.0
4.5	  0.0
4.6	  0.0
4.7	  0.0
4.8	  0.0
4.9	  0.0
5.0	  0.0
5.1	  0.0
5.2	  0.0
5.3	  0.0
5.4	  0.0
5.5	  0.0
5.6	  0.0
5.7	  0.0
5.8	  0.0
5.9	  0.0
6.0	  0.0
6.1	  0.0
6.2	  0.0
6.3	  0.0
6.4	  0.0
6.5	  0.0
6.6	  0.0
6.7	  0.0
6.8	  0.0
6.9	  0.0
7.0	  0.0
7.1	  0.0
7.2	  0.0
7.3	  0.0
7.4	  0.0
7.5	  0.0
7.6	  0.0
7.7	  0.0
7.8	  0.0
7.9	  0.0
8.0	  0.0
8.1	  0.0
8.2	  0.0
8.3	  0.0
8.4	  0.0
8.5	  0.0
8.6	  0.0
8.7	  0.0
8.8	  0.0
8.9	  0.0
9.0	  0.0



DATASET #9

     Name: Primary
   Points: 66
     Info: 

Data[x,y]:
2.5	  0.1216
2.6	  0.0968
2.7	  0.0771
2.8	  0.0606
2.9	  0.0469
3.0	  0.0374
3.1	  0.0305
3.2	  0.0253
3.3	  0.0191
3.4	  0.015
3.5	  0.0115
3.6	  0.0093
3.7	  0.0069
3.8	  0.0052
3.9	  0.0045
4.0	  0.0034
4.1	  0.0024
4.2	  0.0017
4.3	  0.0013
4.4	  0.001
4.5	  7.0E-4
4.6	  7.0E-4
4.7	  6.0E-4
4.8	  6.0E-4
4.9	  4.0E-4
5.0	  2.0E-4
5.1	  2.0E-4
5.2	  2.0E-4
5.3	  2.0E-4
5.4	  2.0E-4
5.5	  2.0E-4
5.6	  2.0E-4
5.7	  1.0E-4
5.8	  1.0E-4
5.9	  1.0E-4
6.0	  1.0E-4
6.1	  1.0E-4
6.2	  1.0E-4
6.3	  1.0E-4
6.4	  1.0E-4
6.5	  0.0
6.6	  0.0
6.7	  0.0
6.8	  0.0
6.9	  0.0
7.0	  0.0
7.1	  0.0
7.2	  0.0
7.3	  0.0
7.4	  0.0
7.5	  0.0
7.6	  0.0
7.7	  0.0
7.8	  0.0
7.9	  0.0
8.0	  0.0
8.1	  0.0
8.2	  0.0
8.3	  0.0
8.4	  0.0
8.5	  0.0
8.6	  0.0
8.7	  0.0
8.8	  0.0
8.9	  0.0
9.0	  0.0


