
X-Axis: Duration (years)
Y-Axis: Cumulative Annual Rate (1/yr)
Number of Data Sets: 8


DATASET #1

Name: Mean
Num Points: 30
Info: 

X, Y Data:
1.0	7.8957005
4.0	7.8957005
8.0	7.898686
12.0	7.9007382
16.0	7.898686
20.0	7.8957005
24.0	7.9045777
28.0	7.9059052
32.0	7.9045777
36.0	7.9067245
40.0	7.9045777
44.0	7.9013467
48.0	7.9045777
52.0	7.9067245
56.0	7.9289207
60.0	7.9045777
64.0	7.9289207
68.0	7.9059052
72.0	7.9369016
76.0	7.916234
80.0	7.9045777
84.0	7.9439588
88.0	7.937322
92.0	7.9157643
96.0	7.9045777
100.0	7.8957005
200.0	7.954745
300.0	7.973651
400.0	7.954745
500.0	7.8957005



DATASET #2

Name: 2.5%,16%,84%,97.5%
Num Points: 30
Info: 

X, Y Data:
1.0	1.0
4.0	3.25
8.0	4.0
12.0	4.4166665
16.0	4.6875
20.0	4.9
24.0	5.0416665
28.0	5.178571
32.0	5.3125
36.0	5.3055553
40.0	5.375
44.0	5.4772725
48.0	5.6041665
52.0	5.576923
56.0	5.607143
60.0	5.6833334
64.0	5.796875
68.0	5.7941175
72.0	5.986111
76.0	5.9210525
80.0	6.0125
84.0	6.095238
88.0	6.125
92.0	6.119565
96.0	6.1875
100.0	6.15
200.0	6.725
300.0	7.076667
400.0	7.2075
500.0	7.228



DATASET #3

Name: 
Num Points: 30
Info: 

X, Y Data:
1.0	3.0
4.0	4.75
8.0	5.25
12.0	5.5833335
16.0	5.8125
20.0	5.9
24.0	6.0416665
28.0	6.107143
32.0	6.25
36.0	6.3333335
40.0	6.375
44.0	6.431818
48.0	6.5208335
52.0	6.519231
56.0	6.589286
60.0	6.616667
64.0	6.6875
68.0	6.720588
72.0	6.75
76.0	6.7236843
80.0	6.775
84.0	6.904762
88.0	6.840909
92.0	6.804348
96.0	6.8229165
100.0	6.84
200.0	7.27
300.0	7.44
400.0	7.4875
500.0	7.524



DATASET #4

Name: 
Num Points: 30
Info: 

X, Y Data:
1.0	11.0
4.0	10.5
8.0	10.25
12.0	10.083333
16.0	9.9375
20.0	9.9
24.0	9.791667
28.0	9.821428
32.0	9.65625
36.0	9.555555
40.0	9.55
44.0	9.454545
48.0	9.375
52.0	9.365385
56.0	9.303572
60.0	9.216666
64.0	9.265625
68.0	9.161765
72.0	9.097222
76.0	9.078947
80.0	9.025
84.0	9.059524
88.0	9.045455
92.0	9.0
96.0	8.947917
100.0	8.9
200.0	8.585
300.0	8.456667
400.0	8.415
500.0	8.296



DATASET #5

Name: 
Num Points: 30
Info: 

X, Y Data:
1.0	25.0
4.0	20.5
8.0	17.375
12.0	15.75
16.0	14.625
20.0	13.7
24.0	13.125
28.0	12.5
32.0	12.25
36.0	12.0
40.0	11.7
44.0	11.454545
48.0	11.270833
52.0	11.038462
56.0	10.964286
60.0	10.683333
64.0	10.625
68.0	10.6029415
72.0	10.569445
76.0	10.486842
80.0	10.3125
84.0	10.214286
88.0	10.090909
92.0	10.01087
96.0	9.989583
100.0	9.9
200.0	9.33
300.0	9.146667
400.0	8.765
500.0	8.608



DATASET #6

Name: Median
Num Points: 30
Info: 

X, Y Data:
1.0	6.0
4.0	6.75
8.0	7.125
12.0	7.25
16.0	7.3125
20.0	7.4
24.0	7.5
28.0	7.535714
32.0	7.5625
36.0	7.611111
40.0	7.65
44.0	7.6136365
48.0	7.6458335
52.0	7.730769
56.0	7.75
60.0	7.766667
64.0	7.828125
68.0	7.75
72.0	7.8055553
76.0	7.8026314
80.0	7.8
84.0	7.797619
88.0	7.840909
92.0	7.847826
96.0	7.8229165
100.0	7.83
200.0	7.955
300.0	7.96
400.0	7.9425
500.0	7.868



DATASET #7

Name: Mode
Num Points: 30
Info: 

X, Y Data:
1.0	5.0
4.0	5.75
8.0	6.5
12.0	6.4166665
16.0	6.3125
20.0	7.2
24.0	7.0
28.0	6.928571
32.0	7.4375
36.0	7.0833335
40.0	7.3
44.0	7.1136365
48.0	7.0
52.0	7.3846154
56.0	7.5
60.0	7.75
64.0	7.5
68.0	7.0147057
72.0	7.388889
76.0	7.9210525
80.0	7.9125
84.0	7.654762
88.0	7.4886365
92.0	8.608696
96.0	7.625
100.0	7.79
200.0	8.365
300.0	8.223333
400.0	8.1175
500.0	7.57



DATASET #8

Name: Std. Dev.
Num Points: 30
Info: 

X, Y Data:
1.0	8.020594
4.0	4.5400333
8.0	3.3736985
12.0	2.8209043
16.0	2.4854906
20.0	2.2461414
24.0	2.0683155
28.0	1.907405
32.0	1.7900715
36.0	1.6911242
40.0	1.6182773
44.0	1.5534924
48.0	1.4727361
52.0	1.4490044
56.0	1.3797619
60.0	1.2964023
64.0	1.2707
68.0	1.2353047
72.0	1.1875528
76.0	1.1921926
80.0	1.132018
84.0	1.1058156
88.0	1.0615076
92.0	1.0487438
96.0	1.0241883
100.0	0.9914214
200.0	0.6688923
300.0	0.52318984
400.0	0.4111347
500.0	0.36205572


