
X-Axis: Magnitude
Y-Axis: Cumulative Annual Rate (1/yr)
Number of Data Sets: 8


DATASET #1

     Name: Mean
   Points: 41
     Info: 

Data[x,y]:
5.0	  7.8986397
5.1	  6.247634
5.2	  4.9429584
5.3	  3.8963764
5.4	  3.0712848
5.5	  2.4121513
5.6	  1.8899063
5.7	  1.4769661
5.8	  1.1445359
5.9	  0.87384546
6.0	  0.6921925
6.1	  0.53321904
6.2	  0.42117056
6.3	  0.33261317
6.4	  0.26131687
6.5	  0.20214906
6.6	  0.15719022
6.7	  0.121970735
6.8	  0.09601051
6.9	  0.07434842
7.0	  0.057750344
7.1	  0.04394147
7.2	  0.03337906
7.3	  0.026657522
7.4	  0.020118885
7.5	  0.014929127
7.6	  0.01109968
7.7	  0.007956104
7.8	  0.0057956106
7.9	  0.0030178328
8.0	  0.0016003659
8.1	  6.630087E-4
8.2	  2.4005487E-4
8.3	  3.4293553E-5
8.4	  0.0
8.5	  0.0
8.6	  0.0
8.7	  0.0
8.8	  0.0
8.9	  0.0
9.0	  0.0



DATASET #2

     Name: 2.5%,16%,84%,97.5%
   Points: 41
     Info: 

Data[x,y]:
5.0	  6.54321
5.1	  5.185185
5.2	  4.080247
5.3	  3.2160494
5.4	  2.4814816
5.5	  1.9382716
5.6	  1.5185186
5.7	  1.1604939
5.8	  0.89506173
5.9	  0.6851852
6.0	  0.537037
6.1	  0.4074074
6.2	  0.32098764
6.3	  0.24074075
6.4	  0.18518518
6.5	  0.13580246
6.6	  0.09876543
6.7	  0.074074075
6.8	  0.055555556
6.9	  0.030864198
7.0	  0.024691358
7.1	  0.018518519
7.2	  0.012345679
7.3	  0.0061728396
7.4	  0.0
7.5	  0.0
7.6	  0.0
7.7	  0.0
7.8	  0.0
7.9	  0.0
8.0	  0.0
8.1	  0.0
8.2	  0.0
8.3	  0.0
8.4	  0.0
8.5	  0.0
8.6	  0.0
8.7	  0.0
8.8	  0.0
8.9	  0.0
9.0	  0.0



DATASET #3

     Name: 
   Points: 41
     Info: 

Data[x,y]:
5.0	  7.154321
5.1	  5.648148
5.2	  4.45679
5.3	  3.506173
5.4	  2.7777777
5.5	  2.1604939
5.6	  1.6790123
5.7	  1.308642
5.8	  1.0185186
5.9	  0.77160496
6.0	  0.60493827
6.1	  0.46296296
6.2	  0.36419752
6.3	  0.29012346
6.4	  0.22222222
6.5	  0.16666667
6.6	  0.12962963
6.7	  0.09876543
6.8	  0.074074075
6.9	  0.055555556
7.0	  0.043209877
7.1	  0.030864198
7.2	  0.018518519
7.3	  0.012345679
7.4	  0.012345679
7.5	  0.0061728396
7.6	  0.0061728396
7.7	  0.0
7.8	  0.0
7.9	  0.0
8.0	  0.0
8.1	  0.0
8.2	  0.0
8.3	  0.0
8.4	  0.0
8.5	  0.0
8.6	  0.0
8.7	  0.0
8.8	  0.0
8.9	  0.0
9.0	  0.0



DATASET #4

     Name: 
   Points: 41
     Info: 

Data[x,y]:
5.0	  8.592592
5.1	  6.8209877
5.2	  5.419753
5.3	  4.283951
5.4	  3.3950617
5.5	  2.6851852
5.6	  2.0987654
5.7	  1.654321
5.8	  1.2839506
5.9	  0.9814815
6.0	  0.7777778
6.1	  0.59876543
6.2	  0.47530866
6.3	  0.37654322
6.4	  0.2962963
6.5	  0.24074075
6.6	  0.18518518
6.7	  0.14814815
6.8	  0.11728395
6.9	  0.09259259
7.0	  0.074074075
7.1	  0.061728396
7.2	  0.049382716
7.3	  0.037037037
7.4	  0.030864198
7.5	  0.024691358
7.6	  0.018518519
7.7	  0.012345679
7.8	  0.012345679
7.9	  0.0061728396
8.0	  0.0061728396
8.1	  0.0
8.2	  0.0
8.3	  0.0
8.4	  0.0
8.5	  0.0
8.6	  0.0
8.7	  0.0
8.8	  0.0
8.9	  0.0
9.0	  0.0



DATASET #5

     Name: 
   Points: 41
     Info: 

Data[x,y]:
5.0	  9.345679
5.1	  7.4382715
5.2	  5.9012346
5.3	  4.654321
5.4	  3.6790123
5.5	  2.9135802
5.6	  2.2777777
5.7	  1.8024691
5.8	  1.4012346
5.9	  1.0864197
6.0	  0.8703704
6.1	  0.6728395
6.2	  0.5493827
6.3	  0.44444445
6.4	  0.34567901
6.5	  0.2777778
6.6	  0.22222222
6.7	  0.17901234
6.8	  0.14814815
6.9	  0.11728395
7.0	  0.09259259
7.1	  0.074074075
7.2	  0.061728396
7.3	  0.049382716
7.4	  0.037037037
7.5	  0.030864198
7.6	  0.024691358
7.7	  0.018518519
7.8	  0.018518519
7.9	  0.012345679
8.0	  0.0061728396
8.1	  0.0061728396
8.2	  0.0061728396
8.3	  0.0
8.4	  0.0
8.5	  0.0
8.6	  0.0
8.7	  0.0
8.8	  0.0
8.9	  0.0
9.0	  0.0



DATASET #6

     Name: Median
   Points: 41
     Info: 

Data[x,y]:
5.0	  7.9074073
5.1	  6.240741
5.2	  4.9444447
5.3	  3.8950617
5.4	  3.0617285
5.5	  2.3950617
5.6	  1.8827161
5.7	  1.4691358
5.8	  1.1358025
5.9	  0.8703704
6.0	  0.6851852
6.1	  0.5308642
6.2	  0.41975307
6.3	  0.3271605
6.4	  0.25925925
6.5	  0.2037037
6.6	  0.15432099
6.7	  0.11728395
6.8	  0.09259259
6.9	  0.074074075
7.0	  0.055555556
7.1	  0.043209877
7.2	  0.030864198
7.3	  0.024691358
7.4	  0.018518519
7.5	  0.012345679
7.6	  0.012345679
7.7	  0.0061728396
7.8	  0.0061728396
7.9	  0.0
8.0	  0.0
8.1	  0.0
8.2	  0.0
8.3	  0.0
8.4	  0.0
8.5	  0.0
8.6	  0.0
8.7	  0.0
8.8	  0.0
8.9	  0.0
9.0	  0.0



DATASET #7

     Name: Mode
   Points: 41
     Info: 

Data[x,y]:
5.0	  8.209877
5.1	  6.2530866
5.2	  5.0246916
5.3	  3.6666667
5.4	  3.0308642
5.5	  2.3580246
5.6	  1.8703704
5.7	  1.3827161
5.8	  1.1358025
5.9	  0.8518519
6.0	  0.654321
6.1	  0.537037
6.2	  0.41358024
6.3	  0.3271605
6.4	  0.2777778
6.5	  0.2037037
6.6	  0.16049382
6.7	  0.11728395
6.8	  0.09876543
6.9	  0.074074075
7.0	  0.049382716
7.1	  0.037037037
7.2	  0.030864198
7.3	  0.024691358
7.4	  0.024691358
7.5	  0.012345679
7.6	  0.012345679
7.7	  0.0061728396
7.8	  0.0061728396
7.9	  0.0
8.0	  0.0
8.1	  0.0
8.2	  0.0
8.3	  0.0
8.4	  0.0
8.5	  0.0
8.6	  0.0
8.7	  0.0
8.8	  0.0
8.9	  0.0
9.0	  0.0



DATASET #8

     Name: Std. Dev.
   Points: 41
     Info: 

Data[x,y]:
5.0	  0.71664274
5.1	  0.57629466
5.2	  0.46814704
5.3	  0.38057032
5.4	  0.30839103
5.5	  0.25266165
5.6	  0.20230576
5.7	  0.16596428
5.8	  0.13040121
5.9	  0.10251467
6.0	  0.08460477
6.1	  0.069513746
6.2	  0.05780099
6.3	  0.048728205
6.4	  0.04201625
6.5	  0.03634121
6.6	  0.031675063
6.7	  0.026589237
6.8	  0.023875412
6.9	  0.021122115
7.0	  0.017831482
7.1	  0.015586313
7.2	  0.013495679
7.3	  0.0119535485
7.4	  0.00973184
7.5	  0.00808833
7.6	  0.0066470657
7.7	  0.0056585837
7.8	  0.0047038253
7.9	  0.0036352475
8.0	  0.0027848464
8.1	  0.0019130716
8.2	  0.0011945025
8.3	  4.5924188E-4
8.4	  0.0
8.5	  0.0
8.6	  0.0
8.7	  0.0
8.8	  0.0
8.9	  0.0
9.0	  0.0


