
X-Axis: Magnitude
Y-Axis: Cumulative Annual Rate (1/yr)
Number of Data Sets: 8


DATASET #1

     Name: Mean
   Points: 41
     Info: 

Data[x,y]:
5.0	  7.867623
5.1	  6.219347
5.2	  4.917471
5.3	  3.879581
5.4	  3.0580165
5.5	  2.4006457
5.6	  1.879855
5.7	  1.4688962
5.8	  1.137902
5.9	  0.86800075
6.0	  0.6879081
6.1	  0.5302875
6.2	  0.41910332
6.3	  0.3303789
6.4	  0.2595151
6.5	  0.20032285
6.6	  0.15577485
6.7	  0.12093689
6.8	  0.09547393
6.9	  0.07425682
7.0	  0.058181044
7.1	  0.044060674
7.2	  0.033765838
7.3	  0.026967593
7.4	  0.020461746
7.5	  0.014851364
7.6	  0.011165936
7.7	  0.008004386
7.8	  0.0056347465
7.9	  0.002917885
8.0	  0.0016020956
8.1	  7.3099416E-4
8.2	  2.9239766E-4
8.3	  3.045809E-5
8.4	  0.0
8.5	  0.0
8.6	  0.0
8.7	  0.0
8.8	  0.0
8.9	  0.0
9.0	  0.0



DATASET #2

     Name: 2.5%,16%,84%,97.5%
   Points: 41
     Info: 

Data[x,y]:
5.0	  6.025
5.1	  4.7375
5.2	  3.7375
5.3	  2.925
5.4	  2.275
5.5	  1.7625
5.6	  1.35
5.7	  1.05
5.8	  0.8
5.9	  0.5875
6.0	  0.4625
6.1	  0.35
6.2	  0.2625
6.3	  0.2
6.4	  0.15
6.5	  0.1125
6.6	  0.075
6.7	  0.05
6.8	  0.0375
6.9	  0.025
7.0	  0.0125
7.1	  0.0
7.2	  0.0
7.3	  0.0
7.4	  0.0
7.5	  0.0
7.6	  0.0
7.7	  0.0
7.8	  0.0
7.9	  0.0
8.0	  0.0
8.1	  0.0
8.2	  0.0
8.3	  0.0
8.4	  0.0
8.5	  0.0
8.6	  0.0
8.7	  0.0
8.8	  0.0
8.9	  0.0
9.0	  0.0



DATASET #3

     Name: 
   Points: 41
     Info: 

Data[x,y]:
5.0	  6.775
5.1	  5.35
5.2	  4.2125
5.3	  3.3125
5.4	  2.6125
5.5	  2.0375
5.6	  1.5875
5.7	  1.225
5.8	  0.95
5.9	  0.725
6.0	  0.5625
6.1	  0.425
6.2	  0.3375
6.3	  0.2625
6.4	  0.2
6.5	  0.15
6.6	  0.1125
6.7	  0.0875
6.8	  0.0625
6.9	  0.05
7.0	  0.0375
7.1	  0.025
7.2	  0.0125
7.3	  0.0125
7.4	  0.0
7.5	  0.0
7.6	  0.0
7.7	  0.0
7.8	  0.0
7.9	  0.0
8.0	  0.0
8.1	  0.0
8.2	  0.0
8.3	  0.0
8.4	  0.0
8.5	  0.0
8.6	  0.0
8.7	  0.0
8.8	  0.0
8.9	  0.0
9.0	  0.0



DATASET #4

     Name: 
   Points: 41
     Info: 

Data[x,y]:
5.0	  8.975
5.1	  7.1125
5.2	  5.625
5.3	  4.45
5.4	  3.5125
5.5	  2.775
5.6	  2.175
5.7	  1.7125
5.8	  1.325
5.9	  1.0125
6.0	  0.8125
6.1	  0.625
6.2	  0.5
6.3	  0.4
6.4	  0.325
6.5	  0.25
6.6	  0.2
6.7	  0.1625
6.8	  0.125
6.9	  0.1
7.0	  0.0875
7.1	  0.0625
7.2	  0.05
7.3	  0.05
7.4	  0.0375
7.5	  0.025
7.6	  0.025
7.7	  0.0125
7.8	  0.0125
7.9	  0.0125
8.0	  0.0
8.1	  0.0
8.2	  0.0
8.3	  0.0
8.4	  0.0
8.5	  0.0
8.6	  0.0
8.7	  0.0
8.8	  0.0
8.9	  0.0
9.0	  0.0



DATASET #5

     Name: 
   Points: 41
     Info: 

Data[x,y]:
5.0	  10.1375
5.1	  8.025
5.2	  6.4
5.3	  5.05
5.4	  4.0
5.5	  3.1625
5.6	  2.475
5.7	  1.975
5.8	  1.55
5.9	  1.1875
6.0	  0.95
6.1	  0.75
6.2	  0.5875
6.3	  0.475
6.4	  0.3875
6.5	  0.3125
6.6	  0.25
6.7	  0.2125
6.8	  0.175
6.9	  0.1375
7.0	  0.1125
7.1	  0.1
7.2	  0.075
7.3	  0.0625
7.4	  0.05
7.5	  0.0375
7.6	  0.0375
7.7	  0.025
7.8	  0.025
7.9	  0.0125
8.0	  0.0125
8.1	  0.0125
8.2	  0.0
8.3	  0.0
8.4	  0.0
8.5	  0.0
8.6	  0.0
8.7	  0.0
8.8	  0.0
8.9	  0.0
9.0	  0.0



DATASET #6

     Name: Median
   Points: 41
     Info: 

Data[x,y]:
5.0	  7.7625
5.1	  6.15
5.2	  4.85
5.3	  3.825
5.4	  3.025
5.5	  2.375
5.6	  1.8625
5.7	  1.45
5.8	  1.125
5.9	  0.8625
6.0	  0.6875
6.1	  0.525
6.2	  0.4125
6.3	  0.325
6.4	  0.2625
6.5	  0.2
6.6	  0.15
6.7	  0.1125
6.8	  0.0875
6.9	  0.075
7.0	  0.05
7.1	  0.0375
7.2	  0.0375
7.3	  0.025
7.4	  0.025
7.5	  0.0125
7.6	  0.0125
7.7	  0.0125
7.8	  0.0
7.9	  0.0
8.0	  0.0
8.1	  0.0
8.2	  0.0
8.3	  0.0
8.4	  0.0
8.5	  0.0
8.6	  0.0
8.7	  0.0
8.8	  0.0
8.9	  0.0
9.0	  0.0



DATASET #7

     Name: Mode
   Points: 41
     Info: 

Data[x,y]:
5.0	  7.7125
5.1	  5.8875
5.2	  4.8375
5.3	  3.8125
5.4	  2.8875
5.5	  2.4125
5.6	  1.9
5.7	  1.4875
5.8	  1.125
5.9	  0.875
6.0	  0.6375
6.1	  0.55
6.2	  0.4625
6.3	  0.35
6.4	  0.2375
6.5	  0.1875
6.6	  0.15
6.7	  0.1125
6.8	  0.075
6.9	  0.0625
7.0	  0.05
7.1	  0.0375
7.2	  0.025
7.3	  0.025
7.4	  0.0125
7.5	  0.0125
7.6	  0.0125
7.7	  0.0
7.8	  0.0
7.9	  0.0
8.0	  0.0
8.1	  0.0
8.2	  0.0
8.3	  0.0
8.4	  0.0
8.5	  0.0
8.6	  0.0
8.7	  0.0
8.8	  0.0
8.9	  0.0
9.0	  0.0



DATASET #8

     Name: Std. Dev.
   Points: 41
     Info: 

Data[x,y]:
5.0	  1.0810276
5.1	  0.86820495
5.2	  0.69915164
5.3	  0.5625768
5.4	  0.4495708
5.5	  0.36275268
5.6	  0.29249504
5.7	  0.23892407
5.8	  0.19094928
5.9	  0.15160185
6.0	  0.12350052
6.1	  0.102083534
6.2	  0.08425604
6.3	  0.07266552
6.4	  0.06251462
6.5	  0.053671025
6.6	  0.046614114
6.7	  0.039242383
6.8	  0.035130497
6.9	  0.0305523
7.0	  0.026649091
7.1	  0.023331923
7.2	  0.01970706
7.3	  0.01739126
7.4	  0.014834225
7.5	  0.01246457
7.6	  0.010436108
7.7	  0.008903581
7.8	  0.0074473447
7.9	  0.0055832607
8.0	  0.004233803
8.1	  0.0029338147
8.2	  0.0018897657
8.3	  6.164281E-4
8.4	  0.0
8.5	  0.0
8.6	  0.0
8.7	  0.0
8.8	  0.0
8.9	  0.0
9.0	  0.0


