
X-Axis: Magnitude
Y-Axis: 1 Day Cumulative Number
Number of Data Sets: 9


DATASET #1

     Name: Mean
   Points: 66
     Info: 

Data[x,y]:
2.5	  8.50925
2.6	  6.7601
2.7	  5.36663
2.8	  4.26232
2.9	  3.38776
3.0	  2.68772
3.1	  2.13149
3.2	  1.68862
3.3	  1.34137
3.4	  1.06464
3.5	  0.84671
3.6	  0.67221
3.7	  0.53394
3.8	  0.42285
3.9	  0.33556
4.0	  0.26727
4.1	  0.21161
4.2	  0.16825
4.3	  0.13316
4.4	  0.10612
4.5	  0.08417
4.6	  0.06729
4.7	  0.05384
4.8	  0.04242
4.9	  0.03329
5.0	  0.02611
5.1	  0.02011
5.2	  0.01583
5.3	  0.0126
5.4	  0.00962
5.5	  0.00759
5.6	  0.00596
5.7	  0.00467
5.8	  0.0034
5.9	  0.00253
6.0	  0.00187
6.1	  0.00131
6.2	  9.6E-4
6.3	  7.6E-4
6.4	  5.4E-4
6.5	  4.2E-4
6.6	  3.6E-4
6.7	  2.9E-4
6.8	  2.1E-4
6.9	  1.9E-4
7.0	  1.3E-4
7.1	  1.2E-4
7.2	  1.1E-4
7.3	  6.0E-5
7.4	  5.0E-5
7.5	  5.0E-5
7.6	  2.0E-5
7.7	  0.0
7.8	  0.0
7.9	  0.0
8.0	  0.0
8.1	  0.0
8.2	  0.0
8.3	  0.0
8.4	  0.0
8.5	  0.0
8.6	  0.0
8.7	  0.0
8.8	  0.0
8.9	  0.0
9.0	  0.0



DATASET #2

     Name: 2.5%,97.5%
   Points: 66
     Info: 

Data[x,y]:
2.5	  2.0
2.6	  1.0
2.7	  1.0
2.8	  0.0
2.9	  0.0
3.0	  0.0
3.1	  0.0
3.2	  0.0
3.3	  0.0
3.4	  0.0
3.5	  0.0
3.6	  0.0
3.7	  0.0
3.8	  0.0
3.9	  0.0
4.0	  0.0
4.1	  0.0
4.2	  0.0
4.3	  0.0
4.4	  0.0
4.5	  0.0
4.6	  0.0
4.7	  0.0
4.8	  0.0
4.9	  0.0
5.0	  0.0
5.1	  0.0
5.2	  0.0
5.3	  0.0
5.4	  0.0
5.5	  0.0
5.6	  0.0
5.7	  0.0
5.8	  0.0
5.9	  0.0
6.0	  0.0
6.1	  0.0
6.2	  0.0
6.3	  0.0
6.4	  0.0
6.5	  0.0
6.6	  0.0
6.7	  0.0
6.8	  0.0
6.9	  0.0
7.0	  0.0
7.1	  0.0
7.2	  0.0
7.3	  0.0
7.4	  0.0
7.5	  0.0
7.6	  0.0
7.7	  0.0
7.8	  0.0
7.9	  0.0
8.0	  0.0
8.1	  0.0
8.2	  0.0
8.3	  0.0
8.4	  0.0
8.5	  0.0
8.6	  0.0
8.7	  0.0
8.8	  0.0
8.9	  0.0
9.0	  0.0



DATASET #3

     Name: null
   Points: 66
     Info: 

Data[x,y]:
2.5	  18.0
2.6	  15.0
2.7	  12.0
2.8	  10.0
2.9	  9.0
3.0	  7.0
3.1	  6.0
3.2	  5.0
3.3	  5.0
3.4	  4.0
3.5	  3.0
3.6	  3.0
3.7	  3.0
3.8	  2.0
3.9	  2.0
4.0	  2.0
4.1	  2.0
4.2	  1.0
4.3	  1.0
4.4	  1.0
4.5	  1.0
4.6	  1.0
4.7	  1.0
4.8	  1.0
4.9	  1.0
5.0	  0.0
5.1	  0.0
5.2	  0.0
5.3	  0.0
5.4	  0.0
5.5	  0.0
5.6	  0.0
5.7	  0.0
5.8	  0.0
5.9	  0.0
6.0	  0.0
6.1	  0.0
6.2	  0.0
6.3	  0.0
6.4	  0.0
6.5	  0.0
6.6	  0.0
6.7	  0.0
6.8	  0.0
6.9	  0.0
7.0	  0.0
7.1	  0.0
7.2	  0.0
7.3	  0.0
7.4	  0.0
7.5	  0.0
7.6	  0.0
7.7	  0.0
7.8	  0.0
7.9	  0.0
8.0	  0.0
8.1	  0.0
8.2	  0.0
8.3	  0.0
8.4	  0.0
8.5	  0.0
8.6	  0.0
8.7	  0.0
8.8	  0.0
8.9	  0.0
9.0	  0.0



DATASET #4

     Name: Median
   Points: 66
     Info: 

Data[x,y]:
2.5	  7.0
2.6	  6.0
2.7	  4.0
2.8	  3.0
2.9	  3.0
3.0	  2.0
3.1	  2.0
3.2	  1.0
3.3	  1.0
3.4	  1.0
3.5	  0.0
3.6	  0.0
3.7	  0.0
3.8	  0.0
3.9	  0.0
4.0	  0.0
4.1	  0.0
4.2	  0.0
4.3	  0.0
4.4	  0.0
4.5	  0.0
4.6	  0.0
4.7	  0.0
4.8	  0.0
4.9	  0.0
5.0	  0.0
5.1	  0.0
5.2	  0.0
5.3	  0.0
5.4	  0.0
5.5	  0.0
5.6	  0.0
5.7	  0.0
5.8	  0.0
5.9	  0.0
6.0	  0.0
6.1	  0.0
6.2	  0.0
6.3	  0.0
6.4	  0.0
6.5	  0.0
6.6	  0.0
6.7	  0.0
6.8	  0.0
6.9	  0.0
7.0	  0.0
7.1	  0.0
7.2	  0.0
7.3	  0.0
7.4	  0.0
7.5	  0.0
7.6	  0.0
7.7	  0.0
7.8	  0.0
7.9	  0.0
8.0	  0.0
8.1	  0.0
8.2	  0.0
8.3	  0.0
8.4	  0.0
8.5	  0.0
8.6	  0.0
8.7	  0.0
8.8	  0.0
8.9	  0.0
9.0	  0.0



DATASET #5

     Name: Mode
   Points: 66
     Info: 

Data[x,y]:
2.5	  7.0
2.6	  5.0
2.7	  4.0
2.8	  3.0
2.9	  2.0
3.0	  2.0
3.1	  1.0
3.2	  1.0
3.3	  0.0
3.4	  0.0
3.5	  0.0
3.6	  0.0
3.7	  0.0
3.8	  0.0
3.9	  0.0
4.0	  0.0
4.1	  0.0
4.2	  0.0
4.3	  0.0
4.4	  0.0
4.5	  0.0
4.6	  0.0
4.7	  0.0
4.8	  0.0
4.9	  0.0
5.0	  0.0
5.1	  0.0
5.2	  0.0
5.3	  0.0
5.4	  0.0
5.5	  0.0
5.6	  0.0
5.7	  0.0
5.8	  0.0
5.9	  0.0
6.0	  0.0
6.1	  0.0
6.2	  0.0
6.3	  0.0
6.4	  0.0
6.5	  0.0
6.6	  0.0
6.7	  0.0
6.8	  0.0
6.9	  0.0
7.0	  0.0
7.1	  0.0
7.2	  0.0
7.3	  0.0
7.4	  0.0
7.5	  0.0
7.6	  0.0
7.7	  0.0
7.8	  0.0
7.9	  0.0
8.0	  0.0
8.1	  0.0
8.2	  0.0
8.3	  0.0
8.4	  0.0
8.5	  0.0
8.6	  0.0
8.7	  0.0
8.8	  0.0
8.9	  0.0
9.0	  0.0



DATASET #6

     Name: 1 d Prob
   Points: 66
     Info: 

Data[x,y]:
2.5	  0.99834
2.6	  0.9944
2.7	  0.98469
2.8	  0.9635
2.9	  0.92965
3.0	  0.88052
3.1	  0.81532
3.2	  0.73861
3.3	  0.65766
3.4	  0.57441
3.5	  0.49564
3.6	  0.42213
3.7	  0.35452
3.8	  0.29399
3.9	  0.24338
4.0	  0.20039
4.1	  0.16335
4.2	  0.13268
4.3	  0.10713
4.4	  0.08665
4.5	  0.06981
4.6	  0.05666
4.7	  0.04589
4.8	  0.03648
4.9	  0.02878
5.0	  0.02298
5.1	  0.01782
5.2	  0.0141
5.3	  0.01128
5.4	  0.00864
5.5	  0.0068
5.6	  0.00537
5.7	  0.00427
5.8	  0.00306
5.9	  0.0023
6.0	  0.00171
6.1	  0.0012
6.2	  9.0E-4
6.3	  7.1E-4
6.4	  5.0E-4
6.5	  3.9E-4
6.6	  3.4E-4
6.7	  2.7E-4
6.8	  2.0E-4
6.9	  1.9E-4
7.0	  1.3E-4
7.1	  1.2E-4
7.2	  1.1E-4
7.3	  6.0E-5
7.4	  5.0E-5
7.5	  5.0E-5
7.6	  2.0E-5
7.7	  0.0
7.8	  0.0
7.9	  0.0
8.0	  0.0
8.1	  0.0
8.2	  0.0
8.3	  0.0
8.4	  0.0
8.5	  0.0
8.6	  0.0
8.7	  0.0
8.8	  0.0
8.9	  0.0
9.0	  0.0



DATASET #7

Name: 95% Conf
Num Points: 66
Info: 

X, Y Data:
2.5	0.99834	[0.99806243	0.9985785]
2.6	0.9944	[0.9939129	0.9948487]
2.7	0.98469	[0.983905	0.9854375]
2.8	0.9635	[0.96231467	0.96464956]
2.9	0.92965	[0.9280433	0.9312236]
3.0	0.88052	[0.87849	0.88252074]
3.1	0.81532	[0.8128978	0.8177179]
3.2	0.73861	[0.73587245	0.74132913]
3.3	0.65766	[0.654708	0.6605998]
3.4	0.57441	[0.5713377	0.5774766]
3.5	0.49564	[0.4925363	0.498744]
3.6	0.42213	[0.41906685	0.42519915]
3.7	0.35452	[0.3515557	0.3574955]
3.8	0.29399	[0.2911692	0.29682663]
3.9	0.24338	[0.24072517	0.24605457]
4.0	0.20039	[0.19791552	0.20288755]
4.1	0.16335	[0.16106664	0.16565928]
4.2	0.13268	[0.13058658	0.13480172]
4.3	0.10713	[0.10522318	0.10906708]
4.4	0.08665	[0.08491724	0.08841461]
4.5	0.06981	[0.06824209	0.071411066]
4.6	0.05666	[0.055239074	0.058115106]
4.7	0.04589	[0.044605497	0.047209527]
4.8	0.03648	[0.035330746	0.037665017]
4.9	0.02878	[0.027756812	0.029839566]
5.0	0.02298	[0.022064544	0.023932302]
5.1	0.01782	[0.017013459	0.018663812]
5.2	0.0141	[0.013382797	0.01485479]
5.3	0.01128	[0.010639104	0.01195873]
5.4	0.00864	[0.008080115	0.009237965]
5.5	0.0068	[0.0063044247	0.007333839]
5.6	0.00537	[0.0049308464	0.0058475747]
5.7	0.00427	[0.0038796898	0.0046988674]
5.8	0.00306	[0.002731508	0.003427228]
5.9	0.0023	[0.0020169246	0.0026219557]
6.0	0.00171	[0.0014677212	0.0019913074]
6.1	0.0012	[9.991784E-4	0.0014400333]
6.2	9.0E-4	[7.2784565E-4	0.0011115258]
6.3	7.1E-4	[5.5855705E-4	9.009569E-4]
6.4	5.0E-4	[3.7499785E-4	6.6475E-4]
6.5	3.9E-4	[2.81098E-4	5.388359E-4]
6.6	3.4E-4	[2.3915971E-4	4.8088527E-4]
6.7	2.7E-4	[1.8150492E-4	3.9874142E-4]
6.8	2.0E-4	[1.2555439E-4	3.1498473E-4]
6.9	1.9E-4	[1.1774775E-4	3.0284515E-4]
7.0	1.3E-4	[7.23001E-5	2.287271E-4]
7.1	1.2E-4	[6.502256E-5	2.1610482E-4]
7.2	1.1E-4	[5.7856672E-5	2.0338313E-4]
7.3	6.0E-5	[2.4390289E-5	1.377361E-4]
7.4	5.0E-5	[1.8407845E-5	1.2402E-4]
7.5	5.0E-5	[1.8407845E-5	1.2402E-4]
7.6	2.0E-5	[3.4641096E-6	8.066479E-5]
7.7	0.0	[0.0	4.7892154E-5]
7.8	0.0	[0.0	4.7892154E-5]
7.9	0.0	[0.0	4.7892154E-5]
8.0	0.0	[0.0	4.7892154E-5]
8.1	0.0	[0.0	4.7892154E-5]
8.2	0.0	[0.0	4.7892154E-5]
8.3	0.0	[0.0	4.7892154E-5]
8.4	0.0	[0.0	0.0]
8.5	0.0	[0.0	0.0]
8.6	0.0	[0.0	0.0]
8.7	0.0	[0.0	0.0]
8.8	0.0	[0.0	0.0]
8.9	0.0	[0.0	0.0]
9.0	0.0	[0.0	0.0]



DATASET #8

     Name: Supra
   Points: 66
     Info: 

Data[x,y]:
2.5	  5.1E-4
2.6	  5.1E-4
2.7	  5.1E-4
2.8	  5.1E-4
2.9	  5.1E-4
3.0	  5.1E-4
3.1	  5.1E-4
3.2	  5.1E-4
3.3	  5.1E-4
3.4	  5.1E-4
3.5	  5.1E-4
3.6	  5.1E-4
3.7	  5.1E-4
3.8	  5.1E-4
3.9	  5.1E-4
4.0	  5.1E-4
4.1	  5.1E-4
4.2	  5.1E-4
4.3	  5.1E-4
4.4	  5.1E-4
4.5	  5.1E-4
4.6	  5.1E-4
4.7	  5.1E-4
4.8	  5.1E-4
4.9	  5.1E-4
5.0	  5.1E-4
5.1	  5.1E-4
5.2	  5.1E-4
5.3	  5.1E-4
5.4	  5.1E-4
5.5	  5.1E-4
5.6	  5.1E-4
5.7	  5.1E-4
5.8	  5.1E-4
5.9	  5.1E-4
6.0	  5.1E-4
6.1	  4.5E-4
6.2	  3.9E-4
6.3	  3.6E-4
6.4	  3.0E-4
6.5	  2.6E-4
6.6	  2.4E-4
6.7	  1.9E-4
6.8	  1.6E-4
6.9	  1.5E-4
7.0	  1.2E-4
7.1	  1.1E-4
7.2	  1.0E-4
7.3	  5.0E-5
7.4	  5.0E-5
7.5	  5.0E-5
7.6	  2.0E-5
7.7	  0.0
7.8	  0.0
7.9	  0.0
8.0	  0.0
8.1	  0.0
8.2	  0.0
8.3	  0.0
8.4	  0.0
8.5	  0.0
8.6	  0.0
8.7	  0.0
8.8	  0.0
8.9	  0.0
9.0	  0.0



DATASET #9

     Name: Primary
   Points: 66
     Info: 

Data[x,y]:
2.5	  6.54007
2.6	  5.19472
2.7	  4.12222
2.8	  3.2747
2.9	  2.6011
3.0	  2.06286
3.1	  1.63604
3.2	  1.29567
3.3	  1.02885
3.4	  0.81755
3.5	  0.64996
3.6	  0.51623
3.7	  0.41018
3.8	  0.32469
3.9	  0.25816
4.0	  0.20601
4.1	  0.16351
4.2	  0.13
4.3	  0.1031
4.4	  0.08201
4.5	  0.06497
4.6	  0.05218
4.7	  0.04176
4.8	  0.03298
4.9	  0.02593
5.0	  0.0204
5.1	  0.01575
5.2	  0.01241
5.3	  0.00988
5.4	  0.00744
5.5	  0.00574
5.6	  0.00449
5.7	  0.00361
5.8	  0.00261
5.9	  0.00192
6.0	  0.00147
6.1	  0.00105
6.2	  8.1E-4
6.3	  6.5E-4
6.4	  4.4E-4
6.5	  3.5E-4
6.6	  3.0E-4
6.7	  2.4E-4
6.8	  1.7E-4
6.9	  1.6E-4
7.0	  1.0E-4
7.1	  9.0E-5
7.2	  8.0E-5
7.3	  4.0E-5
7.4	  3.0E-5
7.5	  3.0E-5
7.6	  2.0E-5
7.7	  0.0
7.8	  0.0
7.9	  0.0
8.0	  0.0
8.1	  0.0
8.2	  0.0
8.3	  0.0
8.4	  0.0
8.5	  0.0
8.6	  0.0
8.7	  0.0
8.8	  0.0
8.9	  0.0
9.0	  0.0


