
X-Axis: Magnitude
Y-Axis: 1 Year Cumulative Number
Number of Data Sets: 9


DATASET #1

     Name: Mean
   Points: 66
     Info: 

Data[x,y]:
2.5	  982.3832
2.6	  780.3189
2.7	  619.7662
2.8	  492.25583
2.9	  391.00104
3.0	  310.55753
3.1	  246.6513
3.2	  195.85797
3.3	  155.54475
3.4	  123.55065
3.5	  98.118195
3.6	  77.89774
3.7	  61.852867
3.8	  49.10443
3.9	  38.960613
4.0	  30.923906
4.1	  24.5323
4.2	  19.475368
4.3	  15.455565
4.4	  12.263943
4.5	  9.723245
4.6	  7.707141
4.7	  6.1052938
4.8	  4.834482
4.9	  3.822854
5.0	  3.0195568
5.1	  2.3811486
5.2	  1.8745453
5.3	  1.4731494
5.4	  1.1520401
5.5	  0.89586544
5.6	  0.69619095
5.7	  0.536333
5.8	  0.4087081
5.9	  0.30770558
6.0	  0.23521215
6.1	  0.1724848
6.2	  0.115170725
6.3	  0.085761495
6.4	  0.06555113
6.5	  0.05012516
6.6	  0.0404084
6.7	  0.031937063
6.8	  0.025894916
6.9	  0.020013072
7.0	  0.015450633
7.1	  0.012824149
7.2	  0.009938715
7.3	  0.0069669653
7.4	  0.0060791397
7.5	  0.0045870994
7.6	  0.0024291896
7.7	  6.905311E-4
7.8	  3.3293464E-4
7.9	  1.972946E-4
8.0	  7.398547E-5
8.1	  1.2330913E-5
8.2	  0.0
8.3	  0.0
8.4	  0.0
8.5	  0.0
8.6	  0.0
8.7	  0.0
8.8	  0.0
8.9	  0.0
9.0	  0.0



DATASET #2

     Name: 2.5%,97.5%
   Points: 66
     Info: 

Data[x,y]:
2.5	  631.0
2.6	  498.0
2.7	  392.0
2.8	  308.0
2.9	  242.0
3.0	  189.0
3.1	  148.0
3.2	  115.0
3.3	  89.0
3.4	  69.0
3.5	  53.0
3.6	  41.0
3.7	  31.0
3.8	  23.0
3.9	  18.0
4.0	  13.0
4.1	  10.0
4.2	  7.0
4.3	  5.0
4.4	  3.0
4.5	  2.0
4.6	  1.0
4.7	  1.0
4.8	  0.0
4.9	  0.0
5.0	  0.0
5.1	  0.0
5.2	  0.0
5.3	  0.0
5.4	  0.0
5.5	  0.0
5.6	  0.0
5.7	  0.0
5.8	  0.0
5.9	  0.0
6.0	  0.0
6.1	  0.0
6.2	  0.0
6.3	  0.0
6.4	  0.0
6.5	  0.0
6.6	  0.0
6.7	  0.0
6.8	  0.0
6.9	  0.0
7.0	  0.0
7.1	  0.0
7.2	  0.0
7.3	  0.0
7.4	  0.0
7.5	  0.0
7.6	  0.0
7.7	  0.0
7.8	  0.0
7.9	  0.0
8.0	  0.0
8.1	  0.0
8.2	  0.0
8.3	  0.0
8.4	  0.0
8.5	  0.0
8.6	  0.0
8.7	  0.0
8.8	  0.0
8.9	  0.0
9.0	  0.0



DATASET #3

     Name: null
   Points: 66
     Info: 

Data[x,y]:
2.5	  2402.0
2.6	  1905.0
2.7	  1518.0
2.8	  1205.0
2.9	  962.0
3.0	  760.0
3.1	  606.0
3.2	  482.0
3.3	  383.0
3.4	  305.0
3.5	  244.0
3.6	  194.0
3.7	  155.0
3.8	  124.0
3.9	  99.0
4.0	  79.0
4.1	  63.0
4.2	  51.0
4.3	  41.0
4.4	  33.0
4.5	  27.0
4.6	  22.0
4.7	  18.0
4.8	  15.0
4.9	  12.0
5.0	  10.0
5.1	  9.0
5.2	  7.0
5.3	  6.0
5.4	  5.0
5.5	  4.0
5.6	  4.0
5.7	  3.0
5.8	  3.0
5.9	  2.0
6.0	  2.0
6.1	  2.0
6.2	  1.0
6.3	  1.0
6.4	  1.0
6.5	  1.0
6.6	  1.0
6.7	  1.0
6.8	  0.0
6.9	  0.0
7.0	  0.0
7.1	  0.0
7.2	  0.0
7.3	  0.0
7.4	  0.0
7.5	  0.0
7.6	  0.0
7.7	  0.0
7.8	  0.0
7.9	  0.0
8.0	  0.0
8.1	  0.0
8.2	  0.0
8.3	  0.0
8.4	  0.0
8.5	  0.0
8.6	  0.0
8.7	  0.0
8.8	  0.0
8.9	  0.0
9.0	  0.0



DATASET #4

     Name: Median
   Points: 66
     Info: 

Data[x,y]:
2.5	  794.0
2.6	  631.0
2.7	  502.0
2.8	  399.0
2.9	  317.0
3.0	  252.0
3.1	  201.0
3.2	  160.0
3.3	  127.0
3.4	  101.0
3.5	  81.0
3.6	  64.0
3.7	  51.0
3.8	  40.0
3.9	  32.0
4.0	  25.0
4.1	  20.0
4.2	  16.0
4.3	  13.0
4.4	  10.0
4.5	  8.0
4.6	  6.0
4.7	  5.0
4.8	  4.0
4.9	  3.0
5.0	  2.0
5.1	  2.0
5.2	  1.0
5.3	  1.0
5.4	  1.0
5.5	  0.0
5.6	  0.0
5.7	  0.0
5.8	  0.0
5.9	  0.0
6.0	  0.0
6.1	  0.0
6.2	  0.0
6.3	  0.0
6.4	  0.0
6.5	  0.0
6.6	  0.0
6.7	  0.0
6.8	  0.0
6.9	  0.0
7.0	  0.0
7.1	  0.0
7.2	  0.0
7.3	  0.0
7.4	  0.0
7.5	  0.0
7.6	  0.0
7.7	  0.0
7.8	  0.0
7.9	  0.0
8.0	  0.0
8.1	  0.0
8.2	  0.0
8.3	  0.0
8.4	  0.0
8.5	  0.0
8.6	  0.0
8.7	  0.0
8.8	  0.0
8.9	  0.0
9.0	  0.0



DATASET #5

     Name: Mode
   Points: 66
     Info: 

Data[x,y]:
2.5	  715.0
2.6	  559.0
2.7	  459.0
2.8	  361.0
2.9	  291.0
3.0	  241.0
3.1	  183.0
3.2	  146.0
3.3	  118.0
3.4	  90.0
3.5	  74.0
3.6	  60.0
3.7	  46.0
3.8	  36.0
3.9	  30.0
4.0	  22.0
4.1	  18.0
4.2	  13.0
4.3	  11.0
4.4	  9.0
4.5	  7.0
4.6	  5.0
4.7	  4.0
4.8	  3.0
4.9	  2.0
5.0	  1.0
5.1	  1.0
5.2	  1.0
5.3	  0.0
5.4	  0.0
5.5	  0.0
5.6	  0.0
5.7	  0.0
5.8	  0.0
5.9	  0.0
6.0	  0.0
6.1	  0.0
6.2	  0.0
6.3	  0.0
6.4	  0.0
6.5	  0.0
6.6	  0.0
6.7	  0.0
6.8	  0.0
6.9	  0.0
7.0	  0.0
7.1	  0.0
7.2	  0.0
7.3	  0.0
7.4	  0.0
7.5	  0.0
7.6	  0.0
7.7	  0.0
7.8	  0.0
7.9	  0.0
8.0	  0.0
8.1	  0.0
8.2	  0.0
8.3	  0.0
8.4	  0.0
8.5	  0.0
8.6	  0.0
8.7	  0.0
8.8	  0.0
8.9	  0.0
9.0	  0.0



DATASET #6

     Name: 1 yr Prob
   Points: 66
     Info: 

Data[x,y]:
2.5	  1.0
2.6	  1.0
2.7	  1.0
2.8	  1.0
2.9	  1.0
3.0	  1.0
3.1	  1.0
3.2	  1.0
3.3	  1.0
3.4	  1.0
3.5	  1.0
3.6	  1.0
3.7	  1.0
3.8	  1.0
3.9	  1.0
4.0	  1.0
4.1	  1.0
4.2	  1.0
4.3	  0.9999753
4.4	  0.99972874
4.5	  0.9983723
4.6	  0.99414283
4.7	  0.983082
4.8	  0.9623907
4.9	  0.9277778
5.0	  0.87766504
5.1	  0.81222486
5.2	  0.73805445
5.3	  0.65847075
5.4	  0.57458353
5.5	  0.48888367
5.6	  0.41244435
5.7	  0.34208417
5.8	  0.2788266
5.9	  0.2205137
6.0	  0.17570317
6.1	  0.13444394
6.2	  0.09391223
6.3	  0.07177824
6.4	  0.05510685
6.5	  0.042677287
6.6	  0.036018595
6.7	  0.028842004
6.8	  0.023934301
6.9	  0.019026598
7.0	  0.014883411
7.1	  0.012491214
7.2	  0.0097167585
7.3	  0.0068189944
7.4	  0.0059435
7.5	  0.0045131138
7.6	  0.002416859
7.7	  6.905311E-4
7.8	  3.3293464E-4
7.9	  1.972946E-4
8.0	  7.398547E-5
8.1	  1.2330913E-5
8.2	  0.0
8.3	  0.0
8.4	  0.0
8.5	  0.0
8.6	  0.0
8.7	  0.0
8.8	  0.0
8.9	  0.0
9.0	  0.0



DATASET #7

Name: 95% Conf
Num Points: 66
Info: 

X, Y Data:
2.5	1.0	[1.0	1.0]
2.6	1.0	[1.0	1.0]
2.7	1.0	[1.0	1.0]
2.8	1.0	[1.0	1.0]
2.9	1.0	[1.0	1.0]
3.0	1.0	[1.0	1.0]
3.1	1.0	[1.0	1.0]
3.2	1.0	[1.0	1.0]
3.3	1.0	[1.0	1.0]
3.4	1.0	[1.0	1.0]
3.5	1.0	[1.0	1.0]
3.6	1.0	[1.0	1.0]
3.7	1.0	[1.0	1.0]
3.8	1.0	[1.0	1.0]
3.9	1.0	[1.0	1.0]
4.0	1.0	[1.0	1.0]
4.1	1.0	[1.0	1.0]
4.2	1.0	[1.0	1.0]
4.3	0.9999753	[0.9999005	0.9999957]
4.4	0.99972874	[0.9995818	0.9998257]
4.5	0.9983723	[0.99806356	0.9986328]
4.6	0.99414283	[0.99358726	0.994651]
4.7	0.983082	[0.9821649	0.983953]
4.8	0.9623907	[0.96105295	0.96368444]
4.9	0.9277778	[0.92596966	0.92954534]
5.0	0.87766504	[0.87538564	0.8799085]
5.1	0.81222486	[0.809516	0.8149041]
5.2	0.73805445	[0.7350108	0.74107546]
5.3	0.65847075	[0.6551932	0.6617332]
5.4	0.57458353	[0.5711711	0.57798886]
5.5	0.48888367	[0.48543766	0.49233076]
5.6	0.41244435	[0.40905428	0.41584274]
5.7	0.34208417	[0.3388204	0.34536293]
5.8	0.2788266	[0.27574465	0.28192952]
5.9	0.2205137	[0.21766736	0.22338659]
6.0	0.17570317	[0.17309313	0.17834401]
6.1	0.13444394	[0.13210727	0.13681532]
6.2	0.09391223	[0.09191761	0.09594544]
6.3	0.07177824	[0.07001581	0.073581375]
6.4	0.05510685	[0.053551197	0.056704808]
6.5	0.042677287	[0.04130157	0.044096522]
6.6	0.036018595	[0.034751873	0.037329484]
6.7	0.028842004	[0.027706197	0.030022686]
6.8	0.023934301	[0.022898631	0.025015336]
6.9	0.019026598	[0.01810282	0.01999624]
7.0	0.014883411	[0.014066707	0.015746413]
7.1	0.012491214	[0.0117435865	0.0132853985]
7.2	0.0097167585	[0.009058506	0.010421883]
7.3	0.0068189944	[0.00626957	0.007415649]
7.4	0.0059435	[0.0054314747	0.0065028747]
7.5	0.0045131138	[0.004068819	0.005004976]
7.6	0.002416859	[0.0020959284	0.0027857863]
7.7	6.905311E-4	[5.264839E-4	9.0348045E-4]
7.8	3.3293464E-4	[2.238139E-4	4.9167615E-4]
7.9	1.972946E-4	[1.1676226E-4	3.2811E-4]
8.0	7.398547E-5	[3.0075516E-5	1.6983923E-4]
8.1	1.2330913E-5	[6.4365656E-7	8.008761E-5]
8.2	0.0	[0.0	5.9054863E-5]
8.3	0.0	[0.0	5.9054863E-5]
8.4	0.0	[0.0	0.0]
8.5	0.0	[0.0	0.0]
8.6	0.0	[0.0	0.0]
8.7	0.0	[0.0	0.0]
8.8	0.0	[0.0	0.0]
8.9	0.0	[0.0	0.0]
9.0	0.0	[0.0	0.0]



DATASET #8

     Name: Supra
   Points: 66
     Info: 

Data[x,y]:
2.5	  0.06625399
2.6	  0.06625399
2.7	  0.06625399
2.8	  0.06625399
2.9	  0.06625399
3.0	  0.06625399
3.1	  0.06625399
3.2	  0.06625399
3.3	  0.06625399
3.4	  0.06625399
3.5	  0.06625399
3.6	  0.06625399
3.7	  0.06625399
3.8	  0.06625399
3.9	  0.06625399
4.0	  0.06625399
4.1	  0.06625399
4.2	  0.06625399
4.3	  0.06625399
4.4	  0.06625399
4.5	  0.06625399
4.6	  0.06625399
4.7	  0.06625399
4.8	  0.06625399
4.9	  0.06625399
5.0	  0.06625399
5.1	  0.06625399
5.2	  0.06625399
5.3	  0.06625399
5.4	  0.06625399
5.5	  0.06625399
5.6	  0.06625399
5.7	  0.06625399
5.8	  0.06625399
5.9	  0.06624166
6.0	  0.066180006
6.1	  0.056709867
6.2	  0.044317298
6.3	  0.037017398
6.4	  0.032134358
6.5	  0.027473273
6.6	  0.025081076
6.7	  0.021554435
6.8	  0.018952612
6.9	  0.015906878
7.0	  0.012935127
7.1	  0.011381432
7.2	  0.009075551
7.3	  0.006473729
7.4	  0.0057955286
7.5	  0.0044391286
7.6	  0.002392197
7.7	  6.7820016E-4
7.8	  3.2060372E-4
7.9	  1.972946E-4
8.0	  7.398547E-5
8.1	  1.2330913E-5
8.2	  0.0
8.3	  0.0
8.4	  0.0
8.5	  0.0
8.6	  0.0
8.7	  0.0
8.8	  0.0
8.9	  0.0
9.0	  0.0



DATASET #9

     Name: Primary
   Points: 66
     Info: 

Data[x,y]:
2.5	  504.54047
2.6	  400.75336
2.7	  318.30643
2.8	  252.80223
2.9	  200.80896
3.0	  159.4986
3.1	  126.65142
3.2	  100.562355
3.3	  79.85975
3.4	  63.44378
3.5	  50.386623
3.6	  39.995377
3.7	  31.757685
3.8	  25.210365
3.9	  20.001171
4.0	  15.87346
4.1	  12.60075
4.2	  10.0034895
4.3	  7.9354105
4.4	  6.297779
4.5	  4.992071
4.6	  3.9586792
4.7	  3.134259
4.8	  2.4791052
4.9	  1.9602451
5.0	  1.5498477
5.1	  1.2204643
5.2	  0.96113294
5.3	  0.7555273
5.4	  0.5917482
5.5	  0.46030062
5.6	  0.35863227
5.7	  0.27657002
5.8	  0.21074763
5.9	  0.15887147
6.0	  0.12081828
6.1	  0.089806035
6.2	  0.06029816
6.3	  0.044970836
6.4	  0.033762038
6.5	  0.025845593
6.6	  0.0218997
6.7	  0.01743591
6.8	  0.014069571
6.9	  0.011134814
7.0	  0.008557653
7.1	  0.007040951
7.2	  0.005376278
7.3	  0.0035389718
7.4	  0.0030580664
7.5	  0.0022688878
7.6	  0.0012577531
7.7	  3.6992738E-4
7.8	  1.972946E-4
7.9	  1.2330912E-4
8.0	  7.398547E-5
8.1	  1.2330913E-5
8.2	  0.0
8.3	  0.0
8.4	  0.0
8.5	  0.0
8.6	  0.0
8.7	  0.0
8.8	  0.0
8.9	  0.0
9.0	  0.0


