
X-Axis: Magnitude
Y-Axis: 10 Year Cumulative Number
Number of Data Sets: 9


DATASET #1

     Name: Mean
   Points: 66
     Info: 

Data[x,y]:
2.5	  7880.9424
2.6	  6260.1484
2.7	  4972.234
2.8	  3949.7134
2.9	  3137.4783
3.0	  2492.0188
3.1	  1979.4045
3.2	  1572.2838
3.3	  1248.9083
3.4	  991.9504
3.5	  787.9967
3.6	  625.9533
3.7	  497.1605
3.8	  394.78
3.9	  313.5498
4.0	  248.9002
4.1	  197.7152
4.2	  157.0231
4.3	  124.5779
4.4	  98.8238
4.5	  78.3903
4.6	  62.2151
4.7	  49.3416
4.8	  39.151
4.9	  30.974
5.0	  24.5138
5.1	  19.39
5.2	  15.3202
5.3	  12.0831
5.4	  9.5022
5.5	  7.4645
5.6	  5.8396
5.7	  4.564
5.8	  3.5335
5.9	  2.686
6.0	  2.1253
6.1	  1.6206
6.2	  1.2555
6.3	  0.9817
6.4	  0.7573
6.5	  0.5864
6.6	  0.4637
6.7	  0.3497
6.8	  0.2755
6.9	  0.2148
7.0	  0.1677
7.1	  0.1316
7.2	  0.0989
7.3	  0.0752
7.4	  0.0575
7.5	  0.04
7.6	  0.0278
7.7	  0.0171
7.8	  0.013
7.9	  0.0081
8.0	  0.0036
8.1	  0.0014
8.2	  4.0E-4
8.3	  0.0
8.4	  0.0
8.5	  0.0
8.6	  0.0
8.7	  0.0
8.8	  0.0
8.9	  0.0
9.0	  0.0



DATASET #2

     Name: 2.5%,97.5%
   Points: 66
     Info: 

Data[x,y]:
2.5	  3241.0
2.6	  2566.0
2.7	  2032.0
2.8	  1611.0
2.9	  1276.0
3.0	  1010.0
3.1	  799.0
3.2	  631.0
3.3	  500.0
3.4	  392.0
3.5	  311.0
3.6	  245.0
3.7	  192.0
3.8	  150.0
3.9	  118.0
4.0	  92.0
4.1	  71.0
4.2	  55.0
4.3	  42.0
4.4	  32.0
4.5	  25.0
4.6	  19.0
4.7	  14.0
4.8	  11.0
4.9	  8.0
5.0	  5.0
5.1	  4.0
5.2	  3.0
5.3	  2.0
5.4	  1.0
5.5	  1.0
5.6	  0.0
5.7	  0.0
5.8	  0.0
5.9	  0.0
6.0	  0.0
6.1	  0.0
6.2	  0.0
6.3	  0.0
6.4	  0.0
6.5	  0.0
6.6	  0.0
6.7	  0.0
6.8	  0.0
6.9	  0.0
7.0	  0.0
7.1	  0.0
7.2	  0.0
7.3	  0.0
7.4	  0.0
7.5	  0.0
7.6	  0.0
7.7	  0.0
7.8	  0.0
7.9	  0.0
8.0	  0.0
8.1	  0.0
8.2	  0.0
8.3	  0.0
8.4	  0.0
8.5	  0.0
8.6	  0.0
8.7	  0.0
8.8	  0.0
8.9	  0.0
9.0	  0.0



DATASET #3

     Name: null
   Points: 66
     Info: 

Data[x,y]:
2.5	  27076.0
2.6	  21514.0
2.7	  17089.0
2.8	  13547.0
2.9	  10786.0
3.0	  8591.0
3.1	  6839.0
3.2	  5440.0
3.3	  4333.0
3.4	  3421.0
3.5	  2725.0
3.6	  2167.0
3.7	  1718.0
3.8	  1363.0
3.9	  1080.0
4.0	  858.0
4.1	  679.0
4.2	  541.0
4.3	  431.0
4.4	  342.0
4.5	  269.0
4.6	  215.0
4.7	  169.0
4.8	  134.0
4.9	  106.0
5.0	  84.0
5.1	  67.0
5.2	  53.0
5.3	  42.0
5.4	  33.0
5.5	  26.0
5.6	  20.0
5.7	  16.0
5.8	  13.0
5.9	  10.0
6.0	  8.0
6.1	  6.0
6.2	  5.0
6.3	  4.0
6.4	  4.0
6.5	  3.0
6.6	  3.0
6.7	  2.0
6.8	  2.0
6.9	  2.0
7.0	  1.0
7.1	  1.0
7.2	  1.0
7.3	  1.0
7.4	  1.0
7.5	  1.0
7.6	  1.0
7.7	  0.0
7.8	  0.0
7.9	  0.0
8.0	  0.0
8.1	  0.0
8.2	  0.0
8.3	  0.0
8.4	  0.0
8.5	  0.0
8.6	  0.0
8.7	  0.0
8.8	  0.0
8.9	  0.0
9.0	  0.0



DATASET #4

     Name: Median
   Points: 66
     Info: 

Data[x,y]:
2.5	  5209.0
2.6	  4140.0
2.7	  3283.0
2.8	  2610.0
2.9	  2075.0
3.0	  1650.0
3.1	  1312.0
3.2	  1041.0
3.3	  827.0
3.4	  658.0
3.5	  521.0
3.6	  416.0
3.7	  330.0
3.8	  263.0
3.9	  209.0
4.0	  167.0
4.1	  133.0
4.2	  106.0
4.3	  84.0
4.4	  67.0
4.5	  54.0
4.6	  43.0
4.7	  34.0
4.8	  27.0
4.9	  22.0
5.0	  17.0
5.1	  14.0
5.2	  11.0
5.3	  9.0
5.4	  7.0
5.5	  5.0
5.6	  4.0
5.7	  3.0
5.8	  3.0
5.9	  2.0
6.0	  2.0
6.1	  1.0
6.2	  1.0
6.3	  1.0
6.4	  0.0
6.5	  0.0
6.6	  0.0
6.7	  0.0
6.8	  0.0
6.9	  0.0
7.0	  0.0
7.1	  0.0
7.2	  0.0
7.3	  0.0
7.4	  0.0
7.5	  0.0
7.6	  0.0
7.7	  0.0
7.8	  0.0
7.9	  0.0
8.0	  0.0
8.1	  0.0
8.2	  0.0
8.3	  0.0
8.4	  0.0
8.5	  0.0
8.6	  0.0
8.7	  0.0
8.8	  0.0
8.9	  0.0
9.0	  0.0



DATASET #5

     Name: Mode
   Points: 66
     Info: 

Data[x,y]:
2.5	  4155.0
2.6	  3034.0
2.7	  2303.0
2.8	  1759.0
2.9	  1712.0
3.0	  1185.0
3.1	  1025.0
3.2	  762.0
3.3	  566.0
3.4	  476.0
3.5	  366.0
3.6	  298.0
3.7	  223.0
3.8	  189.0
3.9	  154.0
4.0	  122.0
4.1	  89.0
4.2	  78.0
4.3	  59.0
4.4	  47.0
4.5	  38.0
4.6	  29.0
4.7	  22.0
4.8	  20.0
4.9	  17.0
5.0	  13.0
5.1	  8.0
5.2	  7.0
5.3	  5.0
5.4	  4.0
5.5	  3.0
5.6	  2.0
5.7	  2.0
5.8	  1.0
5.9	  1.0
6.0	  1.0
6.1	  0.0
6.2	  0.0
6.3	  0.0
6.4	  0.0
6.5	  0.0
6.6	  0.0
6.7	  0.0
6.8	  0.0
6.9	  0.0
7.0	  0.0
7.1	  0.0
7.2	  0.0
7.3	  0.0
7.4	  0.0
7.5	  0.0
7.6	  0.0
7.7	  0.0
7.8	  0.0
7.9	  0.0
8.0	  0.0
8.1	  0.0
8.2	  0.0
8.3	  0.0
8.4	  0.0
8.5	  0.0
8.6	  0.0
8.7	  0.0
8.8	  0.0
8.9	  0.0
9.0	  0.0



DATASET #6

     Name: 10 yr Prob
   Points: 66
     Info: 

Data[x,y]:
2.5	  1.0
2.6	  1.0
2.7	  1.0
2.8	  1.0
2.9	  1.0
3.0	  1.0
3.1	  1.0
3.2	  1.0
3.3	  1.0
3.4	  1.0
3.5	  1.0
3.6	  1.0
3.7	  1.0
3.8	  1.0
3.9	  1.0
4.0	  1.0
4.1	  1.0
4.2	  1.0
4.3	  1.0
4.4	  1.0
4.5	  1.0
4.6	  1.0
4.7	  1.0
4.8	  1.0
4.9	  1.0
5.0	  1.0
5.1	  0.9999
5.2	  0.9987
5.3	  0.9957
5.4	  0.9882
5.5	  0.9752
5.6	  0.9538
5.7	  0.9228
5.8	  0.8793
5.9	  0.8163
6.0	  0.7539
6.1	  0.6748
6.2	  0.5966
6.3	  0.5269
6.4	  0.4563
6.5	  0.3895
6.6	  0.3305
6.7	  0.2643
6.8	  0.2197
6.9	  0.1783
7.0	  0.1453
7.1	  0.1179
7.2	  0.0918
7.3	  0.0711
7.4	  0.0549
7.5	  0.0383
7.6	  0.027
7.7	  0.0169
7.8	  0.013
7.9	  0.0081
8.0	  0.0036
8.1	  0.0014
8.2	  4.0E-4
8.3	  0.0
8.4	  0.0
8.5	  0.0
8.6	  0.0
8.7	  0.0
8.8	  0.0
8.9	  0.0
9.0	  0.0



DATASET #7

Name: 95% Conf
Num Points: 66
Info: 

X, Y Data:
2.5	1.0	[1.0	1.0]
2.6	1.0	[1.0	1.0]
2.7	1.0	[1.0	1.0]
2.8	1.0	[1.0	1.0]
2.9	1.0	[1.0	1.0]
3.0	1.0	[1.0	1.0]
3.1	1.0	[1.0	1.0]
3.2	1.0	[1.0	1.0]
3.3	1.0	[1.0	1.0]
3.4	1.0	[1.0	1.0]
3.5	1.0	[1.0	1.0]
3.6	1.0	[1.0	1.0]
3.7	1.0	[1.0	1.0]
3.8	1.0	[1.0	1.0]
3.9	1.0	[1.0	1.0]
4.0	1.0	[1.0	1.0]
4.1	1.0	[1.0	1.0]
4.2	1.0	[1.0	1.0]
4.3	1.0	[1.0	1.0]
4.4	1.0	[1.0	1.0]
4.5	1.0	[1.0	1.0]
4.6	1.0	[1.0	1.0]
4.7	1.0	[1.0	1.0]
4.8	1.0	[1.0	1.0]
4.9	1.0	[1.0	1.0]
5.0	1.0	[1.0	1.0]
5.1	0.9999	[0.9993507	0.99999475]
5.2	0.9987	[0.9977139	0.9992769]
5.3	0.9957	[0.99415606	0.9968486]
5.4	0.9882	[0.98583376	0.99018246]
5.5	0.9752	[0.9719116	0.97811747]
5.6	0.9538	[0.94945633	0.9577909]
5.7	0.9228	[0.9173532	0.927919]
5.8	0.8793	[0.87271756	0.8855889]
5.9	0.8163	[0.8085384	0.82381713]
6.0	0.7539	[0.74531054	0.7622933]
6.1	0.6748	[0.6655024	0.6839626]
6.2	0.5966	[0.58689916	0.60622627]
6.3	0.5269	[0.5170557	0.53672355]
6.4	0.4563	[0.44650626	0.46612749]
6.5	0.3895	[0.37993672	0.39914858]
6.6	0.3305	[0.3212973	0.3398336]
6.7	0.2643	[0.25569943	0.27308264]
6.8	0.2197	[0.21164392	0.22797269]
6.9	0.1783	[0.17087261	0.18597612]
7.0	0.1453	[0.1384801	0.1523943]
7.1	0.1179	[0.111676626	0.12441916]
7.2	0.0918	[0.086247705	0.09766857]
7.3	0.0711	[0.06617759	0.076355085]
7.4	0.0549	[0.050555855	0.059589814]
7.5	0.0383	[0.034664594	0.04229471]
7.6	0.027	[0.0239531	0.030415883]
7.7	0.0169	[0.014506503	0.019671852]
7.8	0.013	[0.010913625	0.015468795]
7.9	0.0081	[0.006477636	0.010110844]
8.0	0.0036	[0.002559648	0.005037626]
8.1	0.0014	[7.9691777E-4	0.002411296]
8.2	4.0E-4	[1.281423E-4	0.0010995757]
8.3	0.0	[0.0	4.787542E-4]
8.4	0.0	[0.0	0.0]
8.5	0.0	[0.0	0.0]
8.6	0.0	[0.0	0.0]
8.7	0.0	[0.0	0.0]
8.8	0.0	[0.0	0.0]
8.9	0.0	[0.0	0.0]
9.0	0.0	[0.0	0.0]



DATASET #8

     Name: Supra
   Points: 66
     Info: 

Data[x,y]:
2.5	  0.5997
2.6	  0.5997
2.7	  0.5997
2.8	  0.5997
2.9	  0.5997
3.0	  0.5997
3.1	  0.5997
3.2	  0.5997
3.3	  0.5997
3.4	  0.5997
3.5	  0.5997
3.6	  0.5997
3.7	  0.5997
3.8	  0.5997
3.9	  0.5997
4.0	  0.5997
4.1	  0.5997
4.2	  0.5997
4.3	  0.5997
4.4	  0.5997
4.5	  0.5997
4.6	  0.5997
4.7	  0.5997
4.8	  0.5997
4.9	  0.5997
5.0	  0.5997
5.1	  0.5997
5.2	  0.5997
5.3	  0.5997
5.4	  0.5997
5.5	  0.5997
5.6	  0.5997
5.7	  0.5995
5.8	  0.5993
5.9	  0.5769
6.0	  0.563
6.1	  0.5086
6.2	  0.4628
6.3	  0.4183
6.4	  0.3691
6.5	  0.3204
6.6	  0.2779
6.7	  0.2264
6.8	  0.1915
6.9	  0.1601
7.0	  0.1339
7.1	  0.1109
7.2	  0.0877
7.3	  0.0698
7.4	  0.0545
7.5	  0.038
7.6	  0.0269
7.7	  0.0169
7.8	  0.013
7.9	  0.0081
8.0	  0.0036
8.1	  0.0014
8.2	  4.0E-4
8.3	  0.0
8.4	  0.0
8.5	  0.0
8.6	  0.0
8.7	  0.0
8.8	  0.0
8.9	  0.0
9.0	  0.0



DATASET #9

     Name: Primary
   Points: 66
     Info: 

Data[x,y]:
2.5	  3220.723
2.6	  2558.267
2.7	  2031.8729
2.8	  1614.0505
2.9	  1282.2467
3.0	  1018.533
3.1	  809.2514
3.2	  642.8241
3.3	  510.6155
3.4	  405.4641
3.5	  322.0942
3.6	  255.8406
3.7	  203.2436
3.8	  161.3636
3.9	  128.1464
4.0	  101.7406
4.1	  80.8175
4.2	  64.2619
4.3	  50.9938
4.4	  40.4664
4.5	  32.1614
4.6	  25.5484
4.7	  20.3054
4.8	  16.1524
4.9	  12.8105
5.0	  10.1661
5.1	  8.076
5.2	  6.4158
5.3	  5.0835
5.4	  4.0328
5.5	  3.1935
5.6	  2.5271
5.7	  2.0091
5.8	  1.5935
5.9	  1.2372
6.0	  1.0027
6.1	  0.7711
6.2	  0.6083
6.3	  0.4833
6.4	  0.3739
6.5	  0.2927
6.6	  0.2363
6.7	  0.1776
6.8	  0.1412
6.9	  0.1123
7.0	  0.0895
7.1	  0.0688
7.2	  0.0517
7.3	  0.0397
7.4	  0.0295
7.5	  0.0203
7.6	  0.0144
7.7	  0.0089
7.8	  0.007
7.9	  0.0039
8.0	  0.0021
8.1	  9.0E-4
8.2	  3.0E-4
8.3	  0.0
8.4	  0.0
8.5	  0.0
8.6	  0.0
8.7	  0.0
8.8	  0.0
8.9	  0.0
9.0	  0.0


