
X-Axis: Magnitude
Y-Axis: 1 Week Cumulative Number
Number of Data Sets: 9


DATASET #1

     Name: Mean
   Points: 66
     Info: 

Data[x,y]:
2.5	  50.997143
2.6	  40.512733
2.7	  32.11172
2.8	  25.494009
2.9	  20.250654
3.0	  16.066572
3.1	  12.7927475
3.2	  10.155994
3.3	  8.062525
3.4	  6.406649
3.5	  5.0734744
3.6	  4.024359
3.7	  3.2059827
3.8	  2.5343966
3.9	  2.0162659
4.0	  1.5950963
4.1	  1.2648575
4.2	  1.0052369
4.3	  0.7939379
4.4	  0.6281838
4.5	  0.49996033
4.6	  0.3968103
4.7	  0.3205586
4.8	  0.25144807
4.9	  0.19836546
5.0	  0.1551218
5.1	  0.12354201
5.2	  0.098786004
5.3	  0.07736253
5.4	  0.060858525
5.5	  0.045862097
5.6	  0.037213363
5.7	  0.028009204
5.8	  0.021185432
5.9	  0.016583353
6.0	  0.012536698
6.1	  0.009045465
6.2	  0.0061890027
6.3	  0.004205348
6.4	  0.0036499246
6.5	  0.0026184241
6.6	  0.0019836547
6.7	  0.0015075776
6.8	  0.0015075776
6.9	  7.141157E-4
7.0	  5.554233E-4
7.1	  3.9673093E-4
7.2	  2.3803856E-4
7.3	  7.934619E-5
7.4	  7.934619E-5
7.5	  7.934619E-5
7.6	  0.0
7.7	  0.0
7.8	  0.0
7.9	  0.0
8.0	  0.0
8.1	  0.0
8.2	  0.0
8.3	  0.0
8.4	  0.0
8.5	  0.0
8.6	  0.0
8.7	  0.0
8.8	  0.0
8.9	  0.0
9.0	  0.0



DATASET #2

     Name: 2.5%,97.5%
   Points: 66
     Info: 

Data[x,y]:
2.5	  27.0
2.6	  21.0
2.7	  15.0
2.8	  11.0
2.9	  8.0
3.0	  6.0
3.1	  4.0
3.2	  3.0
3.3	  2.0
3.4	  1.0
3.5	  1.0
3.6	  0.0
3.7	  0.0
3.8	  0.0
3.9	  0.0
4.0	  0.0
4.1	  0.0
4.2	  0.0
4.3	  0.0
4.4	  0.0
4.5	  0.0
4.6	  0.0
4.7	  0.0
4.8	  0.0
4.9	  0.0
5.0	  0.0
5.1	  0.0
5.2	  0.0
5.3	  0.0
5.4	  0.0
5.5	  0.0
5.6	  0.0
5.7	  0.0
5.8	  0.0
5.9	  0.0
6.0	  0.0
6.1	  0.0
6.2	  0.0
6.3	  0.0
6.4	  0.0
6.5	  0.0
6.6	  0.0
6.7	  0.0
6.8	  0.0
6.9	  0.0
7.0	  0.0
7.1	  0.0
7.2	  0.0
7.3	  0.0
7.4	  0.0
7.5	  0.0
7.6	  0.0
7.7	  0.0
7.8	  0.0
7.9	  0.0
8.0	  0.0
8.1	  0.0
8.2	  0.0
8.3	  0.0
8.4	  0.0
8.5	  0.0
8.6	  0.0
8.7	  0.0
8.8	  0.0
8.9	  0.0
9.0	  0.0



DATASET #3

     Name: null
   Points: 66
     Info: 

Data[x,y]:
2.5	  109.0
2.6	  85.0
2.7	  68.0
2.8	  55.0
2.9	  44.0
3.0	  36.0
3.1	  29.0
3.2	  24.0
3.3	  19.0
3.4	  16.0
3.5	  13.0
3.6	  11.0
3.7	  9.0
3.8	  8.0
3.9	  7.0
4.0	  6.0
4.1	  5.0
4.2	  4.0
4.3	  4.0
4.4	  3.0
4.5	  3.0
4.6	  2.0
4.7	  2.0
4.8	  2.0
4.9	  2.0
5.0	  1.0
5.1	  1.0
5.2	  1.0
5.3	  1.0
5.4	  1.0
5.5	  1.0
5.6	  1.0
5.7	  0.0
5.8	  0.0
5.9	  0.0
6.0	  0.0
6.1	  0.0
6.2	  0.0
6.3	  0.0
6.4	  0.0
6.5	  0.0
6.6	  0.0
6.7	  0.0
6.8	  0.0
6.9	  0.0
7.0	  0.0
7.1	  0.0
7.2	  0.0
7.3	  0.0
7.4	  0.0
7.5	  0.0
7.6	  0.0
7.7	  0.0
7.8	  0.0
7.9	  0.0
8.0	  0.0
8.1	  0.0
8.2	  0.0
8.3	  0.0
8.4	  0.0
8.5	  0.0
8.6	  0.0
8.7	  0.0
8.8	  0.0
8.9	  0.0
9.0	  0.0



DATASET #4

     Name: Median
   Points: 66
     Info: 

Data[x,y]:
2.5	  43.0
2.6	  34.0
2.7	  27.0
2.8	  22.0
2.9	  17.0
3.0	  14.0
3.1	  11.0
3.2	  9.0
3.3	  7.0
3.4	  5.0
3.5	  4.0
3.6	  3.0
3.7	  3.0
3.8	  2.0
3.9	  1.0
4.0	  1.0
4.1	  1.0
4.2	  1.0
4.3	  0.0
4.4	  0.0
4.5	  0.0
4.6	  0.0
4.7	  0.0
4.8	  0.0
4.9	  0.0
5.0	  0.0
5.1	  0.0
5.2	  0.0
5.3	  0.0
5.4	  0.0
5.5	  0.0
5.6	  0.0
5.7	  0.0
5.8	  0.0
5.9	  0.0
6.0	  0.0
6.1	  0.0
6.2	  0.0
6.3	  0.0
6.4	  0.0
6.5	  0.0
6.6	  0.0
6.7	  0.0
6.8	  0.0
6.9	  0.0
7.0	  0.0
7.1	  0.0
7.2	  0.0
7.3	  0.0
7.4	  0.0
7.5	  0.0
7.6	  0.0
7.7	  0.0
7.8	  0.0
7.9	  0.0
8.0	  0.0
8.1	  0.0
8.2	  0.0
8.3	  0.0
8.4	  0.0
8.5	  0.0
8.6	  0.0
8.7	  0.0
8.8	  0.0
8.9	  0.0
9.0	  0.0



DATASET #5

     Name: Mode
   Points: 66
     Info: 

Data[x,y]:
2.5	  38.0
2.6	  33.0
2.7	  27.0
2.8	  19.0
2.9	  17.0
3.0	  12.0
3.1	  10.0
3.2	  8.0
3.3	  5.0
3.4	  5.0
3.5	  3.0
3.6	  2.0
3.7	  2.0
3.8	  1.0
3.9	  1.0
4.0	  1.0
4.1	  0.0
4.2	  0.0
4.3	  0.0
4.4	  0.0
4.5	  0.0
4.6	  0.0
4.7	  0.0
4.8	  0.0
4.9	  0.0
5.0	  0.0
5.1	  0.0
5.2	  0.0
5.3	  0.0
5.4	  0.0
5.5	  0.0
5.6	  0.0
5.7	  0.0
5.8	  0.0
5.9	  0.0
6.0	  0.0
6.1	  0.0
6.2	  0.0
6.3	  0.0
6.4	  0.0
6.5	  0.0
6.6	  0.0
6.7	  0.0
6.8	  0.0
6.9	  0.0
7.0	  0.0
7.1	  0.0
7.2	  0.0
7.3	  0.0
7.4	  0.0
7.5	  0.0
7.6	  0.0
7.7	  0.0
7.8	  0.0
7.9	  0.0
8.0	  0.0
8.1	  0.0
8.2	  0.0
8.3	  0.0
8.4	  0.0
8.5	  0.0
8.6	  0.0
8.7	  0.0
8.8	  0.0
8.9	  0.0
9.0	  0.0



DATASET #6

     Name: 1 wk Prob
   Points: 66
     Info: 

Data[x,y]:
2.5	  1.0
2.6	  1.0
2.7	  1.0
2.8	  1.0
2.9	  1.0
3.0	  0.99992067
3.1	  0.99984133
3.2	  0.99920654
3.3	  0.99730223
3.4	  0.9911926
3.5	  0.9772276
3.6	  0.95136076
3.7	  0.91232246
3.8	  0.8533682
3.9	  0.7827501
4.0	  0.7035626
4.1	  0.62175673
4.2	  0.540903
4.3	  0.46203285
4.4	  0.3927636
4.5	  0.32936603
4.6	  0.27406174
4.7	  0.22835833
4.8	  0.18820916
4.9	  0.15170991
5.0	  0.121161625
5.1	  0.09846862
5.2	  0.08053638
5.3	  0.064349756
5.4	  0.05054352
5.5	  0.038879633
5.6	  0.03181782
5.7	  0.024200587
5.8	  0.018805046
5.9	  0.014758391
6.0	  0.011425851
6.1	  0.008410696
6.2	  0.005554233
6.3	  0.0039673094
6.4	  0.0034912322
6.5	  0.002459732
6.6	  0.0019043084
6.7	  0.0014282314
6.8	  0.0014282314
6.9	  7.141157E-4
7.0	  5.554233E-4
7.1	  3.9673093E-4
7.2	  2.3803856E-4
7.3	  7.934619E-5
7.4	  7.934619E-5
7.5	  7.934619E-5
7.6	  0.0
7.7	  0.0
7.8	  0.0
7.9	  0.0
8.0	  0.0
8.1	  0.0
8.2	  0.0
8.3	  0.0
8.4	  0.0
8.5	  0.0
8.6	  0.0
8.7	  0.0
8.8	  0.0
8.9	  0.0
9.0	  0.0



DATASET #7

Name: 95% Conf
Num Points: 66
Info: 

X, Y Data:
2.5	1.0	[1.0	1.0]
2.6	1.0	[1.0	1.0]
2.7	1.0	[1.0	1.0]
2.8	1.0	[1.0	1.0]
2.9	1.0	[1.0	1.0]
3.0	0.99992067	[0.9994848	0.9999959]
3.1	0.99984133	[0.99936014	0.9999725]
3.2	0.99920654	[0.99848866	0.9995967]
3.3	0.99730223	[0.99618644	0.99810183]
3.4	0.9911926	[0.98936176	0.9927168]
3.5	0.9772276	[0.97443223	0.9797278]
3.6	0.95136076	[0.94742453	0.95501906]
3.7	0.91232246	[0.90721744	0.91717416]
3.8	0.8533682	[0.8470443	0.85947543]
3.9	0.7827501	[0.7754248	0.7899022]
4.0	0.7035626	[0.69548833	0.71151227]
4.1	0.62175673	[0.61321425	0.63022465]
4.2	0.540903	[0.5321519	0.54962903]
4.3	0.46203285	[0.45330185	0.4707871]
4.4	0.3927636	[0.3842317	0.40136123]
4.5	0.32936603	[0.32117426	0.33766228]
4.6	0.27406174	[0.26630473	0.28195712]
4.7	0.22835833	[0.2210737	0.2358094]
4.8	0.18820916	[0.18144108	0.19516836]
4.9	0.15170991	[0.14551388	0.15811954]
5.0	0.121161625	[0.11554078	0.12701496]
5.1	0.09846862	[0.09334974	0.10383407]
5.2	0.08053638	[0.07587364	0.08545689]
5.3	0.064349756	[0.060158677	0.0688088]
5.4	0.05054352	[0.04681574	0.05454806]
5.5	0.038879633	[0.035604764	0.04243883]
5.6	0.03181782	[0.028855508	0.035069156]
5.7	0.024200587	[0.0216216	0.02707383]
5.8	0.018805046	[0.01653874	0.021369513]
5.9	0.014758391	[0.012759228	0.01705884]
6.0	0.011425851	[0.009677034	0.013478773]
6.1	0.008410696	[0.006923355	0.010205055]
6.2	0.005554233	[0.00436376	0.0070551955]
6.3	0.0039673094	[0.002976534	0.0052712145]
6.4	0.0034912322	[0.0025679606	0.0047286316]
6.5	0.002459732	[0.0017006756	0.003535712]
6.6	0.0019043084	[0.0012481973	0.0028794978]
6.7	0.0014282314	[8.729461E-4	0.0023051847]
6.8	0.0014282314	[8.729461E-4	0.0023051847]
6.9	7.141157E-4	[3.4854925E-4	0.0014085819]
7.0	5.554233E-4	[2.4340049E-4	0.0011993728]
7.1	3.9673093E-4	[1.4606705E-4	9.837253E-4]
7.2	2.3803856E-4	[6.147771E-5	7.583027E-4]
7.3	7.934619E-5	[4.141773E-6	5.1520264E-4]
7.4	7.934619E-5	[4.141773E-6	5.1520264E-4]
7.5	7.934619E-5	[4.141773E-6	5.1520264E-4]
7.6	0.0	[0.0	3.7990368E-4]
7.7	0.0	[0.0	3.7990368E-4]
7.8	0.0	[0.0	3.7990368E-4]
7.9	0.0	[0.0	3.7990368E-4]
8.0	0.0	[0.0	3.7990368E-4]
8.1	0.0	[0.0	3.7990368E-4]
8.2	0.0	[0.0	3.7990368E-4]
8.3	0.0	[0.0	3.7990368E-4]
8.4	0.0	[0.0	0.0]
8.5	0.0	[0.0	0.0]
8.6	0.0	[0.0	0.0]
8.7	0.0	[0.0	0.0]
8.8	0.0	[0.0	0.0]
8.9	0.0	[0.0	0.0]
9.0	0.0	[0.0	0.0]



DATASET #8

     Name: Supra
   Points: 66
     Info: 

Data[x,y]:
2.5	  0.0038879632
2.6	  0.0038879632
2.7	  0.0038879632
2.8	  0.0038879632
2.9	  0.0038879632
3.0	  0.0038879632
3.1	  0.0038879632
3.2	  0.0038879632
3.3	  0.0038879632
3.4	  0.0038879632
3.5	  0.0038879632
3.6	  0.0038879632
3.7	  0.0038879632
3.8	  0.0038879632
3.9	  0.0038879632
4.0	  0.0038879632
4.1	  0.0038879632
4.2	  0.0038879632
4.3	  0.0038879632
4.4	  0.0038879632
4.5	  0.0038879632
4.6	  0.0038879632
4.7	  0.0038879632
4.8	  0.0038879632
4.9	  0.0038879632
5.0	  0.0038879632
5.1	  0.0038879632
5.2	  0.0038879632
5.3	  0.0038879632
5.4	  0.0038879632
5.5	  0.0038879632
5.6	  0.0038879632
5.7	  0.0038879632
5.8	  0.0038879632
5.9	  0.0038879632
6.0	  0.0038879632
6.1	  0.00333254
6.2	  0.0023010394
6.3	  0.0018249623
6.4	  0.0017456161
6.5	  0.0014282314
6.6	  0.0013488852
6.7	  0.0011108466
6.8	  0.0011108466
6.9	  6.347695E-4
7.0	  4.760771E-4
7.1	  3.1738475E-4
7.2	  2.3803856E-4
7.3	  7.934619E-5
7.4	  7.934619E-5
7.5	  7.934619E-5
7.6	  0.0
7.7	  0.0
7.8	  0.0
7.9	  0.0
8.0	  0.0
8.1	  0.0
8.2	  0.0
8.3	  0.0
8.4	  0.0
8.5	  0.0
8.6	  0.0
8.7	  0.0
8.8	  0.0
8.9	  0.0
9.0	  0.0



DATASET #9

     Name: Primary
   Points: 66
     Info: 

Data[x,y]:
2.5	  35.274063
2.6	  28.025232
2.7	  22.210665
2.8	  17.63604
2.9	  14.0292
3.0	  11.139808
3.1	  8.876458
3.2	  7.0528445
3.3	  5.603031
3.4	  4.4476714
3.5	  3.5210664
3.6	  2.7867174
3.7	  2.2151868
3.8	  1.7475997
3.9	  1.3870507
4.0	  1.1003729
4.1	  0.8752678
4.2	  0.6962628
4.3	  0.551218
4.4	  0.43426168
4.5	  0.34658414
4.6	  0.27612475
4.7	  0.22137587
4.8	  0.17567246
4.9	  0.1381417
5.0	  0.10830755
5.1	  0.08601127
5.2	  0.0697453
5.3	  0.05435214
5.4	  0.043402366
5.5	  0.03348409
5.6	  0.026898358
5.7	  0.02102674
5.8	  0.016107276
5.9	  0.012457351
6.0	  0.009442196
6.1	  0.0067444257
6.2	  0.0045227325
6.3	  0.00333254
6.4	  0.0029358089
6.5	  0.0021423472
6.6	  0.0017456161
6.7	  0.0013488852
6.8	  0.0013488852
6.9	  6.347695E-4
7.0	  4.760771E-4
7.1	  3.1738475E-4
7.2	  2.3803856E-4
7.3	  7.934619E-5
7.4	  7.934619E-5
7.5	  7.934619E-5
7.6	  0.0
7.7	  0.0
7.8	  0.0
7.9	  0.0
8.0	  0.0
8.1	  0.0
8.2	  0.0
8.3	  0.0
8.4	  0.0
8.5	  0.0
8.6	  0.0
8.7	  0.0
8.8	  0.0
8.9	  0.0
9.0	  0.0


