
X-Axis: Magnitude
Y-Axis: Cumulative Annual Rate (1/yr)
Number of Data Sets: 8


DATASET #1

     Name: Mean
   Points: 41
     Info: 

Data[x,y]:
5.0	  7.3784614
5.1	  5.832143
5.2	  4.614656
5.3	  3.64138
5.4	  2.8699574
5.5	  2.2622736
5.6	  1.7764521
5.7	  1.389404
5.8	  1.0820949
5.9	  0.82747996
6.0	  0.65693
6.1	  0.50525737
6.2	  0.394592
6.3	  0.3091825
6.4	  0.23547652
6.5	  0.17848875
6.6	  0.1365729
6.7	  0.101807244
6.8	  0.077088065
6.9	  0.057380628
7.0	  0.042911448
7.1	  0.03139824
7.2	  0.022063112
7.3	  0.01611546
7.4	  0.011207926
7.5	  0.006708904
7.6	  0.0038219178
7.7	  0.002092955
7.8	  9.403131E-4
7.9	  4.0753424E-4
8.0	  2.4559686E-4
8.1	  6.0665363E-5
8.2	  7.827789E-6
8.3	  0.0
8.4	  0.0
8.5	  0.0
8.6	  0.0
8.7	  0.0
8.8	  0.0
8.9	  0.0
9.0	  0.0



DATASET #2

     Name: 2.5%,16%,84%,97.5%
   Points: 41
     Info: 

Data[x,y]:
5.0	  5.214286
5.1	  4.071429
5.2	  3.142857
5.3	  2.4285715
5.4	  1.8571428
5.5	  1.4285715
5.6	  1.0714285
5.7	  0.8214286
5.8	  0.60714287
5.9	  0.42857143
6.0	  0.32142857
6.1	  0.21428572
6.2	  0.14285715
6.3	  0.10714286
6.4	  0.071428575
6.5	  0.035714287
6.6	  0.0
6.7	  0.0
6.8	  0.0
6.9	  0.0
7.0	  0.0
7.1	  0.0
7.2	  0.0
7.3	  0.0
7.4	  0.0
7.5	  0.0
7.6	  0.0
7.7	  0.0
7.8	  0.0
7.9	  0.0
8.0	  0.0
8.1	  0.0
8.2	  0.0
8.3	  0.0
8.4	  0.0
8.5	  0.0
8.6	  0.0
8.7	  0.0
8.8	  0.0
8.9	  0.0
9.0	  0.0



DATASET #3

     Name: 
   Points: 41
     Info: 

Data[x,y]:
5.0	  6.107143
5.1	  4.785714
5.2	  3.75
5.3	  2.9285715
5.4	  2.2857144
5.5	  1.7857143
5.6	  1.3571428
5.7	  1.0357143
5.8	  0.78571427
5.9	  0.60714287
6.0	  0.4642857
6.1	  0.35714287
6.2	  0.25
6.3	  0.17857143
6.4	  0.14285715
6.5	  0.10714286
6.6	  0.071428575
6.7	  0.035714287
6.8	  0.035714287
6.9	  0.0
7.0	  0.0
7.1	  0.0
7.2	  0.0
7.3	  0.0
7.4	  0.0
7.5	  0.0
7.6	  0.0
7.7	  0.0
7.8	  0.0
7.9	  0.0
8.0	  0.0
8.1	  0.0
8.2	  0.0
8.3	  0.0
8.4	  0.0
8.5	  0.0
8.6	  0.0
8.7	  0.0
8.8	  0.0
8.9	  0.0
9.0	  0.0



DATASET #4

     Name: 
   Points: 41
     Info: 

Data[x,y]:
5.0	  8.642858
5.1	  6.892857
5.2	  5.464286
5.3	  4.357143
5.4	  3.4642856
5.5	  2.75
5.6	  2.1785715
5.7	  1.7142857
5.8	  1.3571428
5.9	  1.0714285
6.0	  0.85714287
6.1	  0.6785714
6.2	  0.53571427
6.3	  0.42857143
6.4	  0.32142857
6.5	  0.25
6.6	  0.21428572
6.7	  0.17857143
6.8	  0.14285715
6.9	  0.10714286
7.0	  0.071428575
7.1	  0.071428575
7.2	  0.035714287
7.3	  0.035714287
7.4	  0.035714287
7.5	  0.035714287
7.6	  0.0
7.7	  0.0
7.8	  0.0
7.9	  0.0
8.0	  0.0
8.1	  0.0
8.2	  0.0
8.3	  0.0
8.4	  0.0
8.5	  0.0
8.6	  0.0
8.7	  0.0
8.8	  0.0
8.9	  0.0
9.0	  0.0



DATASET #5

     Name: 
   Points: 41
     Info: 

Data[x,y]:
5.0	  10.75
5.1	  8.464286
5.2	  6.785714
5.3	  5.392857
5.4	  4.285714
5.5	  3.4285715
5.6	  2.75
5.7	  2.2142856
5.8	  1.75
5.9	  1.3571428
6.0	  1.1071428
6.1	  0.89285713
6.2	  0.71428573
6.3	  0.5714286
6.4	  0.4642857
6.5	  0.39285713
6.6	  0.32142857
6.7	  0.25
6.8	  0.21428572
6.9	  0.17857143
7.0	  0.14285715
7.1	  0.10714286
7.2	  0.10714286
7.3	  0.071428575
7.4	  0.071428575
7.5	  0.035714287
7.6	  0.035714287
7.7	  0.035714287
7.8	  0.035714287
7.9	  0.0
8.0	  0.0
8.1	  0.0
8.2	  0.0
8.3	  0.0
8.4	  0.0
8.5	  0.0
8.6	  0.0
8.7	  0.0
8.8	  0.0
8.9	  0.0
9.0	  0.0



DATASET #6

     Name: Median
   Points: 41
     Info: 

Data[x,y]:
5.0	  7.178571
5.1	  5.678571
5.2	  4.5
5.3	  3.5357144
5.4	  2.7857144
5.5	  2.2142856
5.6	  1.7142857
5.7	  1.3571428
5.8	  1.0357143
5.9	  0.8214286
6.0	  0.64285713
6.1	  0.5
6.2	  0.39285713
6.3	  0.2857143
6.4	  0.21428572
6.5	  0.17857143
6.6	  0.14285715
6.7	  0.10714286
6.8	  0.071428575
6.9	  0.035714287
7.0	  0.035714287
7.1	  0.035714287
7.2	  0.0
7.3	  0.0
7.4	  0.0
7.5	  0.0
7.6	  0.0
7.7	  0.0
7.8	  0.0
7.9	  0.0
8.0	  0.0
8.1	  0.0
8.2	  0.0
8.3	  0.0
8.4	  0.0
8.5	  0.0
8.6	  0.0
8.7	  0.0
8.8	  0.0
8.9	  0.0
9.0	  0.0



DATASET #7

     Name: Mode
   Points: 41
     Info: 

Data[x,y]:
5.0	  7.178571
5.1	  5.571429
5.2	  4.25
5.3	  3.2857144
5.4	  2.7857144
5.5	  2.142857
5.6	  1.6785715
5.7	  1.3214285
5.8	  1.0
5.9	  0.75
6.0	  0.64285713
6.1	  0.4642857
6.2	  0.35714287
6.3	  0.25
6.4	  0.21428572
6.5	  0.14285715
6.6	  0.10714286
6.7	  0.071428575
6.8	  0.035714287
6.9	  0.035714287
7.0	  0.035714287
7.1	  0.0
7.2	  0.0
7.3	  0.0
7.4	  0.0
7.5	  0.0
7.6	  0.0
7.7	  0.0
7.8	  0.0
7.9	  0.0
8.0	  0.0
8.1	  0.0
8.2	  0.0
8.3	  0.0
8.4	  0.0
8.5	  0.0
8.6	  0.0
8.7	  0.0
8.8	  0.0
8.9	  0.0
9.0	  0.0



DATASET #8

     Name: Std. Dev.
   Points: 41
     Info: 

Data[x,y]:
5.0	  1.397188
5.1	  1.1310847
5.2	  0.92537624
5.3	  0.7563548
5.4	  0.6182043
5.5	  0.5140316
5.6	  0.42449883
5.7	  0.35158128
5.8	  0.29390988
5.9	  0.24112253
6.0	  0.20508908
6.1	  0.17087172
6.2	  0.14539324
6.3	  0.12484085
6.4	  0.103287816
6.5	  0.089518964
6.6	  0.07678901
6.7	  0.06586823
6.8	  0.056579504
6.9	  0.0477421
7.0	  0.040661663
7.1	  0.034860343
7.2	  0.028739782
7.3	  0.024402583
7.4	  0.020195255
7.5	  0.015698943
7.6	  0.011672809
7.7	  0.008677343
7.8	  0.005766975
7.9	  0.0037932713
8.0	  0.0029514604
8.1	  0.0014707037
8.2	  5.2868365E-4
8.3	  0.0
8.4	  0.0
8.5	  0.0
8.6	  0.0
8.7	  0.0
8.8	  0.0
8.9	  0.0
9.0	  0.0


