
X-Axis: Magnitude
Y-Axis: 1 Day Cumulative Number
Number of Data Sets: 9


DATASET #1

     Name: Mean
   Points: 66
     Info: 

Data[x,y]:
2.5	  1446.8252
2.6	  1149.2823
2.7	  912.8495
2.8	  725.141
2.9	  575.98193
3.0	  457.4826
3.1	  363.3647
3.2	  288.63214
3.3	  229.23608
3.4	  182.077
3.5	  144.61604
3.6	  114.83519
3.7	  91.20751
3.8	  72.42955
3.9	  57.50237
4.0	  45.66272
4.1	  36.2532
4.2	  28.76403
4.3	  22.82288
4.4	  18.09939
4.5	  14.35534
4.6	  11.37824
4.7	  9.00953
4.8	  7.12769
4.9	  5.63561
5.0	  4.45271
5.1	  3.51069
5.2	  2.76344
5.3	  2.16775
5.4	  1.69384
5.5	  1.31884
5.6	  1.02111
5.7	  0.78431
5.8	  0.5959
5.9	  0.44971
6.0	  0.34205
6.1	  0.24962
6.2	  0.16249
6.3	  0.12339
6.4	  0.09343
6.5	  0.07255
6.6	  0.06103
6.7	  0.05014
6.8	  0.04096
6.9	  0.03234
7.0	  0.02523
7.1	  0.02078
7.2	  0.01533
7.3	  0.01071
7.4	  0.00941
7.5	  0.00731
7.6	  0.00364
7.7	  9.5E-4
7.8	  6.4E-4
7.9	  3.3E-4
8.0	  1.0E-4
8.1	  1.0E-5
8.2	  0.0
8.3	  0.0
8.4	  0.0
8.5	  0.0
8.6	  0.0
8.7	  0.0
8.8	  0.0
8.9	  0.0
9.0	  0.0



DATASET #2

     Name: 2.5%,97.5%
   Points: 66
     Info: 

Data[x,y]:
2.5	  1201.0
2.6	  949.0
2.7	  749.0
2.8	  590.0
2.9	  464.0
3.0	  365.0
3.1	  287.0
3.2	  224.0
3.3	  176.0
3.4	  137.0
3.5	  106.0
3.6	  82.0
3.7	  64.0
3.8	  49.0
3.9	  37.0
4.0	  28.0
4.1	  21.0
4.2	  16.0
4.3	  12.0
4.4	  9.0
4.5	  6.0
4.6	  4.0
4.7	  3.0
4.8	  2.0
4.9	  1.0
5.0	  1.0
5.1	  0.0
5.2	  0.0
5.3	  0.0
5.4	  0.0
5.5	  0.0
5.6	  0.0
5.7	  0.0
5.8	  0.0
5.9	  0.0
6.0	  0.0
6.1	  0.0
6.2	  0.0
6.3	  0.0
6.4	  0.0
6.5	  0.0
6.6	  0.0
6.7	  0.0
6.8	  0.0
6.9	  0.0
7.0	  0.0
7.1	  0.0
7.2	  0.0
7.3	  0.0
7.4	  0.0
7.5	  0.0
7.6	  0.0
7.7	  0.0
7.8	  0.0
7.9	  0.0
8.0	  0.0
8.1	  0.0
8.2	  0.0
8.3	  0.0
8.4	  0.0
8.5	  0.0
8.6	  0.0
8.7	  0.0
8.8	  0.0
8.9	  0.0
9.0	  0.0



DATASET #3

     Name: null
   Points: 66
     Info: 

Data[x,y]:
2.5	  2415.0
2.6	  1918.0
2.7	  1522.0
2.8	  1210.0
2.9	  961.0
3.0	  765.0
3.1	  608.0
3.2	  485.0
3.3	  386.0
3.4	  306.0
3.5	  244.0
3.6	  194.0
3.7	  155.0
3.8	  124.0
3.9	  99.0
4.0	  79.0
4.1	  64.0
4.2	  51.0
4.3	  42.0
4.4	  34.0
4.5	  28.0
4.6	  23.0
4.7	  19.0
4.8	  16.0
4.9	  13.0
5.0	  11.0
5.1	  9.0
5.2	  8.0
5.3	  6.0
5.4	  5.0
5.5	  5.0
5.6	  4.0
5.7	  3.0
5.8	  3.0
5.9	  2.0
6.0	  2.0
6.1	  2.0
6.2	  1.0
6.3	  1.0
6.4	  1.0
6.5	  1.0
6.6	  1.0
6.7	  1.0
6.8	  1.0
6.9	  1.0
7.0	  0.0
7.1	  0.0
7.2	  0.0
7.3	  0.0
7.4	  0.0
7.5	  0.0
7.6	  0.0
7.7	  0.0
7.8	  0.0
7.9	  0.0
8.0	  0.0
8.1	  0.0
8.2	  0.0
8.3	  0.0
8.4	  0.0
8.5	  0.0
8.6	  0.0
8.7	  0.0
8.8	  0.0
8.9	  0.0
9.0	  0.0



DATASET #4

     Name: Median
   Points: 66
     Info: 

Data[x,y]:
2.5	  1348.0
2.6	  1072.0
2.7	  852.0
2.8	  677.0
2.9	  539.0
3.0	  428.0
3.1	  340.0
3.2	  271.0
3.3	  215.0
3.4	  171.0
3.5	  136.0
3.6	  108.0
3.7	  86.0
3.8	  68.0
3.9	  54.0
4.0	  43.0
4.1	  34.0
4.2	  27.0
4.3	  21.0
4.4	  17.0
4.5	  13.0
4.6	  11.0
4.7	  8.0
4.8	  7.0
4.9	  5.0
5.0	  4.0
5.1	  3.0
5.2	  2.0
5.3	  2.0
5.4	  1.0
5.5	  1.0
5.6	  1.0
5.7	  1.0
5.8	  0.0
5.9	  0.0
6.0	  0.0
6.1	  0.0
6.2	  0.0
6.3	  0.0
6.4	  0.0
6.5	  0.0
6.6	  0.0
6.7	  0.0
6.8	  0.0
6.9	  0.0
7.0	  0.0
7.1	  0.0
7.2	  0.0
7.3	  0.0
7.4	  0.0
7.5	  0.0
7.6	  0.0
7.7	  0.0
7.8	  0.0
7.9	  0.0
8.0	  0.0
8.1	  0.0
8.2	  0.0
8.3	  0.0
8.4	  0.0
8.5	  0.0
8.6	  0.0
8.7	  0.0
8.8	  0.0
8.9	  0.0
9.0	  0.0



DATASET #5

     Name: Mode
   Points: 66
     Info: 

Data[x,y]:
2.5	  1304.0
2.6	  1036.0
2.7	  844.0
2.8	  663.0
2.9	  517.0
3.0	  420.0
3.1	  329.0
3.2	  269.0
3.3	  210.0
3.4	  167.0
3.5	  133.0
3.6	  104.0
3.7	  84.0
3.8	  66.0
3.9	  53.0
4.0	  41.0
4.1	  32.0
4.2	  26.0
4.3	  20.0
4.4	  16.0
4.5	  12.0
4.6	  10.0
4.7	  8.0
4.8	  6.0
4.9	  5.0
5.0	  3.0
5.1	  3.0
5.2	  2.0
5.3	  1.0
5.4	  1.0
5.5	  1.0
5.6	  0.0
5.7	  0.0
5.8	  0.0
5.9	  0.0
6.0	  0.0
6.1	  0.0
6.2	  0.0
6.3	  0.0
6.4	  0.0
6.5	  0.0
6.6	  0.0
6.7	  0.0
6.8	  0.0
6.9	  0.0
7.0	  0.0
7.1	  0.0
7.2	  0.0
7.3	  0.0
7.4	  0.0
7.5	  0.0
7.6	  0.0
7.7	  0.0
7.8	  0.0
7.9	  0.0
8.0	  0.0
8.1	  0.0
8.2	  0.0
8.3	  0.0
8.4	  0.0
8.5	  0.0
8.6	  0.0
8.7	  0.0
8.8	  0.0
8.9	  0.0
9.0	  0.0



DATASET #6

     Name: 1 d Prob
   Points: 66
     Info: 

Data[x,y]:
2.5	  1.0
2.6	  1.0
2.7	  1.0
2.8	  1.0
2.9	  1.0
3.0	  1.0
3.1	  1.0
3.2	  1.0
3.3	  1.0
3.4	  1.0
3.5	  1.0
3.6	  1.0
3.7	  1.0
3.8	  1.0
3.9	  1.0
4.0	  1.0
4.1	  1.0
4.2	  1.0
4.3	  1.0
4.4	  1.0
4.5	  1.0
4.6	  0.99993
4.7	  0.99957
4.8	  0.99748
4.9	  0.99154
5.0	  0.97781
5.1	  0.95144
5.2	  0.90904
5.3	  0.84978
5.4	  0.77609
5.5	  0.6896
5.6	  0.59821
5.7	  0.50624
5.8	  0.41681
5.9	  0.33703
6.0	  0.27009
6.1	  0.20662
6.2	  0.14145
6.3	  0.10988
6.4	  0.08456
6.5	  0.06656
6.6	  0.05741
6.7	  0.04763
6.8	  0.0395
6.9	  0.03157
7.0	  0.02475
7.1	  0.02049
7.2	  0.01519
7.3	  0.01061
7.4	  0.00933
7.5	  0.00725
7.6	  0.0036
7.7	  9.4E-4
7.8	  6.3E-4
7.9	  3.2E-4
8.0	  1.0E-4
8.1	  1.0E-5
8.2	  0.0
8.3	  0.0
8.4	  0.0
8.5	  0.0
8.6	  0.0
8.7	  0.0
8.8	  0.0
8.9	  0.0
9.0	  0.0



DATASET #7

Name: 95% Conf
Num Points: 66
Info: 

X, Y Data:
2.5	1.0	[1.0	1.0]
2.6	1.0	[1.0	1.0]
2.7	1.0	[1.0	1.0]
2.8	1.0	[1.0	1.0]
2.9	1.0	[1.0	1.0]
3.0	1.0	[1.0	1.0]
3.1	1.0	[1.0	1.0]
3.2	1.0	[1.0	1.0]
3.3	1.0	[1.0	1.0]
3.4	1.0	[1.0	1.0]
3.5	1.0	[1.0	1.0]
3.6	1.0	[1.0	1.0]
3.7	1.0	[1.0	1.0]
3.8	1.0	[1.0	1.0]
3.9	1.0	[1.0	1.0]
4.0	1.0	[1.0	1.0]
4.1	1.0	[1.0	1.0]
4.2	1.0	[1.0	1.0]
4.3	1.0	[1.0	1.0]
4.4	1.0	[1.0	1.0]
4.5	1.0	[1.0	1.0]
4.6	0.99993	[0.9998488	0.9999693]
4.7	0.99957	[0.99941516	0.999685]
4.8	0.99748	[0.9971443	0.9977769]
4.9	0.99154	[0.99094796	0.9920939]
5.0	0.97781	[0.9768734	0.9787097]
5.1	0.95144	[0.9500853	0.9527599]
5.2	0.90904	[0.90723693	0.91081154]
5.3	0.84978	[0.84754705	0.851986]
5.4	0.77609	[0.77349067	0.7786681]
5.5	0.6896	[0.6867202	0.69246525]
5.6	0.59821	[0.59516263	0.6012498]
5.7	0.50624	[0.50313604	0.5093435]
5.8	0.41681	[0.4137524	0.41987398]
5.9	0.33703	[0.33410153	0.339971]
6.0	0.27009	[0.2673419	0.2728558]
6.1	0.20662	[0.20411684	0.20914574]
6.2	0.14145	[0.13929887	0.14362875]
6.3	0.10988	[0.10795162	0.11183843]
6.4	0.08456	[0.0828465	0.08630551]
6.5	0.06656	[0.06502672	0.068126686]
6.6	0.05741	[0.05598017	0.058873955]
6.7	0.04763	[0.04632228	0.04897261]
6.8	0.0395	[0.03830539	0.040730137]
6.9	0.03157	[0.030499203	0.03267695]
7.0	0.02475	[0.023800252	0.025736451]
7.1	0.02049	[0.019625274	0.021391775]
7.2	0.01519	[0.0144454595	0.015972033]
7.3	0.01061	[0.009988647	0.011269248]
7.4	0.00933	[0.008747837	0.009950177]
7.5	0.00725	[0.006737949	0.0078002685]
7.6	0.0036	[0.0032426296	0.0039960216]
7.7	9.4E-4	[7.63773E-4	0.0011555735]
7.8	6.3E-4	[4.8809973E-4	8.114906E-4]
7.9	3.2E-4	[2.2254742E-4	4.5754865E-4]
8.0	1.0E-4	[5.08174E-5	1.9054979E-4]
8.1	1.0E-5	[5.219861E-7	6.4949265E-5]
8.2	0.0	[0.0	4.7892154E-5]
8.3	0.0	[0.0	4.7892154E-5]
8.4	0.0	[0.0	0.0]
8.5	0.0	[0.0	0.0]
8.6	0.0	[0.0	0.0]
8.7	0.0	[0.0	0.0]
8.8	0.0	[0.0	0.0]
8.9	0.0	[0.0	0.0]
9.0	0.0	[0.0	0.0]



DATASET #8

     Name: Supra
   Points: 66
     Info: 

Data[x,y]:
2.5	  0.10643
2.6	  0.10643
2.7	  0.10643
2.8	  0.10643
2.9	  0.10643
3.0	  0.10643
3.1	  0.10643
3.2	  0.10643
3.3	  0.10643
3.4	  0.10643
3.5	  0.10643
3.6	  0.10643
3.7	  0.10643
3.8	  0.10643
3.9	  0.10643
4.0	  0.10643
4.1	  0.10643
4.2	  0.10643
4.3	  0.10643
4.4	  0.10643
4.5	  0.10643
4.6	  0.10643
4.7	  0.10643
4.8	  0.10643
4.9	  0.10643
5.0	  0.10643
5.1	  0.10643
5.2	  0.10643
5.3	  0.10643
5.4	  0.10643
5.5	  0.10643
5.6	  0.10643
5.7	  0.10643
5.8	  0.10642
5.9	  0.10641
6.0	  0.10636
6.1	  0.09259
6.2	  0.07106
6.3	  0.06094
6.4	  0.05266
6.5	  0.04626
6.6	  0.04323
6.7	  0.03762
6.8	  0.03252
6.9	  0.02705
7.0	  0.02205
7.1	  0.01895
7.2	  0.01435
7.3	  0.01026
7.4	  0.00922
7.5	  0.00722
7.6	  0.0036
7.7	  9.4E-4
7.8	  6.3E-4
7.9	  3.2E-4
8.0	  1.0E-4
8.1	  1.0E-5
8.2	  0.0
8.3	  0.0
8.4	  0.0
8.5	  0.0
8.6	  0.0
8.7	  0.0
8.8	  0.0
8.9	  0.0
9.0	  0.0



DATASET #9

     Name: Primary
   Points: 66
     Info: 

Data[x,y]:
2.5	  1063.5665
2.6	  844.838
2.7	  671.0659
2.8	  533.0682
2.9	  423.43625
3.0	  336.33115
3.1	  267.12344
3.2	  212.20007
3.3	  168.52866
3.4	  133.86435
3.5	  106.32006
3.6	  84.4166
3.7	  67.04528
3.8	  53.22846
3.9	  42.26639
4.0	  33.5682
4.1	  26.6493
4.2	  21.14419
4.3	  16.77653
4.4	  13.3027
4.5	  10.55133
4.6	  8.36156
4.7	  6.62251
4.8	  5.23906
4.9	  4.13906
5.0	  3.27192
5.1	  2.58017
5.2	  2.03077
5.3	  1.59237
5.4	  1.24552
5.5	  0.97027
5.6	  0.75111
5.7	  0.57767
5.8	  0.43831
5.9	  0.33082
6.0	  0.25063
6.1	  0.18417
6.2	  0.12006
6.3	  0.09156
6.4	  0.06872
6.5	  0.05372
6.6	  0.04621
6.7	  0.03814
6.8	  0.03145
6.9	  0.02517
7.0	  0.01965
7.1	  0.01633
7.2	  0.01187
7.3	  0.00833
7.4	  0.00728
7.5	  0.0056
7.6	  0.00279
7.7	  7.4E-4
7.8	  5.1E-4
7.9	  2.9E-4
8.0	  1.0E-4
8.1	  1.0E-5
8.2	  0.0
8.3	  0.0
8.4	  0.0
8.5	  0.0
8.6	  0.0
8.7	  0.0
8.8	  0.0
8.9	  0.0
9.0	  0.0


