
X-Axis: Magnitude
Y-Axis: Cumulative Annual Rate (1/yr)
Number of Data Sets: 8


DATASET #1

     Name: Mean
   Points: 41
     Info: 

Data[x,y]:
5.0	  7.8577623
5.1	  6.2182875
5.2	  4.917775
5.3	  3.8784125
5.4	  3.0635624
5.5	  2.4130375
5.6	  1.896475
5.7	  1.4808375
5.8	  1.154275
5.9	  0.883825
6.0	  0.69995
6.1	  0.537725
6.2	  0.4205125
6.3	  0.3265125
6.4	  0.2492375
6.5	  0.1891875
6.6	  0.1438875
6.7	  0.10615
6.8	  0.080025
6.9	  0.059325
7.0	  0.04365
7.1	  0.032
7.2	  0.0221375
7.3	  0.016725
7.4	  0.010825
7.5	  0.0068875
7.6	  0.003725
7.7	  0.0018375
7.8	  8.5E-4
7.9	  4.0E-4
8.0	  1.875E-4
8.1	  5.0E-5
8.2	  0.0
8.3	  0.0
8.4	  0.0
8.5	  0.0
8.6	  0.0
8.7	  0.0
8.8	  0.0
8.9	  0.0
9.0	  0.0



DATASET #2

     Name: 2.5%,16%,84%,97.5%
   Points: 41
     Info: 

Data[x,y]:
5.0	  6.375
5.1	  5.025
5.2	  3.9625
5.3	  3.0875
5.4	  2.3375
5.5	  1.8375
5.6	  1.45
5.7	  1.1
5.8	  0.825
5.9	  0.6
6.0	  0.475
6.1	  0.3375
6.2	  0.25
6.3	  0.1875
6.4	  0.1375
6.5	  0.0875
6.6	  0.0625
6.7	  0.0375
6.8	  0.025
6.9	  0.0125
7.0	  0.0
7.1	  0.0
7.2	  0.0
7.3	  0.0
7.4	  0.0
7.5	  0.0
7.6	  0.0
7.7	  0.0
7.8	  0.0
7.9	  0.0
8.0	  0.0
8.1	  0.0
8.2	  0.0
8.3	  0.0
8.4	  0.0
8.5	  0.0
8.6	  0.0
8.7	  0.0
8.8	  0.0
8.9	  0.0
9.0	  0.0



DATASET #3

     Name: 
   Points: 41
     Info: 

Data[x,y]:
5.0	  7.0125
5.1	  5.5125
5.2	  4.3375
5.3	  3.4
5.4	  2.6875
5.5	  2.1
5.6	  1.6375
5.7	  1.2625
5.8	  0.9875
5.9	  0.7375
6.0	  0.575
6.1	  0.4375
6.2	  0.325
6.3	  0.25
6.4	  0.175
6.5	  0.1375
6.6	  0.1
6.7	  0.0625
6.8	  0.05
6.9	  0.025
7.0	  0.025
7.1	  0.0125
7.2	  0.0
7.3	  0.0
7.4	  0.0
7.5	  0.0
7.6	  0.0
7.7	  0.0
7.8	  0.0
7.9	  0.0
8.0	  0.0
8.1	  0.0
8.2	  0.0
8.3	  0.0
8.4	  0.0
8.5	  0.0
8.6	  0.0
8.7	  0.0
8.8	  0.0
8.9	  0.0
9.0	  0.0



DATASET #4

     Name: 
   Points: 41
     Info: 

Data[x,y]:
5.0	  8.725
5.1	  6.9
5.2	  5.5125
5.3	  4.375
5.4	  3.45
5.5	  2.75
5.6	  2.1625
5.7	  1.7
5.8	  1.3375
5.9	  1.0375
6.0	  0.825
6.1	  0.65
6.2	  0.5125
6.3	  0.4
6.4	  0.3125
6.5	  0.2375
6.6	  0.1875
6.7	  0.15
6.8	  0.1125
6.9	  0.0875
7.0	  0.0625
7.1	  0.05
7.2	  0.0375
7.3	  0.025
7.4	  0.025
7.5	  0.0125
7.6	  0.0125
7.7	  0.0
7.8	  0.0
7.9	  0.0
8.0	  0.0
8.1	  0.0
8.2	  0.0
8.3	  0.0
8.4	  0.0
8.5	  0.0
8.6	  0.0
8.7	  0.0
8.8	  0.0
8.9	  0.0
9.0	  0.0



DATASET #5

     Name: 
   Points: 41
     Info: 

Data[x,y]:
5.0	  9.925
5.1	  7.8625
5.2	  6.225
5.3	  4.95
5.4	  3.925
5.5	  3.1125
5.6	  2.475
5.7	  1.9375
5.8	  1.5375
5.9	  1.1875
6.0	  0.9625
6.1	  0.75
6.2	  0.6
6.3	  0.4875
6.4	  0.3875
6.5	  0.3
6.6	  0.25
6.7	  0.1875
6.8	  0.15
6.9	  0.125
7.0	  0.0875
7.1	  0.075
7.2	  0.0625
7.3	  0.05
7.4	  0.0375
7.5	  0.025
7.6	  0.025
7.7	  0.0125
7.8	  0.0125
7.9	  0.0125
8.0	  0.0
8.1	  0.0
8.2	  0.0
8.3	  0.0
8.4	  0.0
8.5	  0.0
8.6	  0.0
8.7	  0.0
8.8	  0.0
8.9	  0.0
9.0	  0.0



DATASET #6

     Name: Median
   Points: 41
     Info: 

Data[x,y]:
5.0	  7.7625
5.1	  6.15
5.2	  4.85
5.3	  3.8125
5.4	  3.025
5.5	  2.3875
5.6	  1.875
5.7	  1.4625
5.8	  1.1375
5.9	  0.875
6.0	  0.7
6.1	  0.5375
6.2	  0.4125
6.3	  0.325
6.4	  0.25
6.5	  0.1875
6.6	  0.1375
6.7	  0.1
6.8	  0.075
6.9	  0.0625
7.0	  0.0375
7.1	  0.025
7.2	  0.025
7.3	  0.0125
7.4	  0.0125
7.5	  0.0
7.6	  0.0
7.7	  0.0
7.8	  0.0
7.9	  0.0
8.0	  0.0
8.1	  0.0
8.2	  0.0
8.3	  0.0
8.4	  0.0
8.5	  0.0
8.6	  0.0
8.7	  0.0
8.8	  0.0
8.9	  0.0
9.0	  0.0



DATASET #7

     Name: Mode
   Points: 41
     Info: 

Data[x,y]:
5.0	  7.825
5.1	  5.8125
5.2	  4.875
5.3	  3.7125
5.4	  3.05
5.5	  2.35
5.6	  1.85
5.7	  1.3875
5.8	  1.15
5.9	  0.9125
6.0	  0.7
6.1	  0.55
6.2	  0.4125
6.3	  0.325
6.4	  0.2375
6.5	  0.2125
6.6	  0.1125
6.7	  0.0875
6.8	  0.0625
6.9	  0.05
7.0	  0.0375
7.1	  0.025
7.2	  0.0125
7.3	  0.0125
7.4	  0.0
7.5	  0.0
7.6	  0.0
7.7	  0.0
7.8	  0.0
7.9	  0.0
8.0	  0.0
8.1	  0.0
8.2	  0.0
8.3	  0.0
8.4	  0.0
8.5	  0.0
8.6	  0.0
8.7	  0.0
8.8	  0.0
8.9	  0.0
9.0	  0.0



DATASET #8

     Name: Std. Dev.
   Points: 41
     Info: 

Data[x,y]:
5.0	  0.87604946
5.1	  0.71615803
5.2	  0.5820134
5.3	  0.477344
5.4	  0.3926876
5.5	  0.3193068
5.6	  0.26322278
5.7	  0.21791442
5.8	  0.17823806
5.9	  0.14808671
6.0	  0.12711671
6.1	  0.10681372
6.2	  0.09030704
6.3	  0.07760971
6.4	  0.06534836
6.5	  0.05577113
6.6	  0.046900753
6.7	  0.040335212
6.8	  0.034287207
6.9	  0.028752105
7.0	  0.023853647
7.1	  0.02044457
7.2	  0.01628965
7.3	  0.014003409
7.4	  0.0113940425
7.5	  0.009219061
7.6	  0.0068863486
7.7	  0.004801343
7.8	  0.003294063
7.9	  0.0022011008
8.0	  0.0015201659
8.1	  7.893815E-4
8.2	  0.0
8.3	  0.0
8.4	  0.0
8.5	  0.0
8.6	  0.0
8.7	  0.0
8.8	  0.0
8.9	  0.0
9.0	  0.0


