
X-Axis: Magnitude
Y-Axis: 1 Hour Cumulative Number
Number of Data Sets: 9


DATASET #1

     Name: Mean
   Points: 66
     Info: 

Data[x,y]:
2.5	  512.0912
2.6	  406.80194
2.7	  323.12836
2.8	  256.65054
2.9	  203.84966
3.0	  161.89607
3.1	  128.57704
3.2	  102.13575
3.3	  81.14071
3.4	  64.44229
3.5	  51.189713
3.6	  40.64375
3.7	  32.266556
3.8	  25.619537
3.9	  20.35075
4.0	  16.164492
4.1	  12.833548
4.2	  10.183881
4.3	  8.085105
4.4	  6.4158607
4.5	  5.09241
4.6	  4.038164
4.7	  3.2005887
4.8	  2.536197
4.9	  2.0061364
5.0	  1.5852875
5.1	  1.2514949
5.2	  0.9866942
5.3	  0.77565926
5.4	  0.60827774
5.5	  0.47577304
5.6	  0.37112176
5.7	  0.287958
5.8	  0.22166912
5.9	  0.17004268
6.0	  0.13266127
6.1	  0.1027102
6.2	  0.067781225
6.3	  0.05107333
6.4	  0.039364245
6.5	  0.03103639
6.6	  0.026402848
6.7	  0.022614613
6.8	  0.019702993
6.9	  0.016102606
7.0	  0.013931937
7.1	  0.012324807
7.2	  0.009663651
7.3	  0.006574622
7.4	  0.005875416
7.5	  0.0045187483
7.6	  0.0024628742
7.7	  7.826931E-4
7.8	  4.4874405E-4
7.9	  2.0871816E-4
8.0	  6.261545E-5
8.1	  0.0
8.2	  0.0
8.3	  0.0
8.4	  0.0
8.5	  0.0
8.6	  0.0
8.7	  0.0
8.8	  0.0
8.9	  0.0
9.0	  0.0



DATASET #2

     Name: 2.5%,97.5%
   Points: 66
     Info: 

Data[x,y]:
2.5	  445.0
2.6	  349.0
2.7	  274.0
2.8	  214.0
2.9	  167.0
3.0	  130.0
3.1	  101.0
3.2	  78.0
3.3	  60.0
3.4	  46.0
3.5	  35.0
3.6	  27.0
3.7	  20.0
3.8	  15.0
3.9	  11.0
4.0	  8.0
4.1	  6.0
4.2	  4.0
4.3	  3.0
4.4	  2.0
4.5	  1.0
4.6	  1.0
4.7	  0.0
4.8	  0.0
4.9	  0.0
5.0	  0.0
5.1	  0.0
5.2	  0.0
5.3	  0.0
5.4	  0.0
5.5	  0.0
5.6	  0.0
5.7	  0.0
5.8	  0.0
5.9	  0.0
6.0	  0.0
6.1	  0.0
6.2	  0.0
6.3	  0.0
6.4	  0.0
6.5	  0.0
6.6	  0.0
6.7	  0.0
6.8	  0.0
6.9	  0.0
7.0	  0.0
7.1	  0.0
7.2	  0.0
7.3	  0.0
7.4	  0.0
7.5	  0.0
7.6	  0.0
7.7	  0.0
7.8	  0.0
7.9	  0.0
8.0	  0.0
8.1	  0.0
8.2	  0.0
8.3	  0.0
8.4	  0.0
8.5	  0.0
8.6	  0.0
8.7	  0.0
8.8	  0.0
8.9	  0.0
9.0	  0.0



DATASET #3

     Name: null
   Points: 66
     Info: 

Data[x,y]:
2.5	  637.0
2.6	  507.0
2.7	  405.0
2.8	  323.0
2.9	  259.0
3.0	  207.0
3.1	  167.0
3.2	  134.0
3.3	  108.0
3.4	  88.0
3.5	  71.0
3.6	  58.0
3.7	  48.0
3.8	  39.0
3.9	  32.0
4.0	  26.0
4.1	  22.0
4.2	  18.0
4.3	  15.0
4.4	  13.0
4.5	  11.0
4.6	  9.0
4.7	  8.0
4.8	  7.0
4.9	  6.0
5.0	  5.0
5.1	  4.0
5.2	  4.0
5.3	  3.0
5.4	  3.0
5.5	  2.0
5.6	  2.0
5.7	  2.0
5.8	  1.0
5.9	  1.0
6.0	  1.0
6.1	  1.0
6.2	  1.0
6.3	  1.0
6.4	  1.0
6.5	  1.0
6.6	  1.0
6.7	  0.0
6.8	  0.0
6.9	  0.0
7.0	  0.0
7.1	  0.0
7.2	  0.0
7.3	  0.0
7.4	  0.0
7.5	  0.0
7.6	  0.0
7.7	  0.0
7.8	  0.0
7.9	  0.0
8.0	  0.0
8.1	  0.0
8.2	  0.0
8.3	  0.0
8.4	  0.0
8.5	  0.0
8.6	  0.0
8.7	  0.0
8.8	  0.0
8.9	  0.0
9.0	  0.0



DATASET #4

     Name: Median
   Points: 66
     Info: 

Data[x,y]:
2.5	  496.0
2.6	  394.0
2.7	  313.0
2.8	  249.0
2.9	  198.0
3.0	  157.0
3.1	  125.0
3.2	  99.0
3.3	  79.0
3.4	  63.0
3.5	  50.0
3.6	  39.0
3.7	  31.0
3.8	  25.0
3.9	  20.0
4.0	  16.0
4.1	  12.0
4.2	  10.0
4.3	  8.0
4.4	  6.0
4.5	  5.0
4.6	  4.0
4.7	  3.0
4.8	  2.0
4.9	  2.0
5.0	  1.0
5.1	  1.0
5.2	  1.0
5.3	  1.0
5.4	  0.0
5.5	  0.0
5.6	  0.0
5.7	  0.0
5.8	  0.0
5.9	  0.0
6.0	  0.0
6.1	  0.0
6.2	  0.0
6.3	  0.0
6.4	  0.0
6.5	  0.0
6.6	  0.0
6.7	  0.0
6.8	  0.0
6.9	  0.0
7.0	  0.0
7.1	  0.0
7.2	  0.0
7.3	  0.0
7.4	  0.0
7.5	  0.0
7.6	  0.0
7.7	  0.0
7.8	  0.0
7.9	  0.0
8.0	  0.0
8.1	  0.0
8.2	  0.0
8.3	  0.0
8.4	  0.0
8.5	  0.0
8.6	  0.0
8.7	  0.0
8.8	  0.0
8.9	  0.0
9.0	  0.0



DATASET #5

     Name: Mode
   Points: 66
     Info: 

Data[x,y]:
2.5	  495.0
2.6	  392.0
2.7	  311.0
2.8	  248.0
2.9	  197.0
3.0	  153.0
3.1	  122.0
3.2	  97.0
3.3	  77.0
3.4	  63.0
3.5	  49.0
3.6	  39.0
3.7	  31.0
3.8	  25.0
3.9	  20.0
4.0	  15.0
4.1	  12.0
4.2	  9.0
4.3	  7.0
4.4	  6.0
4.5	  4.0
4.6	  3.0
4.7	  3.0
4.8	  2.0
4.9	  1.0
5.0	  1.0
5.1	  1.0
5.2	  0.0
5.3	  0.0
5.4	  0.0
5.5	  0.0
5.6	  0.0
5.7	  0.0
5.8	  0.0
5.9	  0.0
6.0	  0.0
6.1	  0.0
6.2	  0.0
6.3	  0.0
6.4	  0.0
6.5	  0.0
6.6	  0.0
6.7	  0.0
6.8	  0.0
6.9	  0.0
7.0	  0.0
7.1	  0.0
7.2	  0.0
7.3	  0.0
7.4	  0.0
7.5	  0.0
7.6	  0.0
7.7	  0.0
7.8	  0.0
7.9	  0.0
8.0	  0.0
8.1	  0.0
8.2	  0.0
8.3	  0.0
8.4	  0.0
8.5	  0.0
8.6	  0.0
8.7	  0.0
8.8	  0.0
8.9	  0.0
9.0	  0.0



DATASET #6

     Name: 1 hr Prob
   Points: 66
     Info: 

Data[x,y]:
2.5	  1.0
2.6	  1.0
2.7	  1.0
2.8	  1.0
2.9	  1.0
3.0	  1.0
3.1	  1.0
3.2	  1.0
3.3	  1.0
3.4	  1.0
3.5	  1.0
3.6	  1.0
3.7	  1.0
3.8	  1.0
3.9	  1.0
4.0	  1.0
4.1	  0.99998957
4.2	  0.9999269
4.3	  0.99945736
4.4	  0.9973597
4.5	  0.99124426
4.6	  0.9769262
4.7	  0.949605
4.8	  0.9064317
4.9	  0.84778184
5.0	  0.7754297
5.1	  0.6942488
5.2	  0.6077664
5.3	  0.5222546
5.4	  0.4394665
5.5	  0.36507937
5.6	  0.29935402
5.7	  0.24191478
5.8	  0.19301212
5.9	  0.15215553
6.0	  0.12100435
6.1	  0.095144175
6.2	  0.06385732
6.3	  0.048746124
6.4	  0.037684064
6.5	  0.029951056
6.6	  0.025797565
6.7	  0.02218674
6.8	  0.019421225
6.9	  0.015977375
7.0	  0.013827578
7.1	  0.012262192
7.2	  0.009621907
7.3	  0.00655375
7.4	  0.005854544
7.5	  0.0044978764
7.6	  0.0024524385
7.7	  7.826931E-4
7.8	  4.4874405E-4
7.9	  2.0871816E-4
8.0	  6.261545E-5
8.1	  0.0
8.2	  0.0
8.3	  0.0
8.4	  0.0
8.5	  0.0
8.6	  0.0
8.7	  0.0
8.8	  0.0
8.9	  0.0
9.0	  0.0



DATASET #7

Name: 95% Conf
Num Points: 66
Info: 

X, Y Data:
2.5	1.0	[1.0	1.0]
2.6	1.0	[1.0	1.0]
2.7	1.0	[1.0	1.0]
2.8	1.0	[1.0	1.0]
2.9	1.0	[1.0	1.0]
3.0	1.0	[1.0	1.0]
3.1	1.0	[1.0	1.0]
3.2	1.0	[1.0	1.0]
3.3	1.0	[1.0	1.0]
3.4	1.0	[1.0	1.0]
3.5	1.0	[1.0	1.0]
3.6	1.0	[1.0	1.0]
3.7	1.0	[1.0	1.0]
3.8	1.0	[1.0	1.0]
3.9	1.0	[1.0	1.0]
4.0	1.0	[1.0	1.0]
4.1	0.99998957	[0.9999322	0.99999946]
4.2	0.9999269	[0.9998422	0.999968]
4.3	0.99945736	[0.9992826	0.99959064]
4.4	0.9973597	[0.99700874	0.9976702]
4.5	0.99124426	[0.990629	0.9918198]
4.6	0.9769262	[0.97595096	0.977863]
4.7	0.949605	[0.9481965	0.9509773]
4.8	0.9064317	[0.9045661	0.9082645]
4.9	0.84778184	[0.84548813	0.85004765]
5.0	0.7754297	[0.77277124	0.77806604]
5.1	0.6942488	[0.69131863	0.69716334]
5.2	0.6077664	[0.60466546	0.6108587]
5.3	0.5222546	[0.5190858	0.52542156]
5.4	0.4394665	[0.43632123	0.44261667]
5.5	0.36507937	[0.3620312	0.36813837]
5.6	0.29935402	[0.29645714	0.30226701]
5.7	0.24191478	[0.23920844	0.24464184]
5.8	0.19301212	[0.19052036	0.19552854]
5.9	0.15215553	[0.14989012	0.1544489]
6.0	0.12100435	[0.118949376	0.12308979]
6.1	0.095144175	[0.093297385	0.09702351]
6.2	0.06385732	[0.062321484	0.06542824]
6.3	0.048746124	[0.047395524	0.050133046]
6.4	0.037684064	[0.036491588	0.038913768]
6.5	0.029951056	[0.028885376	0.031054607]
6.6	0.025797565	[0.024807524	0.026825823]
6.7	0.02218674	[0.021268006	0.023144]
6.8	0.019421225	[0.018561415	0.020319795]
6.9	0.015977375	[0.015197548	0.016796265]
7.0	0.013827578	[0.013102361	0.014592051]
7.1	0.012262192	[0.011579584	0.012984198]
7.2	0.009621907	[0.009018123	0.01026534]
7.3	0.00655375	[0.0060572405	0.0070902267]
7.4	0.005854544	[0.005385903	0.0063632326]
7.5	0.0044978764	[0.0040886225	0.004947347]
7.6	0.0024524385	[0.0021536953	0.002791737]
7.7	7.826931E-4	[6.198808E-4	9.867037E-4]
7.8	4.4874405E-4	[3.2874296E-4	6.103395E-4]
7.9	2.0871816E-4	[1.3102757E-4	3.287142E-4]
8.0	6.261545E-5	[2.545349E-5	1.4373983E-4]
8.1	0.0	[0.0	4.9979724E-5]
8.2	0.0	[0.0	4.9979724E-5]
8.3	0.0	[0.0	4.9979724E-5]
8.4	0.0	[0.0	0.0]
8.5	0.0	[0.0	0.0]
8.6	0.0	[0.0	0.0]
8.7	0.0	[0.0	0.0]
8.8	0.0	[0.0	0.0]
8.9	0.0	[0.0	0.0]
9.0	0.0	[0.0	0.0]



DATASET #8

     Name: Supra
   Points: 66
     Info: 

Data[x,y]:
2.5	  0.056353904
2.6	  0.056353904
2.7	  0.056353904
2.8	  0.056353904
2.9	  0.056353904
3.0	  0.056353904
3.1	  0.056353904
3.2	  0.056353904
3.3	  0.056353904
3.4	  0.056353904
3.5	  0.056353904
3.6	  0.056353904
3.7	  0.056353904
3.8	  0.056353904
3.9	  0.056353904
4.0	  0.056353904
4.1	  0.056353904
4.2	  0.056353904
4.3	  0.056353904
4.4	  0.056353904
4.5	  0.056353904
4.6	  0.056353904
4.7	  0.056353904
4.8	  0.056353904
4.9	  0.056353904
5.0	  0.056353904
5.1	  0.056353904
5.2	  0.056353904
5.3	  0.056353904
5.4	  0.056353904
5.5	  0.056353904
5.6	  0.056343466
5.7	  0.056343466
5.8	  0.056343466
5.9	  0.05633303
6.0	  0.056322593
6.1	  0.05272221
6.2	  0.03962514
6.3	  0.032946162
6.4	  0.028176952
6.5	  0.024284357
6.6	  0.021998893
6.7	  0.019692559
6.8	  0.017563634
6.9	  0.014693758
7.0	  0.01293009
7.1	  0.011698653
7.2	  0.009361009
7.3	  0.0063867755
7.4	  0.005791929
7.5	  0.0044770045
7.6	  0.0024524385
7.7	  7.826931E-4
7.8	  4.4874405E-4
7.9	  2.0871816E-4
8.0	  6.261545E-5
8.1	  0.0
8.2	  0.0
8.3	  0.0
8.4	  0.0
8.5	  0.0
8.6	  0.0
8.7	  0.0
8.8	  0.0
8.9	  0.0
9.0	  0.0



DATASET #9

     Name: Primary
   Points: 66
     Info: 

Data[x,y]:
2.5	  457.51465
2.6	  363.45
2.7	  288.69907
2.8	  229.30685
2.9	  182.12552
3.0	  144.64178
3.1	  114.87263
3.2	  91.249084
3.3	  72.4915
3.4	  57.574516
3.5	  45.72823
3.6	  36.309425
3.7	  28.831419
3.8	  22.895004
3.9	  18.181898
4.0	  14.441147
4.1	  11.464095
4.2	  9.09912
4.3	  7.2255406
4.4	  5.734375
4.5	  4.549993
4.6	  3.607902
4.7	  2.8589275
4.8	  2.2661157
4.9	  1.7929933
5.0	  1.4162987
5.1	  1.1185206
5.2	  0.88318044
5.3	  0.69398785
5.4	  0.5438778
5.5	  0.4255972
5.6	  0.3325402
5.7	  0.25836176
5.8	  0.1989919
5.9	  0.15271908
6.0	  0.119261555
6.1	  0.09260824
6.2	  0.06115442
6.3	  0.04630412
6.4	  0.03562819
6.5	  0.028260438
6.6	  0.024294794
6.7	  0.020892687
6.8	  0.018273275
6.9	  0.014996399
7.0	  0.013013577
7.1	  0.011573422
7.2	  0.009006188
7.3	  0.0060841343
7.4	  0.0054058004
7.5	  0.0041534915
7.6	  0.0022541562
7.7	  7.3051354E-4
7.8	  4.2787223E-4
7.9	  1.8784634E-4
8.0	  6.261545E-5
8.1	  0.0
8.2	  0.0
8.3	  0.0
8.4	  0.0
8.5	  0.0
8.6	  0.0
8.7	  0.0
8.8	  0.0
8.9	  0.0
9.0	  0.0


