
X-Axis: Magnitude
Y-Axis: 1 Month Cumulative Number
Number of Data Sets: 9


DATASET #1

     Name: Mean
   Points: 66
     Info: 

Data[x,y]:
2.5	  2991.7083
2.6	  2376.411
2.7	  1887.6497
2.8	  1499.3776
2.9	  1190.9417
3.0	  945.926
3.1	  751.35504
3.2	  596.79315
3.3	  474.038
3.4	  376.45862
3.5	  299.0124
3.6	  237.46309
3.7	  188.57018
3.8	  149.70702
3.9	  118.88385
4.0	  94.39975
4.1	  74.93278
4.2	  59.46996
4.3	  47.195763
4.4	  37.425842
4.5	  29.684038
4.6	  23.539158
4.7	  18.659252
4.8	  14.779813
4.9	  11.693676
5.0	  9.243222
5.1	  7.3048797
5.2	  5.758249
5.3	  4.5234494
5.4	  3.5476737
5.5	  2.7684627
5.6	  2.1544652
5.7	  1.6648262
5.8	  1.27623
5.9	  0.96851605
6.0	  0.75489306
6.1	  0.5685294
6.2	  0.37336898
6.3	  0.2802674
6.4	  0.21729946
6.5	  0.1690107
6.6	  0.13850267
6.7	  0.116430484
6.8	  0.098235294
6.9	  0.0784492
7.0	  0.065708555
7.1	  0.058074865
7.2	  0.045467913
7.3	  0.03181818
7.4	  0.02802139
7.5	  0.02144385
7.6	  0.011871657
7.7	  0.0036631017
7.8	  0.0021524064
7.9	  0.0011229947
8.0	  4.0106953E-4
8.1	  6.684492E-5
8.2	  0.0
8.3	  0.0
8.4	  0.0
8.5	  0.0
8.6	  0.0
8.7	  0.0
8.8	  0.0
8.9	  0.0
9.0	  0.0



DATASET #2

     Name: 2.5%,97.5%
   Points: 66
     Info: 

Data[x,y]:
2.5	  2192.0
2.6	  1737.0
2.7	  1375.0
2.8	  1087.0
2.9	  859.0
3.0	  678.0
3.1	  535.0
3.2	  421.0
3.3	  331.0
3.4	  260.0
3.5	  203.0
3.6	  159.0
3.7	  124.0
3.8	  96.0
3.9	  74.0
4.0	  57.0
4.1	  44.0
4.2	  34.0
4.3	  25.0
4.4	  19.0
4.5	  14.0
4.6	  10.0
4.7	  7.0
4.8	  5.0
4.9	  4.0
5.0	  2.0
5.1	  1.0
5.2	  1.0
5.3	  0.0
5.4	  0.0
5.5	  0.0
5.6	  0.0
5.7	  0.0
5.8	  0.0
5.9	  0.0
6.0	  0.0
6.1	  0.0
6.2	  0.0
6.3	  0.0
6.4	  0.0
6.5	  0.0
6.6	  0.0
6.7	  0.0
6.8	  0.0
6.9	  0.0
7.0	  0.0
7.1	  0.0
7.2	  0.0
7.3	  0.0
7.4	  0.0
7.5	  0.0
7.6	  0.0
7.7	  0.0
7.8	  0.0
7.9	  0.0
8.0	  0.0
8.1	  0.0
8.2	  0.0
8.3	  0.0
8.4	  0.0
8.5	  0.0
8.6	  0.0
8.7	  0.0
8.8	  0.0
8.9	  0.0
9.0	  0.0



DATASET #3

     Name: null
   Points: 66
     Info: 

Data[x,y]:
2.5	  8038.0
2.6	  6388.0
2.7	  5063.0
2.8	  4028.0
2.9	  3202.0
3.0	  2544.0
3.1	  2021.0
3.2	  1611.0
3.3	  1280.0
3.4	  1019.0
3.5	  808.0
3.6	  640.0
3.7	  508.0
3.8	  404.0
3.9	  321.0
4.0	  256.0
4.1	  203.0
4.2	  161.0
4.3	  128.0
4.4	  101.0
4.5	  81.0
4.6	  64.0
4.7	  51.0
4.8	  41.0
4.9	  32.0
5.0	  26.0
5.1	  21.0
5.2	  17.0
5.3	  14.0
5.4	  11.0
5.5	  9.0
5.6	  7.0
5.7	  6.0
5.8	  5.0
5.9	  4.0
6.0	  3.0
6.1	  3.0
6.2	  2.0
6.3	  2.0
6.4	  2.0
6.5	  1.0
6.6	  1.0
6.7	  1.0
6.8	  1.0
6.9	  1.0
7.0	  1.0
7.1	  1.0
7.2	  1.0
7.3	  1.0
7.4	  1.0
7.5	  0.0
7.6	  0.0
7.7	  0.0
7.8	  0.0
7.9	  0.0
8.0	  0.0
8.1	  0.0
8.2	  0.0
8.3	  0.0
8.4	  0.0
8.5	  0.0
8.6	  0.0
8.7	  0.0
8.8	  0.0
8.9	  0.0
9.0	  0.0



DATASET #4

     Name: Median
   Points: 66
     Info: 

Data[x,y]:
2.5	  2580.0
2.6	  2050.0
2.7	  1629.0
2.8	  1294.0
2.9	  1029.0
3.0	  818.0
3.1	  650.0
3.2	  517.0
3.3	  411.0
3.4	  327.0
3.5	  260.0
3.6	  207.0
3.7	  164.0
3.8	  131.0
3.9	  104.0
4.0	  83.0
4.1	  66.0
4.2	  52.0
4.3	  41.0
4.4	  33.0
4.5	  26.0
4.6	  21.0
4.7	  16.0
4.8	  13.0
4.9	  10.0
5.0	  8.0
5.1	  6.0
5.2	  5.0
5.3	  4.0
5.4	  3.0
5.5	  2.0
5.6	  2.0
5.7	  1.0
5.8	  1.0
5.9	  1.0
6.0	  0.0
6.1	  0.0
6.2	  0.0
6.3	  0.0
6.4	  0.0
6.5	  0.0
6.6	  0.0
6.7	  0.0
6.8	  0.0
6.9	  0.0
7.0	  0.0
7.1	  0.0
7.2	  0.0
7.3	  0.0
7.4	  0.0
7.5	  0.0
7.6	  0.0
7.7	  0.0
7.8	  0.0
7.9	  0.0
8.0	  0.0
8.1	  0.0
8.2	  0.0
8.3	  0.0
8.4	  0.0
8.5	  0.0
8.6	  0.0
8.7	  0.0
8.8	  0.0
8.9	  0.0
9.0	  0.0



DATASET #5

     Name: Mode
   Points: 66
     Info: 

Data[x,y]:
2.5	  2433.0
2.6	  1902.0
2.7	  1512.0
2.8	  1215.0
2.9	  966.0
3.0	  780.0
3.1	  599.0
3.2	  480.0
3.3	  383.0
3.4	  310.0
3.5	  248.0
3.6	  198.0
3.7	  157.0
3.8	  119.0
3.9	  98.0
4.0	  78.0
4.1	  62.0
4.2	  48.0
4.3	  38.0
4.4	  29.0
4.5	  24.0
4.6	  19.0
4.7	  14.0
4.8	  12.0
4.9	  9.0
5.0	  7.0
5.1	  5.0
5.2	  4.0
5.3	  3.0
5.4	  2.0
5.5	  2.0
5.6	  1.0
5.7	  1.0
5.8	  0.0
5.9	  0.0
6.0	  0.0
6.1	  0.0
6.2	  0.0
6.3	  0.0
6.4	  0.0
6.5	  0.0
6.6	  0.0
6.7	  0.0
6.8	  0.0
6.9	  0.0
7.0	  0.0
7.1	  0.0
7.2	  0.0
7.3	  0.0
7.4	  0.0
7.5	  0.0
7.6	  0.0
7.7	  0.0
7.8	  0.0
7.9	  0.0
8.0	  0.0
8.1	  0.0
8.2	  0.0
8.3	  0.0
8.4	  0.0
8.5	  0.0
8.6	  0.0
8.7	  0.0
8.8	  0.0
8.9	  0.0
9.0	  0.0



DATASET #6

     Name: 1 mo Prob
   Points: 66
     Info: 

Data[x,y]:
2.5	  1.0
2.6	  1.0
2.7	  1.0
2.8	  1.0
2.9	  1.0
3.0	  1.0
3.1	  1.0
3.2	  1.0
3.3	  1.0
3.4	  1.0
3.5	  1.0
3.6	  1.0
3.7	  1.0
3.8	  1.0
3.9	  1.0
4.0	  1.0
4.1	  1.0
4.2	  1.0
4.3	  1.0
4.4	  1.0
4.5	  1.0
4.6	  1.0
4.7	  1.0
4.8	  0.99998665
4.9	  0.9998262
5.0	  0.99886364
5.1	  0.9953342
5.2	  0.9865909
5.3	  0.96725935
5.4	  0.933623
5.5	  0.88328874
5.6	  0.8181417
5.7	  0.7386364
5.8	  0.6495321
5.9	  0.55764705
6.0	  0.4747326
6.1	  0.39104277
6.2	  0.28264707
6.3	  0.22423796
6.4	  0.17709893
6.5	  0.1418583
6.6	  0.12183155
6.7	  0.103917114
6.8	  0.09018716
6.9	  0.07419786
7.0	  0.06326203
7.1	  0.056510694
7.2	  0.044572193
7.3	  0.03132353
7.4	  0.027660428
7.5	  0.021189839
7.6	  0.011737968
7.7	  0.0036229948
7.8	  0.0021524064
7.9	  0.0011229947
8.0	  4.0106953E-4
8.1	  6.684492E-5
8.2	  0.0
8.3	  0.0
8.4	  0.0
8.5	  0.0
8.6	  0.0
8.7	  0.0
8.8	  0.0
8.9	  0.0
9.0	  0.0



DATASET #7

Name: 95% Conf
Num Points: 66
Info: 

X, Y Data:
2.5	1.0	[1.0	1.0]
2.6	1.0	[1.0	1.0]
2.7	1.0	[1.0	1.0]
2.8	1.0	[1.0	1.0]
2.9	1.0	[1.0	1.0]
3.0	1.0	[1.0	1.0]
3.1	1.0	[1.0	1.0]
3.2	1.0	[1.0	1.0]
3.3	1.0	[1.0	1.0]
3.4	1.0	[1.0	1.0]
3.5	1.0	[1.0	1.0]
3.6	1.0	[1.0	1.0]
3.7	1.0	[1.0	1.0]
3.8	1.0	[1.0	1.0]
3.9	1.0	[1.0	1.0]
4.0	1.0	[1.0	1.0]
4.1	1.0	[1.0	1.0]
4.2	1.0	[1.0	1.0]
4.3	1.0	[1.0	1.0]
4.4	1.0	[1.0	1.0]
4.5	1.0	[1.0	1.0]
4.6	1.0	[1.0	1.0]
4.7	1.0	[1.0	1.0]
4.8	0.99998665	[0.99991316	0.9999993]
4.9	0.9998262	[0.9996942	0.9999033]
5.0	0.99886364	[0.99858785	0.9990868]
5.1	0.9953342	[0.9948127	0.99580413]
5.2	0.9865909	[0.9857344	0.987397]
5.3	0.96725935	[0.96595305	0.9685174]
5.4	0.933623	[0.93180984	0.9353914]
5.5	0.88328874	[0.88096136	0.8855767]
5.6	0.8181417	[0.81535435	0.8208963]
5.7	0.7386364	[0.7354687	0.7417795]
5.8	0.6495321	[0.64609855	0.6529502]
5.9	0.55764705	[0.55407816	0.56121004]
6.0	0.4747326	[0.47114867	0.47831917]
6.1	0.39104277	[0.38754466	0.3945521]
6.2	0.28264707	[0.27942467	0.28589183]
6.3	0.22423796	[0.22125654	0.22724779]
6.4	0.17709893	[0.17437308	0.17985803]
6.5	0.1418583	[0.13936962	0.14438383]
6.6	0.12183155	[0.119500235	0.12420182]
6.7	0.103917114	[0.10174392	0.10613111]
6.8	0.09018716	[0.088148706	0.092267856]
6.9	0.07419786	[0.07233477	0.07610485]
7.0	0.06326203	[0.061533205	0.06503589]
7.1	0.056510694	[0.054871988	0.058195136]
7.2	0.044572193	[0.043109965	0.04608141]
7.3	0.03132353	[0.030092511	0.032602943]
7.4	0.027660428	[0.026502632	0.028867014]
7.5	0.021189839	[0.020175546	0.02225363]
7.6	0.011737968	[0.0109843295	0.01254219]
7.7	0.0036229948	[0.0032108775	0.0040868856]
7.8	0.0021524064	[0.0018387054	0.002518268]
7.9	0.0011229947	[9.0126233E-4	0.0013973862]
8.0	4.0106953E-4	[2.7545966E-4	5.8034697E-4]
8.1	6.684492E-5	[2.4609482E-5	1.6579949E-4]
8.2	0.0	[0.0	6.4026106E-5]
8.3	0.0	[0.0	6.4026106E-5]
8.4	0.0	[0.0	0.0]
8.5	0.0	[0.0	0.0]
8.6	0.0	[0.0	0.0]
8.7	0.0	[0.0	0.0]
8.8	0.0	[0.0	0.0]
8.9	0.0	[0.0	0.0]
9.0	0.0	[0.0	0.0]



DATASET #8

     Name: Supra
   Points: 66
     Info: 

Data[x,y]:
2.5	  0.24856952
2.6	  0.24856952
2.7	  0.24856952
2.8	  0.24856952
2.9	  0.24856952
3.0	  0.24856952
3.1	  0.24856952
3.2	  0.24856952
3.3	  0.24856952
3.4	  0.24856952
3.5	  0.24856952
3.6	  0.24856952
3.7	  0.24856952
3.8	  0.24856952
3.9	  0.24856952
4.0	  0.24856952
4.1	  0.24856952
4.2	  0.24856952
4.3	  0.24856952
4.4	  0.24856952
4.5	  0.24856952
4.6	  0.24856952
4.7	  0.24856952
4.8	  0.24856952
4.9	  0.24856952
5.0	  0.24856952
5.1	  0.24856952
5.2	  0.24856952
5.3	  0.24856952
5.4	  0.24856952
5.5	  0.24856952
5.6	  0.24855615
5.7	  0.24855615
5.8	  0.24855615
5.9	  0.2485294
6.0	  0.24844919
6.1	  0.22665775
6.2	  0.1740909
6.3	  0.14600268
6.4	  0.12546791
6.5	  0.10812834
6.6	  0.097647056
6.7	  0.086684495
6.8	  0.077981286
6.9	  0.06635027
7.0	  0.058315508
7.1	  0.053569518
7.2	  0.043008022
7.3	  0.03040107
7.4	  0.027339572
7.5	  0.02106952
7.6	  0.011737968
7.7	  0.0036229948
7.8	  0.0021524064
7.9	  0.0011229947
8.0	  4.0106953E-4
8.1	  6.684492E-5
8.2	  0.0
8.3	  0.0
8.4	  0.0
8.5	  0.0
8.6	  0.0
8.7	  0.0
8.8	  0.0
8.9	  0.0
9.0	  0.0



DATASET #9

     Name: Primary
   Points: 66
     Info: 

Data[x,y]:
2.5	  1690.5869
2.6	  1342.8805
2.7	  1066.7008
2.8	  847.2864
2.9	  673.0242
3.0	  534.60626
3.1	  424.6191
3.2	  337.26392
3.3	  267.90167
3.4	  212.76418
3.5	  168.97566
3.6	  134.19838
3.7	  106.56938
3.8	  84.61107
3.9	  67.18448
4.0	  53.364037
4.1	  42.355774
4.2	  33.61838
4.3	  26.683516
4.4	  21.16956
4.5	  16.783022
4.6	  13.309077
4.7	  10.5498
4.8	  8.362165
4.9	  6.621912
5.0	  5.2346926
5.1	  4.137393
5.2	  3.26373
5.3	  2.566992
5.4	  2.0156684
5.5	  1.5776203
5.6	  1.2325134
5.7	  0.95401067
5.8	  0.7329947
5.9	  0.5595722
6.0	  0.43600267
6.1	  0.33540106
6.2	  0.22164439
6.3	  0.16739304
6.4	  0.12856951
6.5	  0.10191177
6.6	  0.086898394
6.7	  0.0736631
6.8	  0.06367647
6.9	  0.051724598
7.0	  0.044090908
7.1	  0.03947861
7.2	  0.03092246
7.3	  0.021270053
7.4	  0.01881016
7.5	  0.014278075
7.6	  0.007954545
7.7	  0.0022860963
7.8	  0.0013502673
7.9	  6.016043E-4
8.0	  2.2727273E-4
8.1	  2.6737967E-5
8.2	  0.0
8.3	  0.0
8.4	  0.0
8.5	  0.0
8.6	  0.0
8.7	  0.0
8.8	  0.0
8.9	  0.0
9.0	  0.0


