
X-Axis: Magnitude
Y-Axis: 1 Week Cumulative Number
Number of Data Sets: 9


DATASET #1

     Name: Mean
   Points: 66
     Info: 

Data[x,y]:
2.5	  2299.216
2.6	  1826.1571
2.7	  1450.892
2.8	  1152.3945
2.9	  915.5076
3.0	  727.24677
3.1	  577.7298
3.2	  459.24835
3.3	  364.74307
3.4	  289.89124
3.5	  230.3536
3.6	  182.81676
3.7	  145.1419
3.8	  115.3076
3.9	  91.68226
4.0	  72.905655
4.1	  57.842106
4.2	  45.899025
4.3	  36.531773
4.4	  28.870955
4.5	  22.9115
4.6	  18.194931
4.7	  14.45497
4.8	  11.426121
4.9	  9.025731
5.0	  7.145809
5.1	  5.669006
5.2	  4.453411
5.3	  3.4974658
5.4	  2.7653022
5.5	  2.1524367
5.6	  1.6834308
5.7	  1.3017544
5.8	  1.002729
5.9	  0.75633526
6.0	  0.5820663
6.1	  0.44132555
6.2	  0.2877193
6.3	  0.21247563
6.4	  0.16335283
6.5	  0.13060428
6.6	  0.10877193
6.7	  0.09278753
6.8	  0.07953216
6.9	  0.06393762
7.0	  0.054580897
7.1	  0.0502924
7.2	  0.038596492
7.3	  0.029239766
7.4	  0.026510721
7.5	  0.020662768
7.6	  0.008966861
7.7	  0.0015594542
7.8	  3.8986356E-4
7.9	  0.0
8.0	  0.0
8.1	  0.0
8.2	  0.0
8.3	  0.0
8.4	  0.0
8.5	  0.0
8.6	  0.0
8.7	  0.0
8.8	  0.0
8.9	  0.0
9.0	  0.0



DATASET #2

     Name: 2.5%,97.5%
   Points: 66
     Info: 

Data[x,y]:
2.5	  1758.0
2.6	  1393.0
2.7	  1101.0
2.8	  870.0
2.9	  687.0
3.0	  542.0
3.1	  427.0
3.2	  337.0
3.3	  265.0
3.4	  208.0
3.5	  162.0
3.6	  126.0
3.7	  98.0
3.8	  76.0
3.9	  59.0
4.0	  45.0
4.1	  35.0
4.2	  27.0
4.3	  20.0
4.4	  15.0
4.5	  11.0
4.6	  8.0
4.7	  5.0
4.8	  4.0
4.9	  3.0
5.0	  2.0
5.1	  1.0
5.2	  1.0
5.3	  0.0
5.4	  0.0
5.5	  0.0
5.6	  0.0
5.7	  0.0
5.8	  0.0
5.9	  0.0
6.0	  0.0
6.1	  0.0
6.2	  0.0
6.3	  0.0
6.4	  0.0
6.5	  0.0
6.6	  0.0
6.7	  0.0
6.8	  0.0
6.9	  0.0
7.0	  0.0
7.1	  0.0
7.2	  0.0
7.3	  0.0
7.4	  0.0
7.5	  0.0
7.6	  0.0
7.7	  0.0
7.8	  0.0
7.9	  0.0
8.0	  0.0
8.1	  0.0
8.2	  0.0
8.3	  0.0
8.4	  0.0
8.5	  0.0
8.6	  0.0
8.7	  0.0
8.8	  0.0
8.9	  0.0
9.0	  0.0



DATASET #3

     Name: null
   Points: 66
     Info: 

Data[x,y]:
2.5	  5637.0
2.6	  4443.0
2.7	  3506.0
2.8	  2835.0
2.9	  2232.0
3.0	  1796.0
3.1	  1434.0
3.2	  1113.0
3.3	  878.0
3.4	  719.0
3.5	  572.0
3.6	  451.0
3.7	  363.0
3.8	  286.0
3.9	  230.0
4.0	  183.0
4.1	  148.0
4.2	  119.0
4.3	  92.0
4.4	  74.0
4.5	  60.0
4.6	  48.0
4.7	  38.0
4.8	  30.0
4.9	  25.0
5.0	  20.0
5.1	  16.0
5.2	  13.0
5.3	  10.0
5.4	  9.0
5.5	  7.0
5.6	  6.0
5.7	  5.0
5.8	  4.0
5.9	  3.0
6.0	  3.0
6.1	  2.0
6.2	  2.0
6.3	  2.0
6.4	  1.0
6.5	  1.0
6.6	  1.0
6.7	  1.0
6.8	  1.0
6.9	  1.0
7.0	  1.0
7.1	  1.0
7.2	  1.0
7.3	  1.0
7.4	  0.0
7.5	  0.0
7.6	  0.0
7.7	  0.0
7.8	  0.0
7.9	  0.0
8.0	  0.0
8.1	  0.0
8.2	  0.0
8.3	  0.0
8.4	  0.0
8.5	  0.0
8.6	  0.0
8.7	  0.0
8.8	  0.0
8.9	  0.0
9.0	  0.0



DATASET #4

     Name: Median
   Points: 66
     Info: 

Data[x,y]:
2.5	  2018.0
2.6	  1602.0
2.7	  1275.0
2.8	  1012.0
2.9	  806.0
3.0	  642.0
3.1	  510.0
3.2	  407.0
3.3	  323.0
3.4	  257.0
3.5	  204.0
3.6	  162.0
3.7	  129.0
3.8	  103.0
3.9	  82.0
4.0	  65.0
4.1	  52.0
4.2	  41.0
4.3	  33.0
4.4	  26.0
4.5	  21.0
4.6	  16.0
4.7	  13.0
4.8	  10.0
4.9	  8.0
5.0	  6.0
5.1	  5.0
5.2	  4.0
5.3	  3.0
5.4	  2.0
5.5	  2.0
5.6	  1.0
5.7	  1.0
5.8	  1.0
5.9	  0.0
6.0	  0.0
6.1	  0.0
6.2	  0.0
6.3	  0.0
6.4	  0.0
6.5	  0.0
6.6	  0.0
6.7	  0.0
6.8	  0.0
6.9	  0.0
7.0	  0.0
7.1	  0.0
7.2	  0.0
7.3	  0.0
7.4	  0.0
7.5	  0.0
7.6	  0.0
7.7	  0.0
7.8	  0.0
7.9	  0.0
8.0	  0.0
8.1	  0.0
8.2	  0.0
8.3	  0.0
8.4	  0.0
8.5	  0.0
8.6	  0.0
8.7	  0.0
8.8	  0.0
8.9	  0.0
9.0	  0.0



DATASET #5

     Name: Mode
   Points: 66
     Info: 

Data[x,y]:
2.5	  1933.0
2.6	  1501.0
2.7	  1222.0
2.8	  944.0
2.9	  781.0
3.0	  649.0
3.1	  473.0
3.2	  419.0
3.3	  320.0
3.4	  244.0
3.5	  200.0
3.6	  164.0
3.7	  125.0
3.8	  99.0
3.9	  76.0
4.0	  60.0
4.1	  52.0
4.2	  38.0
4.3	  30.0
4.4	  25.0
4.5	  21.0
4.6	  17.0
4.7	  13.0
4.8	  10.0
4.9	  7.0
5.0	  6.0
5.1	  4.0
5.2	  3.0
5.3	  2.0
5.4	  1.0
5.5	  1.0
5.6	  1.0
5.7	  0.0
5.8	  0.0
5.9	  0.0
6.0	  0.0
6.1	  0.0
6.2	  0.0
6.3	  0.0
6.4	  0.0
6.5	  0.0
6.6	  0.0
6.7	  0.0
6.8	  0.0
6.9	  0.0
7.0	  0.0
7.1	  0.0
7.2	  0.0
7.3	  0.0
7.4	  0.0
7.5	  0.0
7.6	  0.0
7.7	  0.0
7.8	  0.0
7.9	  0.0
8.0	  0.0
8.1	  0.0
8.2	  0.0
8.3	  0.0
8.4	  0.0
8.5	  0.0
8.6	  0.0
8.7	  0.0
8.8	  0.0
8.9	  0.0
9.0	  0.0



DATASET #6

     Name: 1 wk Prob
   Points: 66
     Info: 

Data[x,y]:
2.5	  1.0
2.6	  1.0
2.7	  1.0
2.8	  1.0
2.9	  1.0
3.0	  1.0
3.1	  1.0
3.2	  1.0
3.3	  1.0
3.4	  1.0
3.5	  1.0
3.6	  1.0
3.7	  1.0
3.8	  1.0
3.9	  1.0
4.0	  1.0
4.1	  1.0
4.2	  1.0
4.3	  1.0
4.4	  1.0
4.5	  1.0
4.6	  1.0
4.7	  1.0
4.8	  1.0
4.9	  0.9996101
5.0	  0.9980507
5.1	  0.9925926
5.2	  0.9773879
5.3	  0.94385964
5.4	  0.89980507
5.5	  0.83586746
5.6	  0.75867444
5.7	  0.6682261
5.8	  0.5785575
5.9	  0.47407407
6.0	  0.39064327
6.1	  0.32163742
6.2	  0.22495127
6.3	  0.17387915
6.4	  0.13528265
6.5	  0.11033139
6.6	  0.09668616
6.7	  0.0834308
6.8	  0.07290448
6.9	  0.05925926
7.0	  0.05068226
7.1	  0.046783626
7.2	  0.036647175
7.3	  0.027680311
7.4	  0.024951268
7.5	  0.019493178
7.6	  0.0085769985
7.7	  0.0015594542
7.8	  3.8986356E-4
7.9	  0.0
8.0	  0.0
8.1	  0.0
8.2	  0.0
8.3	  0.0
8.4	  0.0
8.5	  0.0
8.6	  0.0
8.7	  0.0
8.8	  0.0
8.9	  0.0
9.0	  0.0



DATASET #7

Name: 95% Conf
Num Points: 66
Info: 

X, Y Data:
2.5	1.0	[1.0	1.0]
2.6	1.0	[1.0	1.0]
2.7	1.0	[1.0	1.0]
2.8	1.0	[1.0	1.0]
2.9	1.0	[1.0	1.0]
3.0	1.0	[1.0	1.0]
3.1	1.0	[1.0	1.0]
3.2	1.0	[1.0	1.0]
3.3	1.0	[1.0	1.0]
3.4	1.0	[1.0	1.0]
3.5	1.0	[1.0	1.0]
3.6	1.0	[1.0	1.0]
3.7	1.0	[1.0	1.0]
3.8	1.0	[1.0	1.0]
3.9	1.0	[1.0	1.0]
4.0	1.0	[1.0	1.0]
4.1	1.0	[1.0	1.0]
4.2	1.0	[1.0	1.0]
4.3	1.0	[1.0	1.0]
4.4	1.0	[1.0	1.0]
4.5	1.0	[1.0	1.0]
4.6	1.0	[1.0	1.0]
4.7	1.0	[1.0	1.0]
4.8	1.0	[1.0	1.0]
4.9	0.9996101	[0.99747175	0.9999797]
5.0	0.9980507	[0.9951737	0.9992821]
5.1	0.9925926	[0.9882226	0.9954049]
5.2	0.9773879	[0.9706623	0.98263776]
5.3	0.94385964	[0.9340602	0.9523026]
5.4	0.89980507	[0.8873758	0.9110186]
5.5	0.83586746	[0.82083124	0.8498854]
5.6	0.75867444	[0.74153703	0.7750291]
5.7	0.6682261	[0.6495671	0.6863766]
5.8	0.5785575	[0.5591484	0.59772927]
5.9	0.47407407	[0.45460898	0.4936175]
6.0	0.39064327	[0.3717457	0.4098713]
6.1	0.32163742	[0.30364695	0.34016714]
6.2	0.22495127	[0.20902051	0.24171458]
6.3	0.17387915	[0.15951398	0.18923266]
6.4	0.13528265	[0.122403696	0.1492685]
6.5	0.11033139	[0.098599054	0.12324788]
6.6	0.09668616	[0.08566053	0.10893859]
6.7	0.0834308	[0.07315849	0.09497167]
6.8	0.07290448	[0.06328691	0.08382414]
6.9	0.05925926	[0.050583374	0.06928139]
7.0	0.05068226	[0.042665925	0.06007321]
7.1	0.046783626	[0.039088402	0.05586658]
7.2	0.036647175	[0.029864917	0.04485224]
7.3	0.027680311	[0.021830177	0.03498619]
7.4	0.024951268	[0.019416368	0.031952534]
7.5	0.019493178	[0.014648728	0.02582664]
7.6	0.0085769985	[0.005515805	0.013186577]
7.7	0.0015594542	[4.9966626E-4	0.0042811194]
7.8	3.8986356E-4	[2.0350662E-5	0.0025282374]
7.9	0.0	[0.0	0.0018643899]
8.0	0.0	[0.0	0.0018643899]
8.1	0.0	[0.0	0.0018643899]
8.2	0.0	[0.0	0.0018643899]
8.3	0.0	[0.0	0.0018643899]
8.4	0.0	[0.0	0.0]
8.5	0.0	[0.0	0.0]
8.6	0.0	[0.0	0.0]
8.7	0.0	[0.0	0.0]
8.8	0.0	[0.0	0.0]
8.9	0.0	[0.0	0.0]
9.0	0.0	[0.0	0.0]



DATASET #8

     Name: Supra
   Points: 66
     Info: 

Data[x,y]:
2.5	  0.20038986
2.6	  0.20038986
2.7	  0.20038986
2.8	  0.20038986
2.9	  0.20038986
3.0	  0.20038986
3.1	  0.20038986
3.2	  0.20038986
3.3	  0.20038986
3.4	  0.20038986
3.5	  0.20038986
3.6	  0.20038986
3.7	  0.20038986
3.8	  0.20038986
3.9	  0.20038986
4.0	  0.20038986
4.1	  0.20038986
4.2	  0.20038986
4.3	  0.20038986
4.4	  0.20038986
4.5	  0.20038986
4.6	  0.20038986
4.7	  0.20038986
4.8	  0.20038986
4.9	  0.20038986
5.0	  0.20038986
5.1	  0.20038986
5.2	  0.20038986
5.3	  0.20038986
5.4	  0.20038986
5.5	  0.20038986
5.6	  0.20038986
5.7	  0.20038986
5.8	  0.20038986
5.9	  0.20038986
6.0	  0.2
6.1	  0.18674465
6.2	  0.14074074
6.3	  0.11617934
6.4	  0.097855754
6.5	  0.09005848
6.6	  0.08304094
6.7	  0.0748538
6.8	  0.06705653
6.9	  0.056140352
7.0	  0.0502924
7.1	  0.046393763
7.2	  0.03625731
7.3	  0.027290449
7.4	  0.024561403
7.5	  0.019493178
7.6	  0.0085769985
7.7	  0.0015594542
7.8	  3.8986356E-4
7.9	  0.0
8.0	  0.0
8.1	  0.0
8.2	  0.0
8.3	  0.0
8.4	  0.0
8.5	  0.0
8.6	  0.0
8.7	  0.0
8.8	  0.0
8.9	  0.0
9.0	  0.0



DATASET #9

     Name: Primary
   Points: 66
     Info: 

Data[x,y]:
2.5	  1431.2737
2.6	  1136.9408
2.7	  903.161
2.8	  717.6035
2.9	  570.2
3.0	  453.06277
3.1	  360.06317
3.2	  286.3345
3.3	  227.45808
3.4	  180.64055
3.5	  143.36725
3.6	  113.71891
3.7	  90.29435
3.8	  71.7579
3.9	  57.068615
4.0	  45.40312
4.1	  35.987133
4.2	  28.619102
4.3	  22.748148
4.4	  18.007408
4.5	  14.2799225
4.6	  11.334503
4.7	  8.980117
4.8	  7.08577
4.9	  5.6159844
5.0	  4.425731
5.1	  3.534503
5.2	  2.782846
5.3	  2.1867447
5.4	  1.7317739
5.5	  1.357115
5.6	  1.0721247
5.7	  0.8292398
5.8	  0.6378168
5.9	  0.47953215
6.0	  0.36491227
6.1	  0.28187135
6.2	  0.18245614
6.3	  0.13489279
6.4	  0.10214425
6.5	  0.08421053
6.6	  0.07251462
6.7	  0.062378168
6.8	  0.055750486
6.9	  0.044054583
7.0	  0.03625731
7.1	  0.033918127
7.2	  0.023391813
7.3	  0.01754386
7.4	  0.015984405
7.5	  0.0116959065
7.6	  0.0066276803
7.7	  7.797271E-4
7.8	  3.8986356E-4
7.9	  0.0
8.0	  0.0
8.1	  0.0
8.2	  0.0
8.3	  0.0
8.4	  0.0
8.5	  0.0
8.6	  0.0
8.7	  0.0
8.8	  0.0
8.9	  0.0
9.0	  0.0


