
X-Axis: Magnitude
Y-Axis: 1 Year Cumulative Number
Number of Data Sets: 9


DATASET #1

     Name: Mean
   Points: 66
     Info: 

Data[x,y]:
2.5	  4349.0615
2.6	  3454.5608
2.7	  2744.0554
2.8	  2179.6394
2.9	  1731.2887
3.0	  1375.1151
3.1	  1092.2502
3.2	  867.60406
3.3	  689.1098
3.4	  547.2534
3.5	  434.6407
3.6	  345.15048
3.7	  274.08197
3.8	  217.61305
3.9	  172.80199
4.0	  137.20177
4.1	  108.916794
4.2	  86.45216
4.3	  68.59682
4.4	  54.406525
4.5	  43.160255
4.6	  34.2204
4.7	  27.110521
4.8	  21.475721
4.9	  16.992527
5.0	  13.430054
5.1	  10.606363
5.2	  8.355641
5.3	  6.5652137
5.4	  5.1493716
5.5	  4.02016
5.6	  3.1269386
5.7	  2.413957
5.8	  1.847393
5.9	  1.4008557
6.0	  1.0922059
6.1	  0.8179412
6.2	  0.53645724
6.3	  0.4015508
6.4	  0.3106952
6.5	  0.24041444
6.6	  0.19421123
6.7	  0.16209893
6.8	  0.13454546
6.9	  0.10592246
7.0	  0.08802139
7.1	  0.07720588
7.2	  0.060347594
7.3	  0.04248663
7.4	  0.03725936
7.5	  0.028649732
7.6	  0.015762033
7.7	  0.005040107
7.8	  0.0029278074
7.9	  0.0016042781
8.0	  5.4812833E-4
8.1	  6.684492E-5
8.2	  0.0
8.3	  0.0
8.4	  0.0
8.5	  0.0
8.6	  0.0
8.7	  0.0
8.8	  0.0
8.9	  0.0
9.0	  0.0



DATASET #2

     Name: 2.5%,97.5%
   Points: 66
     Info: 

Data[x,y]:
2.5	  2962.0
2.6	  2348.0
2.7	  1860.0
2.8	  1472.0
2.9	  1164.0
3.0	  920.0
3.1	  728.0
3.2	  574.0
3.3	  453.0
3.4	  356.0
3.5	  279.0
3.6	  219.0
3.7	  172.0
3.8	  134.0
3.9	  104.0
4.0	  81.0
4.1	  62.0
4.2	  48.0
4.3	  37.0
4.4	  28.0
4.5	  21.0
4.6	  15.0
4.7	  11.0
4.8	  8.0
4.9	  6.0
5.0	  4.0
5.1	  3.0
5.2	  2.0
5.3	  1.0
5.4	  0.0
5.5	  0.0
5.6	  0.0
5.7	  0.0
5.8	  0.0
5.9	  0.0
6.0	  0.0
6.1	  0.0
6.2	  0.0
6.3	  0.0
6.4	  0.0
6.5	  0.0
6.6	  0.0
6.7	  0.0
6.8	  0.0
6.9	  0.0
7.0	  0.0
7.1	  0.0
7.2	  0.0
7.3	  0.0
7.4	  0.0
7.5	  0.0
7.6	  0.0
7.7	  0.0
7.8	  0.0
7.9	  0.0
8.0	  0.0
8.1	  0.0
8.2	  0.0
8.3	  0.0
8.4	  0.0
8.5	  0.0
8.6	  0.0
8.7	  0.0
8.8	  0.0
8.9	  0.0
9.0	  0.0



DATASET #3

     Name: null
   Points: 66
     Info: 

Data[x,y]:
2.5	  12684.0
2.6	  10077.0
2.7	  8001.0
2.8	  6357.0
2.9	  5049.0
3.0	  4007.0
3.1	  3179.0
3.2	  2526.0
3.3	  2003.0
3.4	  1592.0
3.5	  1264.0
3.6	  1004.0
3.7	  796.0
3.8	  631.0
3.9	  503.0
4.0	  398.0
4.1	  316.0
4.2	  251.0
4.3	  199.0
4.4	  158.0
4.5	  126.0
4.6	  100.0
4.7	  79.0
4.8	  63.0
4.9	  50.0
5.0	  40.0
5.1	  32.0
5.2	  25.0
5.3	  20.0
5.4	  16.0
5.5	  13.0
5.6	  11.0
5.7	  8.0
5.8	  7.0
5.9	  6.0
6.0	  5.0
6.1	  4.0
6.2	  3.0
6.3	  2.0
6.4	  2.0
6.5	  2.0
6.6	  2.0
6.7	  1.0
6.8	  1.0
6.9	  1.0
7.0	  1.0
7.1	  1.0
7.2	  1.0
7.3	  1.0
7.4	  1.0
7.5	  1.0
7.6	  0.0
7.7	  0.0
7.8	  0.0
7.9	  0.0
8.0	  0.0
8.1	  0.0
8.2	  0.0
8.3	  0.0
8.4	  0.0
8.5	  0.0
8.6	  0.0
8.7	  0.0
8.8	  0.0
8.9	  0.0
9.0	  0.0



DATASET #4

     Name: Median
   Points: 66
     Info: 

Data[x,y]:
2.5	  3623.0
2.6	  2879.0
2.7	  2287.0
2.8	  1818.0
2.9	  1444.0
3.0	  1147.0
3.1	  912.0
3.2	  725.0
3.3	  576.0
3.4	  458.0
3.5	  364.0
3.6	  290.0
3.7	  230.0
3.8	  183.0
3.9	  146.0
4.0	  116.0
4.1	  92.0
4.2	  73.0
4.3	  58.0
4.4	  46.0
4.5	  37.0
4.6	  29.0
4.7	  23.0
4.8	  18.0
4.9	  14.0
5.0	  11.0
5.1	  9.0
5.2	  7.0
5.3	  5.0
5.4	  4.0
5.5	  3.0
5.6	  3.0
5.7	  2.0
5.8	  1.0
5.9	  1.0
6.0	  1.0
6.1	  0.0
6.2	  0.0
6.3	  0.0
6.4	  0.0
6.5	  0.0
6.6	  0.0
6.7	  0.0
6.8	  0.0
6.9	  0.0
7.0	  0.0
7.1	  0.0
7.2	  0.0
7.3	  0.0
7.4	  0.0
7.5	  0.0
7.6	  0.0
7.7	  0.0
7.8	  0.0
7.9	  0.0
8.0	  0.0
8.1	  0.0
8.2	  0.0
8.3	  0.0
8.4	  0.0
8.5	  0.0
8.6	  0.0
8.7	  0.0
8.8	  0.0
8.9	  0.0
9.0	  0.0



DATASET #5

     Name: Mode
   Points: 66
     Info: 

Data[x,y]:
2.5	  3299.0
2.6	  2692.0
2.7	  2098.0
2.8	  1684.0
2.9	  1334.0
3.0	  1041.0
3.1	  837.0
3.2	  679.0
3.3	  533.0
3.4	  424.0
3.5	  329.0
3.6	  266.0
3.7	  216.0
3.8	  167.0
3.9	  136.0
4.0	  110.0
4.1	  85.0
4.2	  69.0
4.3	  52.0
4.4	  43.0
4.5	  32.0
4.6	  25.0
4.7	  22.0
4.8	  16.0
4.9	  12.0
5.0	  10.0
5.1	  7.0
5.2	  6.0
5.3	  4.0
5.4	  3.0
5.5	  2.0
5.6	  2.0
5.7	  1.0
5.8	  1.0
5.9	  0.0
6.0	  0.0
6.1	  0.0
6.2	  0.0
6.3	  0.0
6.4	  0.0
6.5	  0.0
6.6	  0.0
6.7	  0.0
6.8	  0.0
6.9	  0.0
7.0	  0.0
7.1	  0.0
7.2	  0.0
7.3	  0.0
7.4	  0.0
7.5	  0.0
7.6	  0.0
7.7	  0.0
7.8	  0.0
7.9	  0.0
8.0	  0.0
8.1	  0.0
8.2	  0.0
8.3	  0.0
8.4	  0.0
8.5	  0.0
8.6	  0.0
8.7	  0.0
8.8	  0.0
8.9	  0.0
9.0	  0.0



DATASET #6

     Name: 1 yr Prob
   Points: 66
     Info: 

Data[x,y]:
2.5	  1.0
2.6	  1.0
2.7	  1.0
2.8	  1.0
2.9	  1.0
3.0	  1.0
3.1	  1.0
3.2	  1.0
3.3	  1.0
3.4	  1.0
3.5	  1.0
3.6	  1.0
3.7	  1.0
3.8	  1.0
3.9	  1.0
4.0	  1.0
4.1	  1.0
4.2	  1.0
4.3	  1.0
4.4	  1.0
4.5	  1.0
4.6	  1.0
4.7	  1.0
4.8	  1.0
4.9	  0.99998665
5.0	  0.99987966
5.1	  0.99919784
5.2	  0.9967513
5.3	  0.9894251
5.4	  0.9725
5.5	  0.9440508
5.6	  0.89885026
5.7	  0.8364305
5.8	  0.7574599
5.9	  0.66993314
6.0	  0.58485293
6.1	  0.4918984
6.2	  0.36481282
6.3	  0.29320857
6.4	  0.23382352
6.5	  0.1884492
6.6	  0.16157754
6.7	  0.13784759
6.8	  0.11929145
6.9	  0.09798128
7.0	  0.08320855
7.1	  0.07401069
7.2	  0.058516044
7.3	  0.04144385
7.4	  0.0365508
7.5	  0.02816845
7.6	  0.0155347595
7.7	  0.0049465243
7.8	  0.0029144385
7.9	  0.0016042781
8.0	  5.4812833E-4
8.1	  6.684492E-5
8.2	  0.0
8.3	  0.0
8.4	  0.0
8.5	  0.0
8.6	  0.0
8.7	  0.0
8.8	  0.0
8.9	  0.0
9.0	  0.0



DATASET #7

Name: 95% Conf
Num Points: 66
Info: 

X, Y Data:
2.5	1.0	[1.0	1.0]
2.6	1.0	[1.0	1.0]
2.7	1.0	[1.0	1.0]
2.8	1.0	[1.0	1.0]
2.9	1.0	[1.0	1.0]
3.0	1.0	[1.0	1.0]
3.1	1.0	[1.0	1.0]
3.2	1.0	[1.0	1.0]
3.3	1.0	[1.0	1.0]
3.4	1.0	[1.0	1.0]
3.5	1.0	[1.0	1.0]
3.6	1.0	[1.0	1.0]
3.7	1.0	[1.0	1.0]
3.8	1.0	[1.0	1.0]
3.9	1.0	[1.0	1.0]
4.0	1.0	[1.0	1.0]
4.1	1.0	[1.0	1.0]
4.2	1.0	[1.0	1.0]
4.3	1.0	[1.0	1.0]
4.4	1.0	[1.0	1.0]
4.5	1.0	[1.0	1.0]
4.6	1.0	[1.0	1.0]
4.7	1.0	[1.0	1.0]
4.8	1.0	[1.0	1.0]
4.9	0.99998665	[0.99991316	0.9999993]
5.0	0.99987966	[0.9997626	0.9999413]
5.1	0.99919784	[0.9989602	0.99938256]
5.2	0.9967513	[0.9963101	0.9971407]
5.3	0.9894251	[0.9886596	0.9901399]
5.4	0.9725	[0.9712967	0.97365445]
5.5	0.9440508	[0.9423741	0.94568175]
5.6	0.89885026	[0.8966621	0.90099734]
5.7	0.8364305	[0.83375573	0.8390706]
5.8	0.7574599	[0.7543683	0.760525]
5.9	0.66993314	[0.66654783	0.673301]
6.0	0.58485293	[0.58131075	0.5883864]
6.1	0.4918984	[0.48830944	0.49548817]
6.2	0.36481282	[0.3613634	0.36827618]
6.3	0.29320857	[0.28995016	0.29648823]
6.4	0.23382352	[0.2307973	0.23687716]
6.5	0.1884492	[0.18565598	0.1912745]
6.6	0.16157754	[0.15895058	0.16423935]
6.7	0.13784759	[0.13538899	0.1403435]
6.8	0.11929145	[0.11698147	0.12164064]
6.9	0.09798128	[0.09586475	0.10013924]
7.0	0.08320855	[0.081243925	0.08521614]
7.1	0.07401069	[0.07214979	0.07591551]
7.2	0.058516044	[0.056849923	0.06022769]
7.3	0.04144385	[0.040032286	0.042902734]
7.4	0.0365508	[0.03522303	0.037926413]
7.5	0.02816845	[0.027000196	0.029385438]
7.6	0.0155347595	[0.014666564	0.016453091]
7.7	0.0049465243	[0.0044621914	0.00548238]
7.8	0.0029144385	[0.0025465693	0.0033342454]
7.9	0.0016042781	[0.0013358402	0.0019250951]
8.0	5.4812833E-4	[3.9842536E-4	7.511515E-4]
8.1	6.684492E-5	[2.4609482E-5	1.6579949E-4]
8.2	0.0	[0.0	6.4026106E-5]
8.3	0.0	[0.0	6.4026106E-5]
8.4	0.0	[0.0	0.0]
8.5	0.0	[0.0	0.0]
8.6	0.0	[0.0	0.0]
8.7	0.0	[0.0	0.0]
8.8	0.0	[0.0	0.0]
8.9	0.0	[0.0	0.0]
9.0	0.0	[0.0	0.0]



DATASET #8

     Name: Supra
   Points: 66
     Info: 

Data[x,y]:
2.5	  0.32378343
2.6	  0.32378343
2.7	  0.32378343
2.8	  0.32378343
2.9	  0.32378343
3.0	  0.32378343
3.1	  0.32378343
3.2	  0.32378343
3.3	  0.32378343
3.4	  0.32378343
3.5	  0.32378343
3.6	  0.32378343
3.7	  0.32378343
3.8	  0.32378343
3.9	  0.32378343
4.0	  0.32378343
4.1	  0.32378343
4.2	  0.32378343
4.3	  0.32378343
4.4	  0.32378343
4.5	  0.32378343
4.6	  0.32378343
4.7	  0.32378343
4.8	  0.32378343
4.9	  0.32378343
5.0	  0.32378343
5.1	  0.32378343
5.2	  0.32378343
5.3	  0.32378343
5.4	  0.32378343
5.5	  0.32378343
5.6	  0.32377005
5.7	  0.32377005
5.8	  0.32377005
5.9	  0.3237433
6.0	  0.32363635
6.1	  0.29390374
6.2	  0.22828877
6.3	  0.19181818
6.4	  0.1654278
6.5	  0.14259358
6.6	  0.12840909
6.7	  0.11403743
6.8	  0.10244653
6.9	  0.0869385
7.0	  0.07641711
7.1	  0.06990641
7.2	  0.05632353
7.3	  0.04024064
7.4	  0.036149733
7.5	  0.02802139
7.6	  0.0155347595
7.7	  0.0049465243
7.8	  0.0029144385
7.9	  0.0016042781
8.0	  5.4812833E-4
8.1	  6.684492E-5
8.2	  0.0
8.3	  0.0
8.4	  0.0
8.5	  0.0
8.6	  0.0
8.7	  0.0
8.8	  0.0
8.9	  0.0
9.0	  0.0



DATASET #9

     Name: Primary
   Points: 66
     Info: 

Data[x,y]:
2.5	  2085.498
2.6	  1656.5452
2.7	  1315.8223
2.8	  1045.1953
2.9	  830.2228
3.0	  659.4762
3.1	  523.8099
3.2	  416.07697
3.3	  330.50638
3.4	  262.483
3.5	  208.45563
3.6	  165.53854
3.7	  131.45712
3.8	  104.3758
3.9	  82.874374
4.0	  65.821526
4.1	  52.246685
4.2	  41.474384
4.3	  32.915108
4.4	  26.120668
4.5	  20.709946
4.6	  16.424372
4.7	  13.014626
4.8	  10.31246
4.9	  8.16873
5.0	  6.456885
5.1	  5.103142
5.2	  4.0248795
5.3	  3.167861
5.4	  2.48623
5.5	  1.9458021
5.6	  1.519492
5.7	  1.1762166
5.8	  0.9025802
5.9	  0.6886497
6.0	  0.5362968
6.1	  0.41233957
6.2	  0.2729679
6.3	  0.20545454
6.4	  0.15763369
6.5	  0.12431818
6.6	  0.10522727
6.7	  0.08918449
6.8	  0.07669786
6.9	  0.06221925
7.0	  0.052860964
7.1	  0.047032084
7.2	  0.03681818
7.3	  0.025454545
7.4	  0.022459893
7.5	  0.017085562
7.6	  0.009545455
7.7	  0.0028475935
7.8	  0.0017647059
7.9	  8.68984E-4
8.0	  2.9411764E-4
8.1	  2.6737967E-5
8.2	  0.0
8.3	  0.0
8.4	  0.0
8.5	  0.0
8.6	  0.0
8.7	  0.0
8.8	  0.0
8.9	  0.0
9.0	  0.0


