
X-Axis: Magnitude
Y-Axis: 1 Month Cumulative Number
Number of Data Sets: 9


DATASET #1

     Name: Mean
   Points: 66
     Info: 

Data[x,y]:
2.5	  282.90887
2.6	  224.67296
2.7	  178.46729
2.8	  141.73323
2.9	  112.58278
3.0	  89.45293
3.1	  71.03287
3.2	  56.414143
3.3	  44.802513
3.4	  35.566006
3.5	  28.243994
3.6	  22.437544
3.7	  17.814083
3.8	  14.121154
3.9	  11.209201
4.0	  8.892041
4.1	  7.068018
4.2	  5.6088758
4.3	  4.4408875
4.4	  3.5190828
4.5	  2.784852
4.6	  2.2082543
4.7	  1.7487278
4.8	  1.3829882
4.9	  1.0964202
5.0	  0.8666272
5.1	  0.6836686
5.2	  0.5350296
5.3	  0.4206509
5.4	  0.32994083
5.5	  0.25878698
5.6	  0.20142011
5.7	  0.15381657
5.8	  0.11698225
5.9	  0.087928995
6.0	  0.06668639
6.1	  0.048757397
6.2	  0.03183432
6.3	  0.024378698
6.4	  0.018431952
6.5	  0.014142012
6.6	  0.01204142
6.7	  0.009911243
6.8	  0.008224852
6.9	  0.0065088756
7.0	  0.005
7.1	  0.0043786983
7.2	  0.003668639
7.3	  0.0024556213
7.4	  0.0022781065
7.5	  0.0018047338
7.6	  8.5798814E-4
7.7	  1.775148E-4
7.8	  1.18343196E-4
7.9	  5.9171598E-5
8.0	  0.0
8.1	  0.0
8.2	  0.0
8.3	  0.0
8.4	  0.0
8.5	  0.0
8.6	  0.0
8.7	  0.0
8.8	  0.0
8.9	  0.0
9.0	  0.0



DATASET #2

     Name: 2.5%,97.5%
   Points: 66
     Info: 

Data[x,y]:
2.5	  234.0
2.6	  183.0
2.7	  143.0
2.8	  111.0
2.9	  86.0
3.0	  67.0
3.1	  51.0
3.2	  39.0
3.3	  30.0
3.4	  23.0
3.5	  17.0
3.6	  13.0
3.7	  9.0
3.8	  7.0
3.9	  5.0
4.0	  3.0
4.1	  2.0
4.2	  1.0
4.3	  1.0
4.4	  0.0
4.5	  0.0
4.6	  0.0
4.7	  0.0
4.8	  0.0
4.9	  0.0
5.0	  0.0
5.1	  0.0
5.2	  0.0
5.3	  0.0
5.4	  0.0
5.5	  0.0
5.6	  0.0
5.7	  0.0
5.8	  0.0
5.9	  0.0
6.0	  0.0
6.1	  0.0
6.2	  0.0
6.3	  0.0
6.4	  0.0
6.5	  0.0
6.6	  0.0
6.7	  0.0
6.8	  0.0
6.9	  0.0
7.0	  0.0
7.1	  0.0
7.2	  0.0
7.3	  0.0
7.4	  0.0
7.5	  0.0
7.6	  0.0
7.7	  0.0
7.8	  0.0
7.9	  0.0
8.0	  0.0
8.1	  0.0
8.2	  0.0
8.3	  0.0
8.4	  0.0
8.5	  0.0
8.6	  0.0
8.7	  0.0
8.8	  0.0
8.9	  0.0
9.0	  0.0



DATASET #3

     Name: null
   Points: 66
     Info: 

Data[x,y]:
2.5	  364.0
2.6	  291.0
2.7	  232.0
2.8	  186.0
2.9	  149.0
3.0	  120.0
3.1	  97.0
3.2	  78.0
3.3	  64.0
3.4	  52.0
3.5	  42.0
3.6	  35.0
3.7	  29.0
3.8	  24.0
3.9	  20.0
4.0	  16.0
4.1	  14.0
4.2	  11.0
4.3	  10.0
4.4	  8.0
4.5	  7.0
4.6	  6.0
4.7	  5.0
4.8	  4.0
4.9	  4.0
5.0	  3.0
5.1	  3.0
5.2	  2.0
5.3	  2.0
5.4	  2.0
5.5	  2.0
5.6	  1.0
5.7	  1.0
5.8	  1.0
5.9	  1.0
6.0	  1.0
6.1	  1.0
6.2	  1.0
6.3	  0.0
6.4	  0.0
6.5	  0.0
6.6	  0.0
6.7	  0.0
6.8	  0.0
6.9	  0.0
7.0	  0.0
7.1	  0.0
7.2	  0.0
7.3	  0.0
7.4	  0.0
7.5	  0.0
7.6	  0.0
7.7	  0.0
7.8	  0.0
7.9	  0.0
8.0	  0.0
8.1	  0.0
8.2	  0.0
8.3	  0.0
8.4	  0.0
8.5	  0.0
8.6	  0.0
8.7	  0.0
8.8	  0.0
8.9	  0.0
9.0	  0.0



DATASET #4

     Name: Median
   Points: 66
     Info: 

Data[x,y]:
2.5	  272.0
2.6	  216.0
2.7	  172.0
2.8	  137.0
2.9	  109.0
3.0	  86.0
3.1	  68.0
3.2	  54.0
3.3	  43.0
3.4	  34.0
3.5	  27.0
3.6	  22.0
3.7	  17.0
3.8	  14.0
3.9	  11.0
4.0	  8.0
4.1	  7.0
4.2	  5.0
4.3	  4.0
4.4	  3.0
4.5	  2.0
4.6	  2.0
4.7	  1.0
4.8	  1.0
4.9	  1.0
5.0	  1.0
5.1	  0.0
5.2	  0.0
5.3	  0.0
5.4	  0.0
5.5	  0.0
5.6	  0.0
5.7	  0.0
5.8	  0.0
5.9	  0.0
6.0	  0.0
6.1	  0.0
6.2	  0.0
6.3	  0.0
6.4	  0.0
6.5	  0.0
6.6	  0.0
6.7	  0.0
6.8	  0.0
6.9	  0.0
7.0	  0.0
7.1	  0.0
7.2	  0.0
7.3	  0.0
7.4	  0.0
7.5	  0.0
7.6	  0.0
7.7	  0.0
7.8	  0.0
7.9	  0.0
8.0	  0.0
8.1	  0.0
8.2	  0.0
8.3	  0.0
8.4	  0.0
8.5	  0.0
8.6	  0.0
8.7	  0.0
8.8	  0.0
8.9	  0.0
9.0	  0.0



DATASET #5

     Name: Mode
   Points: 66
     Info: 

Data[x,y]:
2.5	  271.0
2.6	  211.0
2.7	  174.0
2.8	  134.0
2.9	  106.0
3.0	  86.0
3.1	  67.0
3.2	  53.0
3.3	  42.0
3.4	  33.0
3.5	  26.0
3.6	  21.0
3.7	  17.0
3.8	  13.0
3.9	  11.0
4.0	  8.0
4.1	  6.0
4.2	  5.0
4.3	  4.0
4.4	  3.0
4.5	  2.0
4.6	  2.0
4.7	  1.0
4.8	  1.0
4.9	  0.0
5.0	  0.0
5.1	  0.0
5.2	  0.0
5.3	  0.0
5.4	  0.0
5.5	  0.0
5.6	  0.0
5.7	  0.0
5.8	  0.0
5.9	  0.0
6.0	  0.0
6.1	  0.0
6.2	  0.0
6.3	  0.0
6.4	  0.0
6.5	  0.0
6.6	  0.0
6.7	  0.0
6.8	  0.0
6.9	  0.0
7.0	  0.0
7.1	  0.0
7.2	  0.0
7.3	  0.0
7.4	  0.0
7.5	  0.0
7.6	  0.0
7.7	  0.0
7.8	  0.0
7.9	  0.0
8.0	  0.0
8.1	  0.0
8.2	  0.0
8.3	  0.0
8.4	  0.0
8.5	  0.0
8.6	  0.0
8.7	  0.0
8.8	  0.0
8.9	  0.0
9.0	  0.0



DATASET #6

     Name: 1 mo Prob
   Points: 66
     Info: 

Data[x,y]:
2.5	  1.0
2.6	  1.0
2.7	  1.0
2.8	  1.0
2.9	  1.0
3.0	  1.0
3.1	  1.0
3.2	  1.0
3.3	  1.0
3.4	  1.0
3.5	  1.0
3.6	  1.0
3.7	  1.0
3.8	  1.0
3.9	  1.0
4.0	  0.9997929
4.1	  0.9983728
4.2	  0.99446744
4.3	  0.9822781
4.4	  0.95994085
4.5	  0.9216272
4.6	  0.8683432
4.7	  0.80032545
4.8	  0.7225444
4.9	  0.6412426
5.0	  0.5564497
5.1	  0.47263312
5.2	  0.39423078
5.3	  0.32668638
5.4	  0.26863906
5.5	  0.21781065
5.6	  0.1739645
5.7	  0.1360651
5.8	  0.10585799
5.9	  0.08127219
6.0	  0.06224852
6.1	  0.045946747
6.2	  0.030355029
6.3	  0.02331361
6.4	  0.01760355
6.5	  0.013639053
6.6	  0.011745562
6.7	  0.009733728
6.8	  0.008136095
6.9	  0.006449704
7.0	  0.0049408283
7.1	  0.0043195267
7.2	  0.0036390533
7.3	  0.0024260355
7.4	  0.0022485207
7.5	  0.001775148
7.6	  8.2840235E-4
7.7	  1.775148E-4
7.8	  1.18343196E-4
7.9	  5.9171598E-5
8.0	  0.0
8.1	  0.0
8.2	  0.0
8.3	  0.0
8.4	  0.0
8.5	  0.0
8.6	  0.0
8.7	  0.0
8.8	  0.0
8.9	  0.0
9.0	  0.0



DATASET #7

Name: 95% Conf
Num Points: 66
Info: 

X, Y Data:
2.5	1.0	[1.0	1.0]
2.6	1.0	[1.0	1.0]
2.7	1.0	[1.0	1.0]
2.8	1.0	[1.0	1.0]
2.9	1.0	[1.0	1.0]
3.0	1.0	[1.0	1.0]
3.1	1.0	[1.0	1.0]
3.2	1.0	[1.0	1.0]
3.3	1.0	[1.0	1.0]
3.4	1.0	[1.0	1.0]
3.5	1.0	[1.0	1.0]
3.6	1.0	[1.0	1.0]
3.7	1.0	[1.0	1.0]
3.8	1.0	[1.0	1.0]
3.9	1.0	[1.0	1.0]
4.0	0.9997929	[0.99955267	0.9999092]
4.1	0.9983728	[0.99786603	0.99876237]
4.2	0.99446744	[0.9936027	0.99521774]
4.3	0.9822781	[0.98080033	0.9836451]
4.4	0.95994085	[0.95778227	0.9619941]
4.5	0.9216272	[0.9186988	0.9244593]
4.6	0.8683432	[0.86468166	0.87192065]
4.7	0.80032545	[0.7960147	0.8045677]
4.8	0.7225444	[0.71773106	0.72730696]
4.9	0.6412426	[0.63609856	0.64635444]
5.0	0.5564497	[0.5511324	0.56175417]
5.1	0.47263312	[0.46729925	0.47797325]
5.2	0.39423078	[0.38901845	0.3994672]
5.3	0.32668638	[0.32169157	0.3317207]
5.4	0.26863906	[0.2639253	0.27340552]
5.5	0.21781065	[0.21342775	0.2222579]
5.6	0.1739645	[0.1699456	0.17805777]
5.7	0.1360651	[0.13243659	0.13977663]
5.8	0.10585799	[0.10260815	0.10919781]
5.9	0.08127219	[0.07839186	0.08424818]
6.0	0.06224852	[0.059707664	0.064889446]
6.1	0.045946747	[0.04375134	0.048246037]
6.2	0.030355029	[0.028564343	0.032253325]
6.3	0.02331361	[0.02174395	0.02499261]
6.4	0.01760355	[0.01624119	0.01907671]
6.5	0.013639053	[0.012442491	0.0149474805]
6.6	0.011745562	[0.010637097	0.012966429]
6.7	0.009733728	[0.008727338	0.010853122]
6.8	0.008136095	[0.0072187823	0.009166925]
6.9	0.006449704	[0.0056367605	0.0073767663]
7.0	0.0049408283	[0.004233818	0.00576258]
7.1	0.0043195267	[0.0036608707	0.0050932206]
7.2	0.0036390533	[0.0030375808	0.004355932]
7.3	0.0024260355	[0.0019419009	0.003026434]
7.4	0.0022485207	[0.0017838549	0.0028296127]
7.5	0.001775148	[0.0013665244	0.002300715]
7.6	8.2840235E-4	[5.611388E-4	0.0012145021]
7.7	1.775148E-4	[7.216194E-5	4.0746384E-4]
7.8	1.18343196E-4	[3.7910337E-5	3.2542393E-4]
7.9	5.9171598E-5	[1.0248888E-5	2.3863335E-4]
8.0	0.0	[0.0	1.4168199E-4]
8.1	0.0	[0.0	1.4168199E-4]
8.2	0.0	[0.0	1.4168199E-4]
8.3	0.0	[0.0	1.4168199E-4]
8.4	0.0	[0.0	0.0]
8.5	0.0	[0.0	0.0]
8.6	0.0	[0.0	0.0]
8.7	0.0	[0.0	0.0]
8.8	0.0	[0.0	0.0]
8.9	0.0	[0.0	0.0]
9.0	0.0	[0.0	0.0]



DATASET #8

     Name: Supra
   Points: 66
     Info: 

Data[x,y]:
2.5	  0.022278106
2.6	  0.022278106
2.7	  0.022278106
2.8	  0.022278106
2.9	  0.022278106
3.0	  0.022278106
3.1	  0.022278106
3.2	  0.022278106
3.3	  0.022278106
3.4	  0.022278106
3.5	  0.022278106
3.6	  0.022278106
3.7	  0.022278106
3.8	  0.022278106
3.9	  0.022278106
4.0	  0.022278106
4.1	  0.022278106
4.2	  0.022278106
4.3	  0.022278106
4.4	  0.022278106
4.5	  0.022278106
4.6	  0.022278106
4.7	  0.022278106
4.8	  0.022278106
4.9	  0.022278106
5.0	  0.022278106
5.1	  0.022278106
5.2	  0.022278106
5.3	  0.022278106
5.4	  0.022278106
5.5	  0.022278106
5.6	  0.022278106
5.7	  0.022278106
5.8	  0.022278106
5.9	  0.022278106
6.0	  0.022278106
6.1	  0.019615384
6.2	  0.015414201
6.3	  0.013076923
6.4	  0.011301775
6.5	  0.009674557
6.6	  0.009230769
6.7	  0.008136095
6.8	  0.0070414203
6.9	  0.0058284025
7.0	  0.004585799
7.1	  0.004112426
7.2	  0.0034319526
7.3	  0.002337278
7.4	  0.0021893492
7.5	  0.0017455622
7.6	  8.2840235E-4
7.7	  1.775148E-4
7.8	  1.18343196E-4
7.9	  5.9171598E-5
8.0	  0.0
8.1	  0.0
8.2	  0.0
8.3	  0.0
8.4	  0.0
8.5	  0.0
8.6	  0.0
8.7	  0.0
8.8	  0.0
8.9	  0.0
9.0	  0.0



DATASET #9

     Name: Primary
   Points: 66
     Info: 

Data[x,y]:
2.5	  246.52982
2.6	  195.77461
2.7	  155.51175
2.8	  123.51538
2.9	  98.11435
3.0	  77.95094
3.1	  61.896862
3.2	  49.157516
3.3	  39.04
3.4	  30.989674
3.5	  24.61364
3.6	  19.559023
3.7	  15.531716
3.8	  12.309172
3.9	  9.773639
4.0	  7.751302
4.1	  6.158876
4.2	  4.888284
4.3	  3.8719823
4.4	  3.0719526
4.5	  2.4286687
4.6	  1.926213
4.7	  1.5244379
4.8	  1.2047633
4.9	  0.9535503
5.0	  0.7539645
5.1	  0.5950296
5.2	  0.46612427
5.3	  0.36639053
5.4	  0.28807694
5.5	  0.22591716
5.6	  0.1762426
5.7	  0.13455622
5.8	  0.10224852
5.9	  0.07674556
6.0	  0.058136094
6.1	  0.042573966
6.2	  0.027485207
6.3	  0.021153847
6.4	  0.01571006
6.5	  0.01204142
6.6	  0.010266272
6.7	  0.008402367
6.8	  0.0071893493
6.9	  0.0056508877
7.0	  0.0043491125
7.1	  0.003816568
7.2	  0.0031656804
7.3	  0.0021005918
7.4	  0.0020118344
7.5	  0.0015680473
7.6	  6.804734E-4
7.7	  1.18343196E-4
7.8	  8.87574E-5
7.9	  5.9171598E-5
8.0	  0.0
8.1	  0.0
8.2	  0.0
8.3	  0.0
8.4	  0.0
8.5	  0.0
8.6	  0.0
8.7	  0.0
8.8	  0.0
8.9	  0.0
9.0	  0.0


