
X-Axis: Magnitude
Y-Axis: 1 Month Cumulative Number
Number of Data Sets: 9


DATASET #1

     Name: Mean
   Points: 66
     Info: 

Data[x,y]:
2.5	  19.483639
2.6	  15.479982
2.7	  12.302612
2.8	  9.774162
2.9	  7.7728467
3.0	  6.1783423
3.1	  4.901225
3.2	  3.8985226
3.3	  3.0983424
3.4	  2.4633334
3.5	  1.956937
3.6	  1.5546306
3.7	  1.2369369
3.8	  0.98645043
3.9	  0.7847387
4.0	  0.6263063
4.1	  0.5018018
4.2	  0.39942342
4.3	  0.31834233
4.4	  0.25463063
4.5	  0.20367567
4.6	  0.16227026
4.7	  0.13023424
4.8	  0.104900904
4.9	  0.08554955
5.0	  0.06945946
5.1	  0.057405405
5.2	  0.047657657
5.3	  0.038972974
5.4	  0.032702703
5.5	  0.027765766
5.6	  0.023531532
5.7	  0.020396397
5.8	  0.017603604
5.9	  0.015279279
6.0	  0.013873874
6.1	  0.011873874
6.2	  0.009675676
6.3	  0.0075135133
6.4	  0.0056576575
6.5	  0.004018018
6.6	  0.0020900902
6.7	  0.0018738739
6.8	  0.0015495495
6.9	  0.0012972973
7.0	  0.0010450451
7.1	  6.4864865E-4
7.2	  4.6846847E-4
7.3	  1.6216216E-4
7.4	  7.207207E-5
7.5	  5.4054053E-5
7.6	  1.8018018E-5
7.7	  0.0
7.8	  0.0
7.9	  0.0
8.0	  0.0
8.1	  0.0
8.2	  0.0
8.3	  0.0
8.4	  0.0
8.5	  0.0
8.6	  0.0
8.7	  0.0
8.8	  0.0
8.9	  0.0
9.0	  0.0



DATASET #2

     Name: 2.5%,97.5%
   Points: 66
     Info: 

Data[x,y]:
2.5	  3.0
2.6	  2.0
2.7	  1.0
2.8	  1.0
2.9	  0.0
3.0	  0.0
3.1	  0.0
3.2	  0.0
3.3	  0.0
3.4	  0.0
3.5	  0.0
3.6	  0.0
3.7	  0.0
3.8	  0.0
3.9	  0.0
4.0	  0.0
4.1	  0.0
4.2	  0.0
4.3	  0.0
4.4	  0.0
4.5	  0.0
4.6	  0.0
4.7	  0.0
4.8	  0.0
4.9	  0.0
5.0	  0.0
5.1	  0.0
5.2	  0.0
5.3	  0.0
5.4	  0.0
5.5	  0.0
5.6	  0.0
5.7	  0.0
5.8	  0.0
5.9	  0.0
6.0	  0.0
6.1	  0.0
6.2	  0.0
6.3	  0.0
6.4	  0.0
6.5	  0.0
6.6	  0.0
6.7	  0.0
6.8	  0.0
6.9	  0.0
7.0	  0.0
7.1	  0.0
7.2	  0.0
7.3	  0.0
7.4	  0.0
7.5	  0.0
7.6	  0.0
7.7	  0.0
7.8	  0.0
7.9	  0.0
8.0	  0.0
8.1	  0.0
8.2	  0.0
8.3	  0.0
8.4	  0.0
8.5	  0.0
8.6	  0.0
8.7	  0.0
8.8	  0.0
8.9	  0.0
9.0	  0.0



DATASET #3

     Name: null
   Points: 66
     Info: 

Data[x,y]:
2.5	  45.0
2.6	  36.0
2.7	  29.0
2.8	  23.0
2.9	  19.0
3.0	  16.0
3.1	  13.0
3.2	  11.0
3.3	  9.0
3.4	  8.0
3.5	  6.0
3.6	  5.0
3.7	  5.0
3.8	  4.0
3.9	  3.0
4.0	  3.0
4.1	  3.0
4.2	  2.0
4.3	  2.0
4.4	  2.0
4.5	  2.0
4.6	  1.0
4.7	  1.0
4.8	  1.0
4.9	  1.0
5.0	  1.0
5.1	  1.0
5.2	  1.0
5.3	  0.0
5.4	  0.0
5.5	  0.0
5.6	  0.0
5.7	  0.0
5.8	  0.0
5.9	  0.0
6.0	  0.0
6.1	  0.0
6.2	  0.0
6.3	  0.0
6.4	  0.0
6.5	  0.0
6.6	  0.0
6.7	  0.0
6.8	  0.0
6.9	  0.0
7.0	  0.0
7.1	  0.0
7.2	  0.0
7.3	  0.0
7.4	  0.0
7.5	  0.0
7.6	  0.0
7.7	  0.0
7.8	  0.0
7.9	  0.0
8.0	  0.0
8.1	  0.0
8.2	  0.0
8.3	  0.0
8.4	  0.0
8.5	  0.0
8.6	  0.0
8.7	  0.0
8.8	  0.0
8.9	  0.0
9.0	  0.0



DATASET #4

     Name: Median
   Points: 66
     Info: 

Data[x,y]:
2.5	  9.0
2.6	  7.0
2.7	  6.0
2.8	  5.0
2.9	  4.0
3.0	  3.0
3.1	  2.0
3.2	  2.0
3.3	  1.0
3.4	  1.0
3.5	  1.0
3.6	  0.0
3.7	  0.0
3.8	  0.0
3.9	  0.0
4.0	  0.0
4.1	  0.0
4.2	  0.0
4.3	  0.0
4.4	  0.0
4.5	  0.0
4.6	  0.0
4.7	  0.0
4.8	  0.0
4.9	  0.0
5.0	  0.0
5.1	  0.0
5.2	  0.0
5.3	  0.0
5.4	  0.0
5.5	  0.0
5.6	  0.0
5.7	  0.0
5.8	  0.0
5.9	  0.0
6.0	  0.0
6.1	  0.0
6.2	  0.0
6.3	  0.0
6.4	  0.0
6.5	  0.0
6.6	  0.0
6.7	  0.0
6.8	  0.0
6.9	  0.0
7.0	  0.0
7.1	  0.0
7.2	  0.0
7.3	  0.0
7.4	  0.0
7.5	  0.0
7.6	  0.0
7.7	  0.0
7.8	  0.0
7.9	  0.0
8.0	  0.0
8.1	  0.0
8.2	  0.0
8.3	  0.0
8.4	  0.0
8.5	  0.0
8.6	  0.0
8.7	  0.0
8.8	  0.0
8.9	  0.0
9.0	  0.0



DATASET #5

     Name: Mode
   Points: 66
     Info: 

Data[x,y]:
2.5	  8.0
2.6	  6.0
2.7	  5.0
2.8	  4.0
2.9	  3.0
3.0	  2.0
3.1	  1.0
3.2	  1.0
3.3	  1.0
3.4	  0.0
3.5	  0.0
3.6	  0.0
3.7	  0.0
3.8	  0.0
3.9	  0.0
4.0	  0.0
4.1	  0.0
4.2	  0.0
4.3	  0.0
4.4	  0.0
4.5	  0.0
4.6	  0.0
4.7	  0.0
4.8	  0.0
4.9	  0.0
5.0	  0.0
5.1	  0.0
5.2	  0.0
5.3	  0.0
5.4	  0.0
5.5	  0.0
5.6	  0.0
5.7	  0.0
5.8	  0.0
5.9	  0.0
6.0	  0.0
6.1	  0.0
6.2	  0.0
6.3	  0.0
6.4	  0.0
6.5	  0.0
6.6	  0.0
6.7	  0.0
6.8	  0.0
6.9	  0.0
7.0	  0.0
7.1	  0.0
7.2	  0.0
7.3	  0.0
7.4	  0.0
7.5	  0.0
7.6	  0.0
7.7	  0.0
7.8	  0.0
7.9	  0.0
8.0	  0.0
8.1	  0.0
8.2	  0.0
8.3	  0.0
8.4	  0.0
8.5	  0.0
8.6	  0.0
8.7	  0.0
8.8	  0.0
8.9	  0.0
9.0	  0.0



DATASET #6

     Name: 1 mo Prob
   Points: 66
     Info: 

Data[x,y]:
2.5	  0.9997117
2.6	  0.9979099
2.7	  0.9927748
2.8	  0.9816757
2.9	  0.9599459
3.0	  0.925027
3.1	  0.87410814
3.2	  0.8111351
3.3	  0.73945946
3.4	  0.6598018
3.5	  0.57922524
3.6	  0.4994955
3.7	  0.42610812
3.8	  0.36201802
3.9	  0.30275676
4.0	  0.25322524
4.1	  0.21115315
4.2	  0.1741081
4.3	  0.14315315
4.4	  0.11863063
4.5	  0.09796397
4.6	  0.08082883
4.7	  0.066522524
4.8	  0.055027027
4.9	  0.04598198
5.0	  0.0389009
5.1	  0.03362162
5.2	  0.028990991
5.3	  0.024774775
5.4	  0.021585586
5.5	  0.018936938
5.6	  0.016882883
5.7	  0.015225225
5.8	  0.013765765
5.9	  0.012378379
6.0	  0.011837838
6.1	  0.010252252
6.2	  0.008522523
6.3	  0.0067747748
6.4	  0.005153153
6.5	  0.0036936938
6.6	  0.001927928
6.7	  0.0017657657
6.8	  0.0014774775
6.9	  0.0012432432
7.0	  0.001009009
7.1	  6.3063065E-4
7.2	  4.6846847E-4
7.3	  1.6216216E-4
7.4	  7.207207E-5
7.5	  5.4054053E-5
7.6	  1.8018018E-5
7.7	  0.0
7.8	  0.0
7.9	  0.0
8.0	  0.0
8.1	  0.0
8.2	  0.0
8.3	  0.0
8.4	  0.0
8.5	  0.0
8.6	  0.0
8.7	  0.0
8.8	  0.0
8.9	  0.0
9.0	  0.0



DATASET #7

Name: 95% Conf
Num Points: 66
Info: 

X, Y Data:
2.5	0.9997117	[0.9995206	0.9998294]
2.6	0.9979099	[0.99748415	0.99826515]
2.7	0.9927748	[0.9920258	0.9934547]
2.8	0.9816757	[0.98051673	0.9827674]
2.9	0.9599459	[0.9582733	0.9615546]
3.0	0.925027	[0.9227974	0.9271976]
3.1	0.87410814	[0.8713132	0.876851]
3.2	0.8111351	[0.8078482	0.81437886]
3.3	0.73945946	[0.73578215	0.74310356]
3.4	0.6598018	[0.65584016	0.6637413]
3.5	0.57922524	[0.5751035	0.58333594]
3.6	0.4994955	[0.4953268	0.50366426]
3.7	0.42610812	[0.4219902	0.43023628]
3.8	0.36201802	[0.35802037	0.3660348]
3.9	0.30275676	[0.29893902	0.30660185]
4.0	0.25322524	[0.24961552	0.2568692]
4.1	0.21115315	[0.20776874	0.21457766]
4.2	0.1741081	[0.17096688	0.17729457]
4.3	0.14315315	[0.14025511	0.14610076]
4.4	0.11863063	[0.115957856	0.121356376]
4.5	0.09796397	[0.09550964	0.10047414]
4.6	0.08082883	[0.07858111	0.0831348]
4.7	0.066522524	[0.064470276	0.06863503]
4.8	0.055027027	[0.053151604	0.056964338]
4.9	0.04598198	[0.044261802	0.047765337]
5.0	0.0389009	[0.03731503	0.04055096]
5.1	0.03362162	[0.03214513	0.035163056]
5.2	0.028990991	[0.027618567	0.030429037]
5.3	0.024774775	[0.02350531	0.026110481]
5.4	0.021585586	[0.020400451	0.02283744]
5.5	0.018936938	[0.01782704	0.020113954]
5.6	0.016882883	[0.015835255	0.017997948]
5.7	0.015225225	[0.014230818	0.016287332]
5.8	0.013765765	[0.01282078	0.014778684]
5.9	0.012378379	[0.011482972	0.013341946]
6.0	0.011837838	[0.010962523	0.012781403]
6.1	0.010252252	[0.009438776	0.01113425]
6.2	0.008522523	[0.0077824243	0.009331455]
6.3	0.0067747748	[0.006117059	0.0075016664]
6.4	0.005153153	[0.0045822533	0.005793587]
6.5	0.0036936938	[0.0032137944	0.004243518]
6.6	0.001927928	[0.0015876768	0.00233882]
6.7	0.0017657657	[0.001441147	0.0021611236]
6.8	0.0014774775	[0.0011825381	0.0018433597]
6.9	0.0012432432	[9.7462686E-4	0.0015830077]
7.0	0.001009009	[7.6932646E-4	0.0013201011]
7.1	6.3063065E-4	[4.4596547E-4	8.8736333E-4]
7.2	4.6846847E-4	[3.1242624E-4	6.970573E-4]
7.3	1.6216216E-4	[7.914215E-5	3.1996786E-4]
7.4	7.207207E-5	[2.3087578E-5	1.9819668E-4]
7.5	5.4054053E-5	[1.3960076E-5	1.7224305E-4]
7.6	1.8018018E-5	[9.4051586E-7	1.1702189E-4]
7.7	0.0	[0.0	8.628948E-5]
7.8	0.0	[0.0	8.628948E-5]
7.9	0.0	[0.0	8.628948E-5]
8.0	0.0	[0.0	8.628948E-5]
8.1	0.0	[0.0	8.628948E-5]
8.2	0.0	[0.0	8.628948E-5]
8.3	0.0	[0.0	8.628948E-5]
8.4	0.0	[0.0	0.0]
8.5	0.0	[0.0	0.0]
8.6	0.0	[0.0	0.0]
8.7	0.0	[0.0	0.0]
8.8	0.0	[0.0	0.0]
8.9	0.0	[0.0	0.0]
9.0	0.0	[0.0	0.0]



DATASET #8

     Name: Supra
   Points: 66
     Info: 

Data[x,y]:
2.5	  0.0115675675
2.6	  0.0115675675
2.7	  0.0115675675
2.8	  0.0115675675
2.9	  0.0115675675
3.0	  0.0115675675
3.1	  0.0115675675
3.2	  0.0115675675
3.3	  0.0115675675
3.4	  0.0115675675
3.5	  0.0115675675
3.6	  0.0115675675
3.7	  0.0115675675
3.8	  0.0115675675
3.9	  0.0115675675
4.0	  0.0115675675
4.1	  0.0115675675
4.2	  0.0115675675
4.3	  0.0115675675
4.4	  0.0115675675
4.5	  0.0115675675
4.6	  0.0115675675
4.7	  0.0115675675
4.8	  0.0115675675
4.9	  0.0115675675
5.0	  0.0115675675
5.1	  0.0115675675
5.2	  0.0115675675
5.3	  0.0115675675
5.4	  0.0115675675
5.5	  0.0115675675
5.6	  0.0115675675
5.7	  0.0115675675
5.8	  0.0115675675
5.9	  0.011549549
6.0	  0.011387387
6.1	  0.01
6.2	  0.008396396
6.3	  0.006666667
6.4	  0.005045045
6.5	  0.0036576577
6.6	  0.0019099099
6.7	  0.0017477478
6.8	  0.0014594594
6.9	  0.0012252253
7.0	  9.90991E-4
7.1	  6.3063065E-4
7.2	  4.6846847E-4
7.3	  1.6216216E-4
7.4	  7.207207E-5
7.5	  5.4054053E-5
7.6	  1.8018018E-5
7.7	  0.0
7.8	  0.0
7.9	  0.0
8.0	  0.0
8.1	  0.0
8.2	  0.0
8.3	  0.0
8.4	  0.0
8.5	  0.0
8.6	  0.0
8.7	  0.0
8.8	  0.0
8.9	  0.0
9.0	  0.0



DATASET #9

     Name: Primary
   Points: 66
     Info: 

Data[x,y]:
2.5	  7.7664146
2.6	  6.1721263
2.7	  4.9068646
2.8	  3.901856
2.9	  3.1083603
3.0	  2.4762163
3.1	  1.968072
3.2	  1.567946
3.3	  1.247982
3.4	  0.99315315
3.5	  0.7888108
3.6	  0.6256216
3.7	  0.49605405
3.8	  0.39706308
3.9	  0.3156937
4.0	  0.25396398
4.1	  0.2045045
4.2	  0.16318919
4.3	  0.13100901
4.4	  0.10536937
4.5	  0.08508108
4.6	  0.06926126
4.7	  0.05618018
4.8	  0.045675676
4.9	  0.0376036
5.0	  0.03135135
5.1	  0.026792793
5.2	  0.022900902
5.3	  0.01944144
5.4	  0.016756756
5.5	  0.014630631
5.6	  0.013027027
5.7	  0.011693694
5.8	  0.010522523
5.9	  0.009513513
6.0	  0.009045045
6.1	  0.007747748
6.2	  0.0063243243
6.3	  0.004954955
6.4	  0.0036036037
6.5	  0.0025765765
6.6	  0.0013333333
6.7	  0.0012072072
6.8	  9.90991E-4
6.9	  8.1081083E-4
7.0	  6.4864865E-4
7.1	  3.6036037E-4
7.2	  2.5225224E-4
7.3	  9.009009E-5
7.4	  5.4054053E-5
7.5	  3.6036035E-5
7.6	  0.0
7.7	  0.0
7.8	  0.0
7.9	  0.0
8.0	  0.0
8.1	  0.0
8.2	  0.0
8.3	  0.0
8.4	  0.0
8.5	  0.0
8.6	  0.0
8.7	  0.0
8.8	  0.0
8.9	  0.0
9.0	  0.0


