
X-Axis: Magnitude
Y-Axis: 1 Year Cumulative Number
Number of Data Sets: 9


DATASET #1

     Name: Mean
   Points: 66
     Info: 

Data[x,y]:
2.5	  33.299316
2.6	  26.457455
2.7	  21.02487
2.8	  16.700348
2.9	  13.271382
3.0	  10.544961
3.1	  8.369445
3.2	  6.6482687
3.3	  5.2815375
3.4	  4.196137
3.5	  3.3374805
3.6	  2.6500258
3.7	  2.107416
3.8	  1.6781008
3.9	  1.3360853
4.0	  1.0650904
4.1	  0.8504264
4.2	  0.6763566
4.3	  0.5398708
4.4	  0.43091732
4.5	  0.34426355
4.6	  0.27452198
4.7	  0.22021964
4.8	  0.17711887
4.9	  0.14231266
5.0	  0.11479328
5.1	  0.09427649
5.2	  0.076847546
5.3	  0.062312663
5.4	  0.05139535
5.5	  0.043255813
5.6	  0.03629199
5.7	  0.030645994
5.8	  0.026111111
5.9	  0.022312662
6.0	  0.0200646
6.1	  0.016963825
6.2	  0.013682171
6.3	  0.010788114
6.4	  0.008139535
6.5	  0.005788114
6.6	  0.0032816539
6.7	  0.0030103358
6.8	  0.00248062
6.9	  0.0019509044
7.0	  0.001614987
7.1	  9.819121E-4
7.2	  6.976744E-4
7.3	  3.100775E-4
7.4	  1.9379845E-4
7.5	  1.6795866E-4
7.6	  7.751938E-5
7.7	  6.459948E-5
7.8	  6.459948E-5
7.9	  6.459948E-5
8.0	  2.5839794E-5
8.1	  2.5839794E-5
8.2	  1.2919897E-5
8.3	  0.0
8.4	  0.0
8.5	  0.0
8.6	  0.0
8.7	  0.0
8.8	  0.0
8.9	  0.0
9.0	  0.0



DATASET #2

     Name: 2.5%,97.5%
   Points: 66
     Info: 

Data[x,y]:
2.5	  5.0
2.6	  3.0
2.7	  2.0
2.8	  1.0
2.9	  1.0
3.0	  0.0
3.1	  0.0
3.2	  0.0
3.3	  0.0
3.4	  0.0
3.5	  0.0
3.6	  0.0
3.7	  0.0
3.8	  0.0
3.9	  0.0
4.0	  0.0
4.1	  0.0
4.2	  0.0
4.3	  0.0
4.4	  0.0
4.5	  0.0
4.6	  0.0
4.7	  0.0
4.8	  0.0
4.9	  0.0
5.0	  0.0
5.1	  0.0
5.2	  0.0
5.3	  0.0
5.4	  0.0
5.5	  0.0
5.6	  0.0
5.7	  0.0
5.8	  0.0
5.9	  0.0
6.0	  0.0
6.1	  0.0
6.2	  0.0
6.3	  0.0
6.4	  0.0
6.5	  0.0
6.6	  0.0
6.7	  0.0
6.8	  0.0
6.9	  0.0
7.0	  0.0
7.1	  0.0
7.2	  0.0
7.3	  0.0
7.4	  0.0
7.5	  0.0
7.6	  0.0
7.7	  0.0
7.8	  0.0
7.9	  0.0
8.0	  0.0
8.1	  0.0
8.2	  0.0
8.3	  0.0
8.4	  0.0
8.5	  0.0
8.6	  0.0
8.7	  0.0
8.8	  0.0
8.9	  0.0
9.0	  0.0



DATASET #3

     Name: null
   Points: 66
     Info: 

Data[x,y]:
2.5	  87.0
2.6	  69.0
2.7	  56.0
2.8	  45.0
2.9	  36.0
3.0	  29.0
3.1	  24.0
3.2	  19.0
3.3	  16.0
3.4	  13.0
3.5	  10.0
3.6	  9.0
3.7	  7.0
3.8	  6.0
3.9	  5.0
4.0	  4.0
4.1	  4.0
4.2	  3.0
4.3	  3.0
4.4	  2.0
4.5	  2.0
4.6	  2.0
4.7	  2.0
4.8	  1.0
4.9	  1.0
5.0	  1.0
5.1	  1.0
5.2	  1.0
5.3	  1.0
5.4	  1.0
5.5	  0.0
5.6	  0.0
5.7	  0.0
5.8	  0.0
5.9	  0.0
6.0	  0.0
6.1	  0.0
6.2	  0.0
6.3	  0.0
6.4	  0.0
6.5	  0.0
6.6	  0.0
6.7	  0.0
6.8	  0.0
6.9	  0.0
7.0	  0.0
7.1	  0.0
7.2	  0.0
7.3	  0.0
7.4	  0.0
7.5	  0.0
7.6	  0.0
7.7	  0.0
7.8	  0.0
7.9	  0.0
8.0	  0.0
8.1	  0.0
8.2	  0.0
8.3	  0.0
8.4	  0.0
8.5	  0.0
8.6	  0.0
8.7	  0.0
8.8	  0.0
8.9	  0.0
9.0	  0.0



DATASET #4

     Name: Median
   Points: 66
     Info: 

Data[x,y]:
2.5	  13.0
2.6	  10.0
2.7	  8.0
2.8	  6.0
2.9	  5.0
3.0	  4.0
3.1	  3.0
3.2	  2.0
3.3	  2.0
3.4	  1.0
3.5	  1.0
3.6	  1.0
3.7	  1.0
3.8	  0.0
3.9	  0.0
4.0	  0.0
4.1	  0.0
4.2	  0.0
4.3	  0.0
4.4	  0.0
4.5	  0.0
4.6	  0.0
4.7	  0.0
4.8	  0.0
4.9	  0.0
5.0	  0.0
5.1	  0.0
5.2	  0.0
5.3	  0.0
5.4	  0.0
5.5	  0.0
5.6	  0.0
5.7	  0.0
5.8	  0.0
5.9	  0.0
6.0	  0.0
6.1	  0.0
6.2	  0.0
6.3	  0.0
6.4	  0.0
6.5	  0.0
6.6	  0.0
6.7	  0.0
6.8	  0.0
6.9	  0.0
7.0	  0.0
7.1	  0.0
7.2	  0.0
7.3	  0.0
7.4	  0.0
7.5	  0.0
7.6	  0.0
7.7	  0.0
7.8	  0.0
7.9	  0.0
8.0	  0.0
8.1	  0.0
8.2	  0.0
8.3	  0.0
8.4	  0.0
8.5	  0.0
8.6	  0.0
8.7	  0.0
8.8	  0.0
8.9	  0.0
9.0	  0.0



DATASET #5

     Name: Mode
   Points: 66
     Info: 

Data[x,y]:
2.5	  10.0
2.6	  8.0
2.7	  6.0
2.8	  5.0
2.9	  4.0
3.0	  3.0
3.1	  2.0
3.2	  1.0
3.3	  1.0
3.4	  1.0
3.5	  0.0
3.6	  0.0
3.7	  0.0
3.8	  0.0
3.9	  0.0
4.0	  0.0
4.1	  0.0
4.2	  0.0
4.3	  0.0
4.4	  0.0
4.5	  0.0
4.6	  0.0
4.7	  0.0
4.8	  0.0
4.9	  0.0
5.0	  0.0
5.1	  0.0
5.2	  0.0
5.3	  0.0
5.4	  0.0
5.5	  0.0
5.6	  0.0
5.7	  0.0
5.8	  0.0
5.9	  0.0
6.0	  0.0
6.1	  0.0
6.2	  0.0
6.3	  0.0
6.4	  0.0
6.5	  0.0
6.6	  0.0
6.7	  0.0
6.8	  0.0
6.9	  0.0
7.0	  0.0
7.1	  0.0
7.2	  0.0
7.3	  0.0
7.4	  0.0
7.5	  0.0
7.6	  0.0
7.7	  0.0
7.8	  0.0
7.9	  0.0
8.0	  0.0
8.1	  0.0
8.2	  0.0
8.3	  0.0
8.4	  0.0
8.5	  0.0
8.6	  0.0
8.7	  0.0
8.8	  0.0
8.9	  0.0
9.0	  0.0



DATASET #6

     Name: 1 yr Prob
   Points: 66
     Info: 

Data[x,y]:
2.5	  0.9999483
2.6	  0.9995866
2.7	  0.99819124
2.8	  0.99392766
2.9	  0.98344964
3.0	  0.9635401
3.1	  0.9292894
3.2	  0.8805297
3.3	  0.820155
3.4	  0.7487597
3.5	  0.6704522
3.6	  0.5896899
3.7	  0.51217055
3.8	  0.44069767
3.9	  0.37365633
4.0	  0.31614986
4.1	  0.26576227
4.2	  0.2205168
4.3	  0.18326874
4.4	  0.15217054
4.5	  0.12638243
4.6	  0.10426357
4.7	  0.08664083
4.8	  0.072080106
4.9	  0.06005168
5.0	  0.050633077
5.1	  0.04351421
5.2	  0.03750646
5.3	  0.03210594
5.4	  0.028049096
5.5	  0.02489664
5.6	  0.022325581
5.7	  0.020219639
5.8	  0.018397933
5.9	  0.016666668
6.0	  0.015813954
6.1	  0.013798449
6.2	  0.011382429
6.3	  0.009121447
6.4	  0.0068992246
6.5	  0.0049741603
6.6	  0.0028552972
6.7	  0.0026614987
6.8	  0.0022093023
6.9	  0.0017958656
7.0	  0.0015374677
7.1	  9.4315247E-4
7.2	  6.976744E-4
7.3	  3.100775E-4
7.4	  1.9379845E-4
7.5	  1.6795866E-4
7.6	  7.751938E-5
7.7	  6.459948E-5
7.8	  6.459948E-5
7.9	  6.459948E-5
8.0	  2.5839794E-5
8.1	  2.5839794E-5
8.2	  1.2919897E-5
8.3	  0.0
8.4	  0.0
8.5	  0.0
8.6	  0.0
8.7	  0.0
8.8	  0.0
8.9	  0.0
9.0	  0.0



DATASET #7

Name: 95% Conf
Num Points: 66
Info: 

X, Y Data:
2.5	0.9999483	[0.9998579	0.99998343]
2.6	0.9995866	[0.99940884	0.99971247]
2.7	0.99819124	[0.9978591	0.9984728]
2.8	0.99392766	[0.99334854	0.9944572]
2.9	0.98344964	[0.98251987	0.984331]
3.0	0.9635401	[0.96218985	0.96484405]
3.1	0.9292894	[0.92745554	0.9310805]
3.2	0.8805297	[0.8782193	0.88280225]
3.3	0.820155	[0.817427	0.82285124]
3.4	0.7487597	[0.7456853	0.75180936]
3.5	0.6704522	[0.6671258	0.67376167]
3.6	0.5896899	[0.5862137	0.59315723]
3.7	0.51217055	[0.5086421	0.5156978]
3.8	0.44069767	[0.43719658	0.44420466]
3.9	0.37365633	[0.37024802	0.37707722]
4.0	0.31614986	[0.31287685	0.31944117]
4.1	0.26576227	[0.26265544	0.2688924]
4.2	0.2205168	[0.21760343	0.22345798]
4.3	0.18326874	[0.18055241	0.18601657]
4.4	0.15217054	[0.1496509	0.15472479]
4.5	0.12638243	[0.12405361	0.12874843]
4.6	0.10426357	[0.10212378	0.10644275]
4.7	0.08664083	[0.084673055	0.088649765]
4.8	0.072080106	[0.07027288	0.07392996]
4.9	0.06005168	[0.05839325	0.061753947]
5.0	0.050633077	[0.049104273	0.052206665]
5.1	0.04351421	[0.04209309	0.04498085]
5.2	0.03750646	[0.03618434	0.038874708]
5.3	0.03210594	[0.030880723	0.03337785]
5.4	0.028049096	[0.026902748	0.02924255]
5.5	0.02489664	[0.02381598	0.026024738]
5.6	0.022325581	[0.021301892	0.02339698]
5.7	0.020219639	[0.019245284	0.021241926]
5.8	0.018397933	[0.017468505	0.019375492]
5.9	0.016666668	[0.015782166	0.017599488]
6.0	0.015813954	[0.0149524845	0.016723838]
6.1	0.013798449	[0.012994143	0.014651396]
6.2	0.011382429	[0.010652716	0.012161061]
6.3	0.009121447	[0.008469385	0.009822703]
6.4	0.0068992246	[0.0063338573	0.00751408]
6.5	0.0049741603	[0.004496357	0.00550174]
6.6	0.0028552972	[0.0024972192	0.0032635683]
6.7	0.0026614987	[0.0023163622	0.0030568782]
6.8	0.0022093023	[0.0018963416	0.0025726368]
6.9	0.0017958656	[0.0015153651	0.0021268858]
7.0	0.0015374677	[0.0012791959	0.0018463708]
7.1	9.4315247E-4	[7.4453145E-4	0.0011927806]
7.2	6.976744E-4	[5.2919134E-4	9.1742486E-4]
7.3	3.100775E-4	[2.0320118E-4	4.690868E-4]
7.4	1.9379845E-4	[1.12588896E-4	3.2778797E-4]
7.5	1.6795866E-4	[9.341151E-5	2.9550798E-4]
7.6	7.751938E-5	[3.1512085E-5	1.7795106E-4]
7.7	6.459948E-5	[2.3782799E-5	1.6023034E-4]
7.8	6.459948E-5	[2.3782799E-5	1.6023034E-4]
7.9	6.459948E-5	[2.3782799E-5	1.6023034E-4]
8.0	2.5839794E-5	[4.4755966E-6	1.0421678E-4]
8.1	2.5839794E-5	[4.4755966E-6	1.0421678E-4]
8.2	1.2919897E-5	[6.744008E-7	8.391278E-5]
8.3	0.0	[0.0	6.1875464E-5]
8.4	0.0	[0.0	0.0]
8.5	0.0	[0.0	0.0]
8.6	0.0	[0.0	0.0]
8.7	0.0	[0.0	0.0]
8.8	0.0	[0.0	0.0]
8.9	0.0	[0.0	0.0]
9.0	0.0	[0.0	0.0]



DATASET #8

     Name: Supra
   Points: 66
     Info: 

Data[x,y]:
2.5	  0.015348837
2.6	  0.015348837
2.7	  0.015348837
2.8	  0.015348837
2.9	  0.015348837
3.0	  0.015348837
3.1	  0.015348837
3.2	  0.015348837
3.3	  0.015348837
3.4	  0.015348837
3.5	  0.015348837
3.6	  0.015348837
3.7	  0.015348837
3.8	  0.015348837
3.9	  0.015348837
4.0	  0.015348837
4.1	  0.015348837
4.2	  0.015348837
4.3	  0.015348837
4.4	  0.015348837
4.5	  0.015348837
4.6	  0.015348837
4.7	  0.015348837
4.8	  0.015348837
4.9	  0.015348837
5.0	  0.015348837
5.1	  0.015348837
5.2	  0.015348837
5.3	  0.015348837
5.4	  0.015348837
5.5	  0.015348837
5.6	  0.015348837
5.7	  0.015348837
5.8	  0.015348837
5.9	  0.0153359175
6.0	  0.015116279
6.1	  0.0134237725
6.2	  0.01124031
6.3	  0.0090051675
6.4	  0.0067958655
6.5	  0.004922481
6.6	  0.0028294574
6.7	  0.002635659
6.8	  0.0021834625
6.9	  0.0017829457
7.0	  0.0015245478
7.1	  9.4315247E-4
7.2	  6.976744E-4
7.3	  3.100775E-4
7.4	  1.9379845E-4
7.5	  1.6795866E-4
7.6	  7.751938E-5
7.7	  6.459948E-5
7.8	  6.459948E-5
7.9	  6.459948E-5
8.0	  2.5839794E-5
8.1	  2.5839794E-5
8.2	  1.2919897E-5
8.3	  0.0
8.4	  0.0
8.5	  0.0
8.6	  0.0
8.7	  0.0
8.8	  0.0
8.9	  0.0
9.0	  0.0



DATASET #9

     Name: Primary
   Points: 66
     Info: 

Data[x,y]:
2.5	  9.806783
2.6	  7.796641
2.7	  6.196744
2.8	  4.9244576
2.9	  3.9190052
3.0	  3.1192248
3.1	  2.4773257
3.2	  1.9731524
3.3	  1.5698708
3.4	  1.2479974
3.5	  0.9923773
3.6	  0.78771317
3.7	  0.62510335
3.8	  0.49989665
3.9	  0.39926356
4.0	  0.3208398
4.1	  0.25807494
4.2	  0.20552972
4.3	  0.16516796
4.4	  0.13263565
4.5	  0.10683463
4.6	  0.08611111
4.7	  0.0697416
4.8	  0.056821704
4.9	  0.046589147
5.0	  0.03865633
5.1	  0.032816537
5.2	  0.027816538
5.3	  0.023527132
5.4	  0.020167958
5.5	  0.017596899
5.6	  0.015736435
5.7	  0.014147287
5.8	  0.012713178
5.9	  0.0114599485
6.0	  0.010788114
6.1	  0.009366925
6.2	  0.007622739
6.3	  0.005968992
6.4	  0.0043023257
6.5	  0.002984496
6.6	  0.0015891473
6.7	  0.0014599484
6.8	  0.0011627907
6.9	  9.4315247E-4
7.0	  7.622739E-4
7.1	  4.263566E-4
7.2	  3.100775E-4
7.3	  1.2919896E-4
7.4	  9.043928E-5
7.5	  7.751938E-5
7.6	  3.875969E-5
7.7	  3.875969E-5
7.8	  3.875969E-5
7.9	  3.875969E-5
8.0	  0.0
8.1	  0.0
8.2	  0.0
8.3	  0.0
8.4	  0.0
8.5	  0.0
8.6	  0.0
8.7	  0.0
8.8	  0.0
8.9	  0.0
9.0	  0.0


