
X-Axis: Magnitude
Y-Axis: Cumulative Annual Rate (1/yr)
Number of Data Sets: 8


DATASET #1

     Name: Mean
   Points: 41
     Info: 

Data[x,y]:
5.0	  7.548395
5.1	  5.9934278
5.2	  4.762142
5.3	  3.7804341
5.4	  3.003432
5.5	  2.3829095
5.6	  1.8925514
5.7	  1.5021522
5.8	  1.1926235
5.9	  0.94561523
6.0	  0.7495638
6.1	  0.59403086
6.2	  0.47078806
6.3	  0.37409052
6.4	  0.2968354
6.5	  0.23468724
6.6	  0.18544856
6.7	  0.14645885
6.8	  0.11547531
6.9	  0.09080041
7.0	  0.07140123
7.1	  0.05613786
7.2	  0.043753088
7.3	  0.033971194
7.4	  0.026209876
7.5	  0.020125514
7.6	  0.015296296
7.7	  0.011343622
7.8	  0.008150206
7.9	  0.0057530864
8.0	  0.0038045268
8.1	  0.002154321
8.2	  9.979424E-4
8.3	  0.0
8.4	  0.0
8.5	  0.0
8.6	  0.0
8.7	  0.0
8.8	  0.0
8.9	  0.0
9.0	  0.0



DATASET #2

     Name: 2.5%,16%,84%,97.5%
   Points: 41
     Info: 

Data[x,y]:
5.0	  4.2777777
5.1	  3.3950617
5.2	  2.654321
5.3	  2.0864198
5.4	  1.6481482
5.5	  1.2962962
5.6	  1.0185186
5.7	  0.80246913
5.8	  0.61728394
5.9	  0.4691358
6.0	  0.37037036
6.1	  0.28395063
6.2	  0.21604939
6.3	  0.16049382
6.4	  0.12345679
6.5	  0.09259259
6.6	  0.06790123
6.7	  0.049382716
6.8	  0.030864198
6.9	  0.018518519
7.0	  0.018518519
7.1	  0.012345679
7.2	  0.0061728396
7.3	  0.0
7.4	  0.0
7.5	  0.0
7.6	  0.0
7.7	  0.0
7.8	  0.0
7.9	  0.0
8.0	  0.0
8.1	  0.0
8.2	  0.0
8.3	  0.0
8.4	  0.0
8.5	  0.0
8.6	  0.0
8.7	  0.0
8.8	  0.0
8.9	  0.0
9.0	  0.0



DATASET #3

     Name: 
   Points: 41
     Info: 

Data[x,y]:
5.0	  5.0740743
5.1	  4.0246916
5.2	  3.191358
5.3	  2.5308642
5.4	  2.0
5.5	  1.5802469
5.6	  1.2469136
5.7	  0.9876543
5.8	  0.7777778
5.9	  0.6111111
6.0	  0.4814815
6.1	  0.37654322
6.2	  0.29012346
6.3	  0.22839506
6.4	  0.17901234
6.5	  0.13580246
6.6	  0.10493827
6.7	  0.08024691
6.8	  0.061728396
6.9	  0.043209877
7.0	  0.030864198
7.1	  0.024691358
7.2	  0.018518519
7.3	  0.012345679
7.4	  0.0061728396
7.5	  0.0061728396
7.6	  0.0
7.7	  0.0
7.8	  0.0
7.9	  0.0
8.0	  0.0
8.1	  0.0
8.2	  0.0
8.3	  0.0
8.4	  0.0
8.5	  0.0
8.6	  0.0
8.7	  0.0
8.8	  0.0
8.9	  0.0
9.0	  0.0



DATASET #4

     Name: 
   Points: 41
     Info: 

Data[x,y]:
5.0	  9.709877
5.1	  7.691358
5.2	  6.123457
5.3	  4.876543
5.4	  3.8765433
5.5	  3.0987654
5.6	  2.4506173
5.7	  1.9567901
5.8	  1.5617284
5.9	  1.2407408
6.0	  0.9814815
6.1	  0.7777778
6.2	  0.6234568
6.3	  0.5
6.4	  0.4074074
6.5	  0.32098764
6.6	  0.25925925
6.7	  0.2037037
6.8	  0.16666667
6.9	  0.12962963
7.0	  0.10493827
7.1	  0.086419754
7.2	  0.06790123
7.3	  0.055555556
7.4	  0.043209877
7.5	  0.037037037
7.6	  0.024691358
7.7	  0.018518519
7.8	  0.012345679
7.9	  0.012345679
8.0	  0.0061728396
8.1	  0.0061728396
8.2	  0.0
8.3	  0.0
8.4	  0.0
8.5	  0.0
8.6	  0.0
8.7	  0.0
8.8	  0.0
8.9	  0.0
9.0	  0.0



DATASET #5

     Name: 
   Points: 41
     Info: 

Data[x,y]:
5.0	  16.364197
5.1	  13.049383
5.2	  10.320988
5.3	  8.203704
5.4	  6.5617285
5.5	  5.185185
5.6	  4.111111
5.7	  3.2901235
5.8	  2.617284
5.9	  2.1049383
6.0	  1.6790123
6.1	  1.3271605
6.2	  1.0617284
6.3	  0.845679
6.4	  0.6728395
6.5	  0.537037
6.6	  0.43209878
6.7	  0.3580247
6.8	  0.28395063
6.9	  0.2345679
7.0	  0.19135803
7.1	  0.14814815
7.2	  0.12345679
7.3	  0.09876543
7.4	  0.08024691
7.5	  0.061728396
7.6	  0.055555556
7.7	  0.043209877
7.8	  0.030864198
7.9	  0.024691358
8.0	  0.018518519
8.1	  0.012345679
8.2	  0.0061728396
8.3	  0.0
8.4	  0.0
8.5	  0.0
8.6	  0.0
8.7	  0.0
8.8	  0.0
8.9	  0.0
9.0	  0.0



DATASET #6

     Name: Median
   Points: 41
     Info: 

Data[x,y]:
5.0	  6.660494
5.1	  5.3024693
5.2	  4.2098765
5.3	  3.3395061
5.4	  2.648148
5.5	  2.1111112
5.6	  1.6728395
5.7	  1.3333334
5.8	  1.0617284
5.9	  0.83950615
6.0	  0.6666667
6.1	  0.52469134
6.2	  0.41975307
6.3	  0.33333334
6.4	  0.2654321
6.5	  0.20987654
6.6	  0.16666667
6.7	  0.12962963
6.8	  0.10493827
6.9	  0.08024691
7.0	  0.061728396
7.1	  0.049382716
7.2	  0.037037037
7.3	  0.030864198
7.4	  0.018518519
7.5	  0.018518519
7.6	  0.012345679
7.7	  0.0061728396
7.8	  0.0061728396
7.9	  0.0061728396
8.0	  0.0
8.1	  0.0
8.2	  0.0
8.3	  0.0
8.4	  0.0
8.5	  0.0
8.6	  0.0
8.7	  0.0
8.8	  0.0
8.9	  0.0
9.0	  0.0



DATASET #7

     Name: Mode
   Points: 41
     Info: 

Data[x,y]:
5.0	  4.3703704
5.1	  4.6358023
5.2	  3.382716
5.3	  2.648148
5.4	  2.3765433
5.5	  1.845679
5.6	  1.6481482
5.7	  1.1234568
5.8	  0.9259259
5.9	  0.89506173
6.0	  0.54320985
6.1	  0.45679012
6.2	  0.35185185
6.3	  0.2777778
6.4	  0.25308642
6.5	  0.18518518
6.6	  0.13580246
6.7	  0.10493827
6.8	  0.08024691
6.9	  0.06790123
7.0	  0.043209877
7.1	  0.037037037
7.2	  0.030864198
7.3	  0.018518519
7.4	  0.012345679
7.5	  0.012345679
7.6	  0.0061728396
7.7	  0.0061728396
7.8	  0.0
7.9	  0.0
8.0	  0.0
8.1	  0.0
8.2	  0.0
8.3	  0.0
8.4	  0.0
8.5	  0.0
8.6	  0.0
8.7	  0.0
8.8	  0.0
8.9	  0.0
9.0	  0.0



DATASET #8

     Name: Std. Dev.
   Points: 41
     Info: 

Data[x,y]:
5.0	  3.4435825
5.1	  2.7400253
5.2	  2.183157
5.3	  1.7370092
5.4	  1.3836365
5.5	  1.102108
5.6	  0.8790412
5.7	  0.70424247
5.8	  0.5659778
5.9	  0.4520412
6.0	  0.36317354
6.1	  0.29060447
6.2	  0.23520382
6.3	  0.19025116
6.4	  0.15414923
6.5	  0.12464524
6.6	  0.10115029
6.7	  0.08231354
6.8	  0.06784156
6.9	  0.056001686
7.0	  0.04577061
7.1	  0.037951685
7.2	  0.03117055
7.3	  0.02599435
7.4	  0.021426216
7.5	  0.017465858
7.6	  0.014508175
7.7	  0.011759528
7.8	  0.009323128
7.9	  0.0074053216
8.0	  0.005664503
8.1	  0.004003659
8.2	  0.0026062005
8.3	  0.0
8.4	  0.0
8.5	  0.0
8.6	  0.0
8.7	  0.0
8.8	  0.0
8.9	  0.0
9.0	  0.0


