
X-Axis: Magnitude
Y-Axis: Cumulative Annual Rate (1/yr)
Number of Data Sets: 8


DATASET #1

     Name: Mean
   Points: 41
     Info: 

Data[x,y]:
5.0	  7.51157
5.1	  5.9654894
5.2	  4.741143
5.3	  3.7627306
5.4	  2.988816
5.5	  2.370581
5.6	  1.8821937
5.7	  1.4941446
5.8	  1.1861877
5.9	  0.93988717
6.0	  0.7447816
6.1	  0.58979714
6.2	  0.46751353
6.3	  0.3713771
6.4	  0.29424626
6.5	  0.23273697
6.6	  0.18409915
6.7	  0.14522442
6.8	  0.11433655
6.9	  0.089925766
7.0	  0.07069971
7.1	  0.055767205
7.2	  0.043410223
7.3	  0.033592008
7.4	  0.026009383
7.5	  0.020019231
7.6	  0.015211186
7.7	  0.011266751
7.8	  0.008081804
7.9	  0.0057420926
8.0	  0.003843374
8.1	  0.002131465
8.2	  0.001028983
8.3	  0.0
8.4	  0.0
8.5	  0.0
8.6	  0.0
8.7	  0.0
8.8	  0.0
8.9	  0.0
9.0	  0.0



DATASET #2

     Name: 2.5%,16%,84%,97.5%
   Points: 41
     Info: 

Data[x,y]:
5.0	  3.357143
5.1	  2.642857
5.2	  2.0
5.3	  1.5714285
5.4	  1.2142857
5.5	  0.9285714
5.6	  0.6785714
5.7	  0.5
5.8	  0.39285713
5.9	  0.2857143
6.0	  0.17857143
6.1	  0.14285715
6.2	  0.10714286
6.3	  0.071428575
6.4	  0.035714287
6.5	  0.0
6.6	  0.0
6.7	  0.0
6.8	  0.0
6.9	  0.0
7.0	  0.0
7.1	  0.0
7.2	  0.0
7.3	  0.0
7.4	  0.0
7.5	  0.0
7.6	  0.0
7.7	  0.0
7.8	  0.0
7.9	  0.0
8.0	  0.0
8.1	  0.0
8.2	  0.0
8.3	  0.0
8.4	  0.0
8.5	  0.0
8.6	  0.0
8.7	  0.0
8.8	  0.0
8.9	  0.0
9.0	  0.0



DATASET #3

     Name: 
   Points: 41
     Info: 

Data[x,y]:
5.0	  4.178571
5.1	  3.3214285
5.2	  2.607143
5.3	  2.0714285
5.4	  1.6071428
5.5	  1.25
5.6	  0.96428573
5.7	  0.75
5.8	  0.5714286
5.9	  0.4642857
6.0	  0.35714287
6.1	  0.25
6.2	  0.17857143
6.3	  0.14285715
6.4	  0.10714286
6.5	  0.071428575
6.6	  0.035714287
6.7	  0.035714287
6.8	  0.035714287
6.9	  0.0
7.0	  0.0
7.1	  0.0
7.2	  0.0
7.3	  0.0
7.4	  0.0
7.5	  0.0
7.6	  0.0
7.7	  0.0
7.8	  0.0
7.9	  0.0
8.0	  0.0
8.1	  0.0
8.2	  0.0
8.3	  0.0
8.4	  0.0
8.5	  0.0
8.6	  0.0
8.7	  0.0
8.8	  0.0
8.9	  0.0
9.0	  0.0



DATASET #4

     Name: 
   Points: 41
     Info: 

Data[x,y]:
5.0	  9.821428
5.1	  7.821429
5.2	  6.25
5.3	  4.964286
5.4	  3.9285715
5.5	  3.142857
5.6	  2.5357144
5.7	  2.0
5.8	  1.6071428
5.9	  1.3214285
6.0	  1.0357143
6.1	  0.8214286
6.2	  0.6785714
6.3	  0.53571427
6.4	  0.42857143
6.5	  0.35714287
6.6	  0.2857143
6.7	  0.25
6.8	  0.17857143
6.9	  0.14285715
7.0	  0.14285715
7.1	  0.10714286
7.2	  0.071428575
7.3	  0.071428575
7.4	  0.071428575
7.5	  0.035714287
7.6	  0.035714287
7.7	  0.035714287
7.8	  0.035714287
7.9	  0.0
8.0	  0.0
8.1	  0.0
8.2	  0.0
8.3	  0.0
8.4	  0.0
8.5	  0.0
8.6	  0.0
8.7	  0.0
8.8	  0.0
8.9	  0.0
9.0	  0.0



DATASET #5

     Name: 
   Points: 41
     Info: 

Data[x,y]:
5.0	  22.964285
5.1	  18.107143
5.2	  14.5
5.3	  11.535714
5.4	  9.178572
5.5	  7.285714
5.6	  5.821429
5.7	  4.642857
5.8	  3.7142856
5.9	  3.0
6.0	  2.392857
6.1	  1.8928572
6.2	  1.5
6.3	  1.25
6.4	  1.0
6.5	  0.8214286
6.6	  0.6785714
6.7	  0.53571427
6.8	  0.42857143
6.9	  0.35714287
7.0	  0.32142857
7.1	  0.25
7.2	  0.21428572
7.3	  0.17857143
7.4	  0.14285715
7.5	  0.10714286
7.6	  0.10714286
7.7	  0.071428575
7.8	  0.071428575
7.9	  0.035714287
8.0	  0.035714287
8.1	  0.035714287
8.2	  0.035714287
8.3	  0.0
8.4	  0.0
8.5	  0.0
8.6	  0.0
8.7	  0.0
8.8	  0.0
8.9	  0.0
9.0	  0.0



DATASET #6

     Name: Median
   Points: 41
     Info: 

Data[x,y]:
5.0	  5.75
5.1	  4.571429
5.2	  3.642857
5.3	  2.892857
5.4	  2.2857144
5.5	  1.8214285
5.6	  1.4642857
5.7	  1.1428572
5.8	  0.9285714
5.9	  0.71428573
6.0	  0.5714286
6.1	  0.4642857
6.2	  0.35714287
6.3	  0.2857143
6.4	  0.21428572
6.5	  0.17857143
6.6	  0.14285715
6.7	  0.10714286
6.8	  0.071428575
6.9	  0.071428575
7.0	  0.035714287
7.1	  0.035714287
7.2	  0.035714287
7.3	  0.0
7.4	  0.0
7.5	  0.0
7.6	  0.0
7.7	  0.0
7.8	  0.0
7.9	  0.0
8.0	  0.0
8.1	  0.0
8.2	  0.0
8.3	  0.0
8.4	  0.0
8.5	  0.0
8.6	  0.0
8.7	  0.0
8.8	  0.0
8.9	  0.0
9.0	  0.0



DATASET #7

     Name: Mode
   Points: 41
     Info: 

Data[x,y]:
5.0	  4.964286
5.1	  3.4285715
5.2	  2.9285715
5.3	  2.0714285
5.4	  1.7142857
5.5	  1.3571428
5.6	  1.1071428
5.7	  0.89285713
5.8	  0.75
5.9	  0.5714286
6.0	  0.5
6.1	  0.35714287
6.2	  0.2857143
6.3	  0.21428572
6.4	  0.14285715
6.5	  0.10714286
6.6	  0.071428575
6.7	  0.071428575
6.8	  0.035714287
6.9	  0.035714287
7.0	  0.0
7.1	  0.0
7.2	  0.0
7.3	  0.0
7.4	  0.0
7.5	  0.0
7.6	  0.0
7.7	  0.0
7.8	  0.0
7.9	  0.0
8.0	  0.0
8.1	  0.0
8.2	  0.0
8.3	  0.0
8.4	  0.0
8.5	  0.0
8.6	  0.0
8.7	  0.0
8.8	  0.0
8.9	  0.0
9.0	  0.0



DATASET #8

     Name: Std. Dev.
   Points: 41
     Info: 

Data[x,y]:
5.0	  6.5559406
5.1	  5.2213726
5.2	  4.161349
5.3	  3.3230824
5.4	  2.6506171
5.5	  2.1183338
5.6	  1.6921554
5.7	  1.3570552
5.8	  1.0915141
5.9	  0.87382156
6.0	  0.70531946
6.1	  0.5661479
6.2	  0.46082273
6.3	  0.37414002
6.4	  0.3039922
6.5	  0.24739699
6.6	  0.20296921
6.7	  0.16730765
6.8	  0.13838996
6.9	  0.11410234
7.0	  0.09476746
7.1	  0.0795387
7.2	  0.06602482
7.3	  0.055020474
7.4	  0.04571247
7.5	  0.03801063
7.6	  0.031814627
7.7	  0.026205847
7.8	  0.021233352
7.9	  0.017017484
8.0	  0.013187575
8.1	  0.009322033
8.2	  0.006295349
8.3	  0.0
8.4	  0.0
8.5	  0.0
8.6	  0.0
8.7	  0.0
8.8	  0.0
8.9	  0.0
9.0	  0.0


