
X-Axis: Magnitude
Y-Axis: Cumulative Annual Rate
Number of Data Sets: 8


DATASET #1

     Name: Mean
   Points: 41
     Info: 

Data[x,y]:
5.0	  7.48444
5.1	  5.94444
5.2	  4.7233195
5.3	  3.749512
5.4	  2.9773195
5.5	  2.3610516
5.6	  1.8748385
5.7	  1.488481
5.8	  1.1805567
5.9	  0.93591064
6.0	  0.7412028
6.1	  0.58859795
6.2	  0.46714777
6.3	  0.3694433
6.4	  0.2922543
6.5	  0.23058419
6.6	  0.18268041
6.7	  0.14452234
6.8	  0.11382818
6.9	  0.0895945
7.0	  0.07047423
7.1	  0.055821307
7.2	  0.043340206
7.3	  0.034
7.4	  0.026323024
7.5	  0.020089347
7.6	  0.015175258
7.7	  0.011140893
7.8	  0.0079656355
7.9	  0.005718213
8.0	  0.0039381445
8.1	  0.0023024054
8.2	  0.0011477664
8.3	  0.0
8.4	  0.0
8.5	  0.0
8.6	  0.0
8.7	  0.0
8.8	  0.0
8.9	  0.0
9.0	  0.0



DATASET #2

     Name: 2.5%,97.5%
   Points: 41
     Info: 

Data[x,y]:
5.0	  4.688
5.1	  3.73
5.2	  2.932
5.3	  2.33
5.4	  1.842
5.5	  1.456
5.6	  1.138
5.7	  0.902
5.8	  0.708
5.9	  0.564
6.0	  0.452
6.1	  0.35
6.2	  0.276
6.3	  0.214
6.4	  0.164
6.5	  0.124
6.6	  0.096
6.7	  0.072
6.8	  0.056
6.9	  0.044
7.0	  0.032
7.1	  0.022
7.2	  0.016
7.3	  0.012
7.4	  0.006
7.5	  0.004
7.6	  0.002
7.7	  0.002
7.8	  0.0
7.9	  0.0
8.0	  0.0
8.1	  0.0
8.2	  0.0
8.3	  0.0
8.4	  0.0
8.5	  0.0
8.6	  0.0
8.7	  0.0
8.8	  0.0
8.9	  0.0
9.0	  0.0



DATASET #3

     Name: null
   Points: 41
     Info: 

Data[x,y]:
5.0	  12.082
5.1	  9.626
5.2	  7.702
5.3	  6.164
5.4	  4.856
5.5	  3.842
5.6	  3.048
5.7	  2.436
5.8	  1.992
5.9	  1.626
6.0	  1.294
6.1	  1.024
6.2	  0.804
6.3	  0.636
6.4	  0.504
6.5	  0.396
6.6	  0.32
6.7	  0.264
6.8	  0.212
6.9	  0.166
7.0	  0.132
7.1	  0.108
7.2	  0.09
7.3	  0.07
7.4	  0.054
7.5	  0.046
7.6	  0.036
7.7	  0.028
7.8	  0.022
7.9	  0.016
8.0	  0.014
8.1	  0.008
8.2	  0.006
8.3	  0.0
8.4	  0.0
8.5	  0.0
8.6	  0.0
8.7	  0.0
8.8	  0.0
8.9	  0.0
9.0	  0.0



DATASET #4

     Name: Median
   Points: 41
     Info: 

Data[x,y]:
5.0	  7.03
5.1	  5.592
5.2	  4.458
5.3	  3.518
5.4	  2.79
5.5	  2.212
5.6	  1.776
5.7	  1.4
5.8	  1.104
5.9	  0.872
6.0	  0.69
6.1	  0.55
6.2	  0.43
6.3	  0.34
6.4	  0.272
6.5	  0.214
6.6	  0.172
6.7	  0.138
6.8	  0.106
6.9	  0.084
7.0	  0.066
7.1	  0.052
7.2	  0.04
7.3	  0.032
7.4	  0.024
7.5	  0.018
7.6	  0.014
7.7	  0.01
7.8	  0.008
7.9	  0.006
8.0	  0.004
8.1	  0.002
8.2	  0.0
8.3	  0.0
8.4	  0.0
8.5	  0.0
8.6	  0.0
8.7	  0.0
8.8	  0.0
8.9	  0.0
9.0	  0.0



DATASET #5

     Name: Mode
   Points: 41
     Info: 

Data[x,y]:
5.0	  6.708
5.1	  5.592
5.2	  3.976
5.3	  3.034
5.4	  3.29
5.5	  2.18
5.6	  1.486
5.7	  1.26
5.8	  0.956
5.9	  0.846
6.0	  0.648
6.1	  0.478
6.2	  0.39
6.3	  0.33
6.4	  0.244
6.5	  0.224
6.6	  0.148
6.7	  0.142
6.8	  0.116
6.9	  0.08
7.0	  0.06
7.1	  0.044
7.2	  0.038
7.3	  0.034
7.4	  0.024
7.5	  0.014
7.6	  0.016
7.7	  0.01
7.8	  0.006
7.9	  0.004
8.0	  0.004
8.1	  0.0
8.2	  0.0
8.3	  0.0
8.4	  0.0
8.5	  0.0
8.6	  0.0
8.7	  0.0
8.8	  0.0
8.9	  0.0
9.0	  0.0



DATASET #6

     Name: 500 yr Prob
   Points: 41
     Info: 

Data[x,y]:
5.0	  1.0
5.1	  1.0
5.2	  1.0
5.3	  1.0
5.4	  1.0
5.5	  1.0
5.6	  1.0
5.7	  1.0
5.8	  1.0
5.9	  1.0
6.0	  1.0
6.1	  1.0
6.2	  1.0
6.3	  1.0
6.4	  1.0
6.5	  1.0
6.6	  1.0
6.7	  1.0
6.8	  1.0
6.9	  1.0
7.0	  1.0
7.1	  1.0
7.2	  1.0
7.3	  1.0
7.4	  1.0
7.5	  1.0
7.6	  0.9896907
7.7	  0.975945
7.8	  0.95532644
7.9	  0.8900344
8.0	  0.8109966
8.1	  0.65292096
8.2	  0.41237113
8.3	  0.0
8.4	  0.0
8.5	  0.0
8.6	  0.0
8.7	  0.0
8.8	  0.0
8.9	  0.0
9.0	  0.0



DATASET #7

Name: 95% Conf
Num Points: 41
Info: 

X, Y Data:
5.0	1.0	[1.0	1.0]
5.1	1.0	[1.0	1.0]
5.2	1.0	[1.0	1.0]
5.3	1.0	[1.0	1.0]
5.4	1.0	[1.0	1.0]
5.5	1.0	[1.0	1.0]
5.6	1.0	[1.0	1.0]
5.7	1.0	[1.0	1.0]
5.8	1.0	[1.0	1.0]
5.9	1.0	[1.0	1.0]
6.0	1.0	[1.0	1.0]
6.1	1.0	[1.0	1.0]
6.2	1.0	[1.0	1.0]
6.3	1.0	[1.0	1.0]
6.4	1.0	[1.0	1.0]
6.5	1.0	[1.0	1.0]
6.6	1.0	[1.0	1.0]
6.7	1.0	[1.0	1.0]
6.8	1.0	[1.0	1.0]
6.9	1.0	[1.0	1.0]
7.0	1.0	[1.0	1.0]
7.1	1.0	[1.0	1.0]
7.2	1.0	[1.0	1.0]
7.3	1.0	[1.0	1.0]
7.4	1.0	[1.0	1.0]
7.5	1.0	[1.0	1.0]
7.6	0.9896907	[0.96764135	0.99733377]
7.7	0.975945	[0.94893426	0.9894192]
7.8	0.95532644	[0.9229726	0.9749874]
7.9	0.8900344	[0.8469489	0.92247814]
8.0	0.8109966	[0.7602233	0.85335934]
8.1	0.65292096	[0.59479606	0.70693666]
8.2	0.41237113	[0.35565048	0.4714442]
8.3	0.0	[0.0	0.016241618]
8.4	0.0	[0.0	0.0]
8.5	0.0	[0.0	0.0]
8.6	0.0	[0.0	0.0]
8.7	0.0	[0.0	0.0]
8.8	0.0	[0.0	0.0]
8.9	0.0	[0.0	0.0]
9.0	0.0	[0.0	0.0]



DATASET #8

     Name: Supra
   Points: 41
     Info: 

Data[x,y]:
5.0	  0.0
5.1	  0.0
5.2	  0.0
5.3	  0.0
5.4	  0.0
5.5	  0.0
5.6	  0.0
5.7	  0.0
5.8	  0.0
5.9	  0.0
6.0	  0.0
6.1	  0.0
6.2	  0.0
6.3	  0.0
6.4	  0.0
6.5	  0.0
6.6	  0.0
6.7	  0.0
6.8	  0.0
6.9	  0.0
7.0	  0.0
7.1	  0.0
7.2	  0.0
7.3	  0.0
7.4	  0.0
7.5	  0.0
7.6	  0.0
7.7	  0.0
7.8	  0.0
7.9	  0.0
8.0	  0.0
8.1	  0.0
8.2	  0.0
8.3	  0.0
8.4	  0.0
8.5	  0.0
8.6	  0.0
8.7	  0.0
8.8	  0.0
8.9	  0.0
9.0	  0.0


