
X-Axis: Magnitude
Y-Axis: 10 Year Cumulative Number
Number of Data Sets: 9


DATASET #1

     Name: Mean
   Points: 66
     Info: 

Data[x,y]:
2.5	  2111.8677
2.6	  1677.1858
2.7	  1332.1609
2.8	  1058.1675
2.9	  840.55927
3.0	  667.6503
3.1	  530.1657
3.2	  421.0159
3.3	  334.47153
3.4	  265.5859
3.5	  210.96445
3.6	  167.51848
3.7	  133.04271
3.8	  105.60347
3.9	  83.84167
4.0	  66.594795
4.1	  52.81618
4.2	  41.90861
4.3	  33.261665
4.4	  26.390139
4.5	  20.930834
4.6	  16.600069
4.7	  13.149583
4.8	  10.41625
4.9	  8.243195
5.0	  6.514167
5.1	  5.1405554
5.2	  4.0467362
5.3	  3.1913195
5.4	  2.4938195
5.5	  1.9420139
5.6	  1.5026389
5.7	  1.1594445
5.8	  0.886875
5.9	  0.66291666
6.0	  0.5125
6.1	  0.37458333
6.2	  0.24895833
6.3	  0.1870139
6.4	  0.1423611
6.5	  0.10909722
6.6	  0.08576389
6.7	  0.06798611
6.8	  0.054444443
6.9	  0.040416665
7.0	  0.031319443
7.1	  0.026527777
7.2	  0.020763889
7.3	  0.015
7.4	  0.012777777
7.5	  0.009652778
7.6	  0.005347222
7.7	  0.0016666667
7.8	  0.00125
7.9	  8.3333335E-4
8.0	  2.7777778E-4
8.1	  0.0
8.2	  0.0
8.3	  0.0
8.4	  0.0
8.5	  0.0
8.6	  0.0
8.7	  0.0
8.8	  0.0
8.9	  0.0
9.0	  0.0



DATASET #2

     Name: 2.5%,97.5%
   Points: 66
     Info: 

Data[x,y]:
2.5	  1296.0
2.6	  1025.0
2.7	  810.0
2.8	  640.0
2.9	  505.0
3.0	  398.0
3.1	  313.0
3.2	  246.0
3.3	  192.0
3.4	  150.0
3.5	  117.0
3.6	  92.0
3.7	  70.0
3.8	  55.0
3.9	  42.0
4.0	  32.0
4.1	  24.0
4.2	  18.0
4.3	  13.0
4.4	  10.0
4.5	  7.0
4.6	  5.0
4.7	  3.0
4.8	  2.0
4.9	  1.0
5.0	  1.0
5.1	  0.0
5.2	  0.0
5.3	  0.0
5.4	  0.0
5.5	  0.0
5.6	  0.0
5.7	  0.0
5.8	  0.0
5.9	  0.0
6.0	  0.0
6.1	  0.0
6.2	  0.0
6.3	  0.0
6.4	  0.0
6.5	  0.0
6.6	  0.0
6.7	  0.0
6.8	  0.0
6.9	  0.0
7.0	  0.0
7.1	  0.0
7.2	  0.0
7.3	  0.0
7.4	  0.0
7.5	  0.0
7.6	  0.0
7.7	  0.0
7.8	  0.0
7.9	  0.0
8.0	  0.0
8.1	  0.0
8.2	  0.0
8.3	  0.0
8.4	  0.0
8.5	  0.0
8.6	  0.0
8.7	  0.0
8.8	  0.0
8.9	  0.0
9.0	  0.0



DATASET #3

     Name: null
   Points: 66
     Info: 

Data[x,y]:
2.5	  5984.0
2.6	  4771.0
2.7	  3774.0
2.8	  2991.0
2.9	  2388.0
3.0	  1881.0
3.1	  1513.0
3.2	  1191.0
3.3	  952.0
3.4	  754.0
3.5	  601.0
3.6	  479.0
3.7	  380.0
3.8	  303.0
3.9	  239.0
4.0	  189.0
4.1	  151.0
4.2	  120.0
4.3	  97.0
4.4	  77.0
4.5	  62.0
4.6	  50.0
4.7	  40.0
4.8	  32.0
4.9	  25.0
5.0	  21.0
5.1	  17.0
5.2	  14.0
5.3	  12.0
5.4	  9.0
5.5	  8.0
5.6	  6.0
5.7	  5.0
5.8	  4.0
5.9	  4.0
6.0	  3.0
6.1	  3.0
6.2	  2.0
6.3	  2.0
6.4	  1.0
6.5	  1.0
6.6	  1.0
6.7	  1.0
6.8	  1.0
6.9	  1.0
7.0	  1.0
7.1	  1.0
7.2	  0.0
7.3	  0.0
7.4	  0.0
7.5	  0.0
7.6	  0.0
7.7	  0.0
7.8	  0.0
7.9	  0.0
8.0	  0.0
8.1	  0.0
8.2	  0.0
8.3	  0.0
8.4	  0.0
8.5	  0.0
8.6	  0.0
8.7	  0.0
8.8	  0.0
8.9	  0.0
9.0	  0.0



DATASET #4

     Name: Median
   Points: 66
     Info: 

Data[x,y]:
2.5	  1672.0
2.6	  1328.0
2.7	  1056.0
2.8	  839.0
2.9	  668.0
3.0	  530.0
3.1	  422.0
3.2	  335.0
3.3	  267.0
3.4	  212.0
3.5	  169.0
3.6	  135.0
3.7	  107.0
3.8	  85.0
3.9	  68.0
4.0	  54.0
4.1	  43.0
4.2	  34.0
4.3	  27.0
4.4	  21.0
4.5	  17.0
4.6	  13.0
4.7	  10.0
4.8	  8.0
4.9	  6.0
5.0	  5.0
5.1	  4.0
5.2	  3.0
5.3	  2.0
5.4	  2.0
5.5	  1.0
5.6	  1.0
5.7	  1.0
5.8	  0.0
5.9	  0.0
6.0	  0.0
6.1	  0.0
6.2	  0.0
6.3	  0.0
6.4	  0.0
6.5	  0.0
6.6	  0.0
6.7	  0.0
6.8	  0.0
6.9	  0.0
7.0	  0.0
7.1	  0.0
7.2	  0.0
7.3	  0.0
7.4	  0.0
7.5	  0.0
7.6	  0.0
7.7	  0.0
7.8	  0.0
7.9	  0.0
8.0	  0.0
8.1	  0.0
8.2	  0.0
8.3	  0.0
8.4	  0.0
8.5	  0.0
8.6	  0.0
8.7	  0.0
8.8	  0.0
8.9	  0.0
9.0	  0.0



DATASET #5

     Name: Mode
   Points: 66
     Info: 

Data[x,y]:
2.5	  1501.0
2.6	  1261.0
2.7	  937.0
2.8	  751.0
2.9	  575.0
3.0	  475.0
3.1	  365.0
3.2	  313.0
3.3	  236.0
3.4	  184.0
3.5	  158.0
3.6	  116.0
3.7	  98.0
3.8	  72.0
3.9	  61.0
4.0	  48.0
4.1	  36.0
4.2	  33.0
4.3	  24.0
4.4	  19.0
4.5	  15.0
4.6	  11.0
4.7	  8.0
4.8	  7.0
4.9	  5.0
5.0	  4.0
5.1	  3.0
5.2	  2.0
5.3	  1.0
5.4	  1.0
5.5	  1.0
5.6	  0.0
5.7	  0.0
5.8	  0.0
5.9	  0.0
6.0	  0.0
6.1	  0.0
6.2	  0.0
6.3	  0.0
6.4	  0.0
6.5	  0.0
6.6	  0.0
6.7	  0.0
6.8	  0.0
6.9	  0.0
7.0	  0.0
7.1	  0.0
7.2	  0.0
7.3	  0.0
7.4	  0.0
7.5	  0.0
7.6	  0.0
7.7	  0.0
7.8	  0.0
7.9	  0.0
8.0	  0.0
8.1	  0.0
8.2	  0.0
8.3	  0.0
8.4	  0.0
8.5	  0.0
8.6	  0.0
8.7	  0.0
8.8	  0.0
8.9	  0.0
9.0	  0.0



DATASET #6

     Name: 10 yr Prob
   Points: 66
     Info: 

Data[x,y]:
2.5	  1.0
2.6	  1.0
2.7	  1.0
2.8	  1.0
2.9	  1.0
3.0	  1.0
3.1	  1.0
3.2	  1.0
3.3	  1.0
3.4	  1.0
3.5	  1.0
3.6	  1.0
3.7	  1.0
3.8	  1.0
3.9	  1.0
4.0	  1.0
4.1	  1.0
4.2	  1.0
4.3	  1.0
4.4	  1.0
4.5	  1.0
4.6	  1.0
4.7	  0.9995833
4.8	  0.99875
4.9	  0.9945833
5.0	  0.98444444
5.1	  0.9652778
5.2	  0.9276389
5.3	  0.87916666
5.4	  0.8142361
5.5	  0.7349306
5.6	  0.65305555
5.7	  0.5683333
5.8	  0.48020834
5.9	  0.39458334
6.0	  0.32541665
6.1	  0.25597224
6.2	  0.18375
6.3	  0.14354166
6.4	  0.111875
6.5	  0.086944446
6.6	  0.07208333
6.7	  0.05798611
6.8	  0.048055556
6.9	  0.036944445
7.0	  0.029583333
7.1	  0.025208334
7.2	  0.019930556
7.3	  0.014444444
7.4	  0.012430555
7.5	  0.0095833335
7.6	  0.005347222
7.7	  0.0016666667
7.8	  0.00125
7.9	  8.3333335E-4
8.0	  2.7777778E-4
8.1	  0.0
8.2	  0.0
8.3	  0.0
8.4	  0.0
8.5	  0.0
8.6	  0.0
8.7	  0.0
8.8	  0.0
8.9	  0.0
9.0	  0.0



DATASET #7

Name: 95% Conf
Num Points: 66
Info: 

X, Y Data:
2.5	1.0	[1.0	1.0]
2.6	1.0	[1.0	1.0]
2.7	1.0	[1.0	1.0]
2.8	1.0	[1.0	1.0]
2.9	1.0	[1.0	1.0]
3.0	1.0	[1.0	1.0]
3.1	1.0	[1.0	1.0]
3.2	1.0	[1.0	1.0]
3.3	1.0	[1.0	1.0]
3.4	1.0	[1.0	1.0]
3.5	1.0	[1.0	1.0]
3.6	1.0	[1.0	1.0]
3.7	1.0	[1.0	1.0]
3.8	1.0	[1.0	1.0]
3.9	1.0	[1.0	1.0]
4.0	1.0	[1.0	1.0]
4.1	1.0	[1.0	1.0]
4.2	1.0	[1.0	1.0]
4.3	1.0	[1.0	1.0]
4.4	1.0	[1.0	1.0]
4.5	1.0	[1.0	1.0]
4.6	1.0	[1.0	1.0]
4.7	0.9995833	[0.99904376	0.9998306]
4.8	0.99875	[0.9979824	0.999236]
4.9	0.9945833	[0.993207	0.99568826]
5.0	0.98444444	[0.98225325	0.9863728]
5.1	0.9652778	[0.9621251	0.96817935]
5.2	0.9276389	[0.9232565	0.9317913]
5.3	0.87916666	[0.87370634	0.88442343]
5.4	0.8142361	[0.8077651	0.8205386]
5.5	0.7349306	[0.72762454	0.74211067]
5.6	0.65305555	[0.64520615	0.660823]
5.7	0.5683333	[0.56019133	0.5764387]
5.8	0.48020834	[0.47201973	0.48840752]
5.9	0.39458334	[0.38659477	0.40262836]
6.0	0.32541665	[0.31777695	0.33314994]
6.1	0.25597224	[0.24887559	0.26319966]
6.2	0.18375	[0.1774748	0.19019482]
6.3	0.14354166	[0.1378757	0.14939892]
6.4	0.111875	[0.106795676	0.11716275]
6.5	0.086944446	[0.08241805	0.091692835]
6.6	0.07208333	[0.067938484	0.07645831]
6.7	0.05798611	[0.054251667	0.061958477]
6.8	0.048055556	[0.04464753	0.051707048]
6.9	0.036944445	[0.033951677	0.040186994]
7.0	0.029583333	[0.026905747	0.03251499]
7.1	0.025208334	[0.022738807	0.02793455]
7.2	0.019930556	[0.017739767	0.022381308]
7.3	0.014444444	[0.012588704	0.016563792]
7.4	0.012430555	[0.010714256	0.014411907]
7.5	0.0095833335	[0.008085846	0.011348104]
7.6	0.005347222	[0.0042499662	0.006715976]
7.7	0.0016666667	[0.0010923989	0.0025203365]
7.8	0.00125	[7.639907E-4	0.0020176459]
7.9	8.3333335E-4	[4.5159404E-4	0.001500213]
8.0	2.7777778E-4	[8.898609E-5	7.637018E-4]
8.1	0.0	[0.0	3.3250762E-4]
8.2	0.0	[0.0	3.3250762E-4]
8.3	0.0	[0.0	3.3250762E-4]
8.4	0.0	[0.0	0.0]
8.5	0.0	[0.0	0.0]
8.6	0.0	[0.0	0.0]
8.7	0.0	[0.0	0.0]
8.8	0.0	[0.0	0.0]
8.9	0.0	[0.0	0.0]
9.0	0.0	[0.0	0.0]



DATASET #8

     Name: Supra
   Points: 66
     Info: 

Data[x,y]:
2.5	  0.13680555
2.6	  0.13680555
2.7	  0.13680555
2.8	  0.13680555
2.9	  0.13680555
3.0	  0.13680555
3.1	  0.13680555
3.2	  0.13680555
3.3	  0.13680555
3.4	  0.13680555
3.5	  0.13680555
3.6	  0.13680555
3.7	  0.13680555
3.8	  0.13680555
3.9	  0.13680555
4.0	  0.13680555
4.1	  0.13680555
4.2	  0.13680555
4.3	  0.13680555
4.4	  0.13680555
4.5	  0.13680555
4.6	  0.13680555
4.7	  0.13680555
4.8	  0.13680555
4.9	  0.13680555
5.0	  0.13680555
5.1	  0.13680555
5.2	  0.13680555
5.3	  0.13680555
5.4	  0.13680555
5.5	  0.13680555
5.6	  0.13680555
5.7	  0.13680555
5.8	  0.13680555
5.9	  0.13680555
6.0	  0.13680555
6.1	  0.115555555
6.2	  0.090277776
6.3	  0.076458335
6.4	  0.06659722
6.5	  0.056319445
6.6	  0.050902776
6.7	  0.043472223
6.8	  0.03798611
6.9	  0.030833334
7.0	  0.025555555
7.1	  0.022847222
7.2	  0.018541666
7.3	  0.013541667
7.4	  0.012013889
7.5	  0.0095138885
7.6	  0.005347222
7.7	  0.0016666667
7.8	  0.00125
7.9	  8.3333335E-4
8.0	  2.7777778E-4
8.1	  0.0
8.2	  0.0
8.3	  0.0
8.4	  0.0
8.5	  0.0
8.6	  0.0
8.7	  0.0
8.8	  0.0
8.9	  0.0
9.0	  0.0



DATASET #9

     Name: Primary
   Points: 66
     Info: 

Data[x,y]:
2.5	  925.9485
2.6	  735.3713
2.7	  584.1562
2.8	  464.00763
2.9	  368.49243
3.0	  292.77277
3.1	  232.44243
3.2	  184.68369
3.3	  146.77097
3.4	  116.54382
3.5	  92.581665
3.6	  73.53694
3.7	  58.39236
3.8	  46.373333
3.9	  36.806458
4.0	  29.205555
4.1	  23.170555
4.2	  18.369028
4.3	  14.5825
4.4	  11.567778
4.5	  9.17882
4.6	  7.2733335
4.7	  5.750625
4.8	  4.5466666
4.9	  3.5971527
5.0	  2.840139
5.1	  2.2408333
5.2	  1.7626389
5.3	  1.39125
5.4	  1.0805556
5.5	  0.8426389
5.6	  0.6534028
5.7	  0.5059722
5.8	  0.38604167
5.9	  0.28694445
6.0	  0.21909723
6.1	  0.165
6.2	  0.110138886
6.3	  0.083402775
6.4	  0.06236111
6.5	  0.0475
6.6	  0.038958333
6.7	  0.031180555
6.8	  0.025902778
6.9	  0.019652778
7.0	  0.015555556
7.1	  0.013125
7.2	  0.010694444
7.3	  0.0077083334
7.4	  0.0065972223
7.5	  0.004583333
7.6	  0.0026388888
7.7	  6.25E-4
7.8	  4.8611112E-4
7.9	  3.4722223E-4
8.0	  1.3888889E-4
8.1	  0.0
8.2	  0.0
8.3	  0.0
8.4	  0.0
8.5	  0.0
8.6	  0.0
8.7	  0.0
8.8	  0.0
8.9	  0.0
9.0	  0.0


