
X-Axis: Magnitude
Y-Axis: 1 Day Cumulative Number
Number of Data Sets: 9


DATASET #1

     Name: Mean
   Points: 66
     Info: 

Data[x,y]:
2.5	  10.78059
2.6	  8.56245
2.7	  6.79952
2.8	  5.40103
2.9	  4.28983
3.0	  3.40846
3.1	  2.70776
3.2	  2.15195
3.3	  1.70593
3.4	  1.35627
3.5	  1.07943
3.6	  0.85864
3.7	  0.68161
3.8	  0.54089
3.9	  0.42985
4.0	  0.34074
4.1	  0.26937
4.2	  0.21252
4.3	  0.16829
4.4	  0.13403
4.5	  0.10555
4.6	  0.08368
4.7	  0.06645
4.8	  0.05237
4.9	  0.04128
5.0	  0.03258
5.1	  0.0257
5.2	  0.02
5.3	  0.01557
5.4	  0.01247
5.5	  0.0097
5.6	  0.00741
5.7	  0.00573
5.8	  0.00428
5.9	  0.00332
6.0	  0.00251
6.1	  0.0019
6.2	  0.00134
6.3	  0.00102
6.4	  7.4E-4
6.5	  5.6E-4
6.6	  4.8E-4
6.7	  3.7E-4
6.8	  3.1E-4
6.9	  2.4E-4
7.0	  2.0E-4
7.1	  1.8E-4
7.2	  1.3E-4
7.3	  9.0E-5
7.4	  8.0E-5
7.5	  7.0E-5
7.6	  3.0E-5
7.7	  0.0
7.8	  0.0
7.9	  0.0
8.0	  0.0
8.1	  0.0
8.2	  0.0
8.3	  0.0
8.4	  0.0
8.5	  0.0
8.6	  0.0
8.7	  0.0
8.8	  0.0
8.9	  0.0
9.0	  0.0



DATASET #2

     Name: 2.5%,97.5%
   Points: 66
     Info: 

Data[x,y]:
2.5	  3.0
2.6	  2.0
2.7	  1.0
2.8	  1.0
2.9	  0.0
3.0	  0.0
3.1	  0.0
3.2	  0.0
3.3	  0.0
3.4	  0.0
3.5	  0.0
3.6	  0.0
3.7	  0.0
3.8	  0.0
3.9	  0.0
4.0	  0.0
4.1	  0.0
4.2	  0.0
4.3	  0.0
4.4	  0.0
4.5	  0.0
4.6	  0.0
4.7	  0.0
4.8	  0.0
4.9	  0.0
5.0	  0.0
5.1	  0.0
5.2	  0.0
5.3	  0.0
5.4	  0.0
5.5	  0.0
5.6	  0.0
5.7	  0.0
5.8	  0.0
5.9	  0.0
6.0	  0.0
6.1	  0.0
6.2	  0.0
6.3	  0.0
6.4	  0.0
6.5	  0.0
6.6	  0.0
6.7	  0.0
6.8	  0.0
6.9	  0.0
7.0	  0.0
7.1	  0.0
7.2	  0.0
7.3	  0.0
7.4	  0.0
7.5	  0.0
7.6	  0.0
7.7	  0.0
7.8	  0.0
7.9	  0.0
8.0	  0.0
8.1	  0.0
8.2	  0.0
8.3	  0.0
8.4	  0.0
8.5	  0.0
8.6	  0.0
8.7	  0.0
8.8	  0.0
8.9	  0.0
9.0	  0.0



DATASET #3

     Name: null
   Points: 66
     Info: 

Data[x,y]:
2.5	  22.0
2.6	  18.0
2.7	  15.0
2.8	  12.0
2.9	  10.0
3.0	  9.0
3.1	  7.0
3.2	  6.0
3.3	  5.0
3.4	  5.0
3.5	  4.0
3.6	  3.0
3.7	  3.0
3.8	  3.0
3.9	  2.0
4.0	  2.0
4.1	  2.0
4.2	  2.0
4.3	  1.0
4.4	  1.0
4.5	  1.0
4.6	  1.0
4.7	  1.0
4.8	  1.0
4.9	  1.0
5.0	  1.0
5.1	  0.0
5.2	  0.0
5.3	  0.0
5.4	  0.0
5.5	  0.0
5.6	  0.0
5.7	  0.0
5.8	  0.0
5.9	  0.0
6.0	  0.0
6.1	  0.0
6.2	  0.0
6.3	  0.0
6.4	  0.0
6.5	  0.0
6.6	  0.0
6.7	  0.0
6.8	  0.0
6.9	  0.0
7.0	  0.0
7.1	  0.0
7.2	  0.0
7.3	  0.0
7.4	  0.0
7.5	  0.0
7.6	  0.0
7.7	  0.0
7.8	  0.0
7.9	  0.0
8.0	  0.0
8.1	  0.0
8.2	  0.0
8.3	  0.0
8.4	  0.0
8.5	  0.0
8.6	  0.0
8.7	  0.0
8.8	  0.0
8.9	  0.0
9.0	  0.0



DATASET #4

     Name: Median
   Points: 66
     Info: 

Data[x,y]:
2.5	  9.0
2.6	  7.0
2.7	  6.0
2.8	  4.0
2.9	  3.0
3.0	  3.0
3.1	  2.0
3.2	  2.0
3.3	  1.0
3.4	  1.0
3.5	  1.0
3.6	  1.0
3.7	  0.0
3.8	  0.0
3.9	  0.0
4.0	  0.0
4.1	  0.0
4.2	  0.0
4.3	  0.0
4.4	  0.0
4.5	  0.0
4.6	  0.0
4.7	  0.0
4.8	  0.0
4.9	  0.0
5.0	  0.0
5.1	  0.0
5.2	  0.0
5.3	  0.0
5.4	  0.0
5.5	  0.0
5.6	  0.0
5.7	  0.0
5.8	  0.0
5.9	  0.0
6.0	  0.0
6.1	  0.0
6.2	  0.0
6.3	  0.0
6.4	  0.0
6.5	  0.0
6.6	  0.0
6.7	  0.0
6.8	  0.0
6.9	  0.0
7.0	  0.0
7.1	  0.0
7.2	  0.0
7.3	  0.0
7.4	  0.0
7.5	  0.0
7.6	  0.0
7.7	  0.0
7.8	  0.0
7.9	  0.0
8.0	  0.0
8.1	  0.0
8.2	  0.0
8.3	  0.0
8.4	  0.0
8.5	  0.0
8.6	  0.0
8.7	  0.0
8.8	  0.0
8.9	  0.0
9.0	  0.0



DATASET #5

     Name: Mode
   Points: 66
     Info: 

Data[x,y]:
2.5	  8.0
2.6	  7.0
2.7	  5.0
2.8	  4.0
2.9	  3.0
3.0	  2.0
3.1	  2.0
3.2	  1.0
3.3	  1.0
3.4	  0.0
3.5	  0.0
3.6	  0.0
3.7	  0.0
3.8	  0.0
3.9	  0.0
4.0	  0.0
4.1	  0.0
4.2	  0.0
4.3	  0.0
4.4	  0.0
4.5	  0.0
4.6	  0.0
4.7	  0.0
4.8	  0.0
4.9	  0.0
5.0	  0.0
5.1	  0.0
5.2	  0.0
5.3	  0.0
5.4	  0.0
5.5	  0.0
5.6	  0.0
5.7	  0.0
5.8	  0.0
5.9	  0.0
6.0	  0.0
6.1	  0.0
6.2	  0.0
6.3	  0.0
6.4	  0.0
6.5	  0.0
6.6	  0.0
6.7	  0.0
6.8	  0.0
6.9	  0.0
7.0	  0.0
7.1	  0.0
7.2	  0.0
7.3	  0.0
7.4	  0.0
7.5	  0.0
7.6	  0.0
7.7	  0.0
7.8	  0.0
7.9	  0.0
8.0	  0.0
8.1	  0.0
8.2	  0.0
8.3	  0.0
8.4	  0.0
8.5	  0.0
8.6	  0.0
8.7	  0.0
8.8	  0.0
8.9	  0.0
9.0	  0.0



DATASET #6

     Name: 1 d Prob
   Points: 66
     Info: 

Data[x,y]:
2.5	  0.99973
2.6	  0.99868
2.7	  0.99479
2.8	  0.9849
2.9	  0.96565
3.0	  0.93279
3.1	  0.88308
3.2	  0.8209
3.3	  0.74561
3.4	  0.66385
3.5	  0.58199
3.6	  0.50219
3.7	  0.4268
3.8	  0.35838
3.9	  0.29733
4.0	  0.24497
4.1	  0.2006
4.2	  0.16212
4.3	  0.13161
4.4	  0.1069
4.5	  0.0857
4.6	  0.06893
4.7	  0.05542
4.8	  0.04423
4.9	  0.03545
5.0	  0.02819
5.1	  0.02237
5.2	  0.01751
5.3	  0.01376
5.4	  0.011
5.5	  0.00865
5.6	  0.00669
5.7	  0.00518
5.8	  0.00385
5.9	  0.00303
6.0	  0.0023
6.1	  0.00172
6.2	  0.0012
6.3	  9.2E-4
6.4	  6.9E-4
6.5	  5.3E-4
6.6	  4.7E-4
6.7	  3.7E-4
6.8	  3.1E-4
6.9	  2.4E-4
7.0	  2.0E-4
7.1	  1.8E-4
7.2	  1.3E-4
7.3	  9.0E-5
7.4	  8.0E-5
7.5	  7.0E-5
7.6	  3.0E-5
7.7	  0.0
7.8	  0.0
7.9	  0.0
8.0	  0.0
8.1	  0.0
8.2	  0.0
8.3	  0.0
8.4	  0.0
8.5	  0.0
8.6	  0.0
8.7	  0.0
8.8	  0.0
8.9	  0.0
9.0	  0.0



DATASET #7

Name: 95% Conf
Num Points: 66
Info: 

X, Y Data:
2.5	0.99973	[0.99960124	0.9998185]
2.6	0.99868	[0.9984296	0.9988913]
2.7	0.99479	[0.9943192	0.9952224]
2.8	0.9849	[0.9841202	0.9856423]
2.9	0.96565	[0.9644981	0.966766]
3.0	0.93279	[0.93121636	0.9343303]
3.1	0.88308	[0.88106865	0.88506186]
3.2	0.8209	[0.8185061	0.8232692]
3.3	0.74561	[0.7428962	0.7483049]
3.4	0.66385	[0.66091084	0.66677654]
3.5	0.58199	[0.57892483	0.58504885]
3.6	0.50219	[0.49908596	0.50529385]
3.7	0.4268	[0.42373222	0.4298734]
3.8	0.35838	[0.35540837	0.36136252]
3.9	0.29733	[0.2944998	0.3001758]
4.0	0.24497	[0.24230926	0.24765038]
4.1	0.2006	[0.19812453	0.20309852]
4.2	0.16212	[0.15984365	0.16442236]
4.3	0.13161	[0.12952383	0.13372456]
4.4	0.1069	[0.104995005	0.10883528]
4.5	0.0857	[0.083975956	0.087455966]
4.6	0.06893	[0.06737137	0.070521854]
4.7	0.05542	[0.054013956	0.05686032]
4.8	0.04423	[0.042968124	0.04552703]
4.9	0.03545	[0.034316696	0.03661915]
5.0	0.02819	[0.027177198	0.029239228]
5.1	0.02237	[0.02146669	0.023310207]
5.2	0.01751	[0.016710505	0.018346792]
5.3	0.01376	[0.013051548	0.014506068]
5.4	0.011	[0.010367196	0.011670663]
5.5	0.00865	[0.008089785	0.009248293]
5.6	0.00669	[0.006198536	0.0072197393]
5.7	0.00518	[0.004748893	0.0056495504]
5.8	0.00385	[0.0034800032	0.0042586112]
5.9	0.00303	[0.0027031852	0.0033955562]
6.0	0.0023	[0.0020169246	0.0026219557]
6.1	0.00172	[0.0014769755	0.0020020502]
6.2	0.0012	[9.991784E-4	0.0014400333]
6.3	9.2E-4	[7.457983E-4	0.0011335606]
6.4	6.9E-4	[5.408903E-4	8.786416E-4]
6.5	5.3E-4	[4.0092098E-4	6.987858E-4]
6.6	4.7E-4	[3.49198E-4	6.305945E-4]
6.7	3.7E-4	[2.6425757E-4	5.157182E-4]
6.8	3.1E-4	[2.1428046E-4	4.458429E-4]
6.9	2.4E-4	[1.5727628E-4	3.6308065E-4]
7.0	2.0E-4	[1.2555439E-4	3.1498473E-4]
7.1	1.8E-4	[1.0999825E-4	2.9065256E-4]
7.2	1.3E-4	[7.23001E-5	2.287271E-4]
7.3	9.0E-5	[4.39234E-5	1.7758983E-4]
7.4	8.0E-5	[3.7198402E-5	1.6448459E-4]
7.5	7.0E-5	[3.0673422E-5	1.5121036E-4]
7.6	3.0E-5	[7.747817E-6	9.559829E-5]
7.7	0.0	[0.0	4.7892154E-5]
7.8	0.0	[0.0	4.7892154E-5]
7.9	0.0	[0.0	4.7892154E-5]
8.0	0.0	[0.0	4.7892154E-5]
8.1	0.0	[0.0	4.7892154E-5]
8.2	0.0	[0.0	4.7892154E-5]
8.3	0.0	[0.0	4.7892154E-5]
8.4	0.0	[0.0	0.0]
8.5	0.0	[0.0	0.0]
8.6	0.0	[0.0	0.0]
8.7	0.0	[0.0	0.0]
8.8	0.0	[0.0	0.0]
8.9	0.0	[0.0	0.0]
9.0	0.0	[0.0	0.0]



DATASET #8

     Name: Supra
   Points: 66
     Info: 

Data[x,y]:
2.5	  7.4E-4
2.6	  7.4E-4
2.7	  7.4E-4
2.8	  7.4E-4
2.9	  7.4E-4
3.0	  7.4E-4
3.1	  7.4E-4
3.2	  7.4E-4
3.3	  7.4E-4
3.4	  7.4E-4
3.5	  7.4E-4
3.6	  7.4E-4
3.7	  7.4E-4
3.8	  7.4E-4
3.9	  7.4E-4
4.0	  7.4E-4
4.1	  7.4E-4
4.2	  7.4E-4
4.3	  7.4E-4
4.4	  7.4E-4
4.5	  7.4E-4
4.6	  7.4E-4
4.7	  7.4E-4
4.8	  7.4E-4
4.9	  7.4E-4
5.0	  7.4E-4
5.1	  7.4E-4
5.2	  7.4E-4
5.3	  7.4E-4
5.4	  7.4E-4
5.5	  7.4E-4
5.6	  7.4E-4
5.7	  7.4E-4
5.8	  7.4E-4
5.9	  7.4E-4
6.0	  7.4E-4
6.1	  6.6E-4
6.2	  5.2E-4
6.3	  3.9E-4
6.4	  3.6E-4
6.5	  3.1E-4
6.6	  2.8E-4
6.7	  2.5E-4
6.8	  2.3E-4
6.9	  1.9E-4
7.0	  1.8E-4
7.1	  1.7E-4
7.2	  1.2E-4
7.3	  9.0E-5
7.4	  8.0E-5
7.5	  7.0E-5
7.6	  3.0E-5
7.7	  0.0
7.8	  0.0
7.9	  0.0
8.0	  0.0
8.1	  0.0
8.2	  0.0
8.3	  0.0
8.4	  0.0
8.5	  0.0
8.6	  0.0
8.7	  0.0
8.8	  0.0
8.9	  0.0
9.0	  0.0



DATASET #9

     Name: Primary
   Points: 66
     Info: 

Data[x,y]:
2.5	  8.26795
2.6	  6.56499
2.7	  5.21179
2.8	  4.14091
2.9	  3.28708
3.0	  2.61211
3.1	  2.07489
3.2	  1.64865
3.3	  1.30776
3.4	  1.03972
3.5	  0.82756
3.6	  0.65809
3.7	  0.52257
3.8	  0.41526
3.9	  0.32966
4.0	  0.26104
4.1	  0.20655
4.2	  0.16258
4.3	  0.12904
4.4	  0.10277
4.5	  0.08104
4.6	  0.06406
4.7	  0.05096
4.8	  0.04024
4.9	  0.03174
5.0	  0.02503
5.1	  0.01968
5.2	  0.01527
5.3	  0.01189
5.4	  0.00954
5.5	  0.00743
5.6	  0.00562
5.7	  0.00428
5.8	  0.00317
5.9	  0.0025
6.0	  0.00188
6.1	  0.00139
6.2	  9.8E-4
6.3	  7.5E-4
6.4	  5.4E-4
6.5	  3.9E-4
6.6	  3.3E-4
6.7	  2.5E-4
6.8	  2.0E-4
6.9	  1.6E-4
7.0	  1.4E-4
7.1	  1.3E-4
7.2	  9.0E-5
7.3	  6.0E-5
7.4	  5.0E-5
7.5	  4.0E-5
7.6	  2.0E-5
7.7	  0.0
7.8	  0.0
7.9	  0.0
8.0	  0.0
8.1	  0.0
8.2	  0.0
8.3	  0.0
8.4	  0.0
8.5	  0.0
8.6	  0.0
8.7	  0.0
8.8	  0.0
8.9	  0.0
9.0	  0.0


