
X-Axis: Magnitude
Y-Axis: 1 Month Cumulative Number
Number of Data Sets: 9


DATASET #1

     Name: Mean
   Points: 66
     Info: 

Data[x,y]:
2.5	  250.81831
2.6	  198.84637
2.7	  157.6898
2.8	  125.20236
2.9	  99.5421
3.0	  79.05613
3.1	  62.809452
3.2	  49.868538
3.3	  39.769573
3.4	  31.475628
3.5	  25.005909
3.6	  19.905466
3.7	  15.892171
3.8	  12.490398
3.9	  9.874446
4.0	  7.8404727
4.1	  6.2186117
4.2	  4.9084196
4.3	  3.9113736
4.4	  3.0945346
4.5	  2.4165435
4.6	  1.9084195
4.7	  1.5258493
4.8	  1.2171345
4.9	  0.94977844
5.0	  0.72082716
5.1	  0.5716396
5.2	  0.4549483
5.3	  0.34121123
5.4	  0.2747415
5.5	  0.19940916
5.6	  0.15509601
5.7	  0.11373708
5.8	  0.090103395
5.9	  0.05465288
6.0	  0.044313148
6.1	  0.026587889
6.2	  0.020679468
6.3	  0.014771049
6.4	  0.013293944
6.5	  0.0088626295
6.6	  0.0073855245
6.7	  0.0044313148
6.8	  0.0044313148
6.9	  0.0044313148
7.0	  0.0014771048
7.1	  0.0014771048
7.2	  0.0014771048
7.3	  0.0014771048
7.4	  0.0014771048
7.5	  0.0014771048
7.6	  0.0014771048
7.7	  0.0
7.8	  0.0
7.9	  0.0
8.0	  0.0
8.1	  0.0
8.2	  0.0
8.3	  0.0
8.4	  0.0
8.5	  0.0
8.6	  0.0
8.7	  0.0
8.8	  0.0
8.9	  0.0
9.0	  0.0



DATASET #2

     Name: 2.5%,97.5%
   Points: 66
     Info: 

Data[x,y]:
2.5	  171.0
2.6	  133.0
2.7	  102.0
2.8	  80.0
2.9	  61.0
3.0	  47.0
3.1	  36.0
3.2	  27.0
3.3	  21.0
3.4	  16.0
3.5	  11.0
3.6	  8.0
3.7	  6.0
3.8	  4.0
3.9	  3.0
4.0	  2.0
4.1	  1.0
4.2	  1.0
4.3	  0.0
4.4	  0.0
4.5	  0.0
4.6	  0.0
4.7	  0.0
4.8	  0.0
4.9	  0.0
5.0	  0.0
5.1	  0.0
5.2	  0.0
5.3	  0.0
5.4	  0.0
5.5	  0.0
5.6	  0.0
5.7	  0.0
5.8	  0.0
5.9	  0.0
6.0	  0.0
6.1	  0.0
6.2	  0.0
6.3	  0.0
6.4	  0.0
6.5	  0.0
6.6	  0.0
6.7	  0.0
6.8	  0.0
6.9	  0.0
7.0	  0.0
7.1	  0.0
7.2	  0.0
7.3	  0.0
7.4	  0.0
7.5	  0.0
7.6	  0.0
7.7	  0.0
7.8	  0.0
7.9	  0.0
8.0	  0.0
8.1	  0.0
8.2	  0.0
8.3	  0.0
8.4	  0.0
8.5	  0.0
8.6	  0.0
8.7	  0.0
8.8	  0.0
8.9	  0.0
9.0	  0.0



DATASET #3

     Name: null
   Points: 66
     Info: 

Data[x,y]:
2.5	  504.0
2.6	  401.0
2.7	  320.0
2.8	  253.0
2.9	  208.0
3.0	  165.0
3.1	  127.0
3.2	  98.0
3.3	  80.0
3.4	  64.0
3.5	  51.0
3.6	  40.0
3.7	  34.0
3.8	  29.0
3.9	  24.0
4.0	  20.0
4.1	  16.0
4.2	  13.0
4.3	  11.0
4.4	  9.0
4.5	  8.0
4.6	  7.0
4.7	  6.0
4.8	  5.0
4.9	  4.0
5.0	  3.0
5.1	  3.0
5.2	  3.0
5.3	  2.0
5.4	  2.0
5.5	  2.0
5.6	  2.0
5.7	  1.0
5.8	  1.0
5.9	  1.0
6.0	  1.0
6.1	  1.0
6.2	  0.0
6.3	  0.0
6.4	  0.0
6.5	  0.0
6.6	  0.0
6.7	  0.0
6.8	  0.0
6.9	  0.0
7.0	  0.0
7.1	  0.0
7.2	  0.0
7.3	  0.0
7.4	  0.0
7.5	  0.0
7.6	  0.0
7.7	  0.0
7.8	  0.0
7.9	  0.0
8.0	  0.0
8.1	  0.0
8.2	  0.0
8.3	  0.0
8.4	  0.0
8.5	  0.0
8.6	  0.0
8.7	  0.0
8.8	  0.0
8.9	  0.0
9.0	  0.0



DATASET #4

     Name: Median
   Points: 66
     Info: 

Data[x,y]:
2.5	  218.0
2.6	  173.0
2.7	  138.0
2.8	  109.0
2.9	  86.0
3.0	  69.0
3.1	  55.0
3.2	  44.0
3.3	  35.0
3.4	  28.0
3.5	  22.0
3.6	  17.0
3.7	  14.0
3.8	  11.0
3.9	  8.0
4.0	  7.0
4.1	  5.0
4.2	  4.0
4.3	  3.0
4.4	  2.0
4.5	  2.0
4.6	  1.0
4.7	  1.0
4.8	  1.0
4.9	  1.0
5.0	  0.0
5.1	  0.0
5.2	  0.0
5.3	  0.0
5.4	  0.0
5.5	  0.0
5.6	  0.0
5.7	  0.0
5.8	  0.0
5.9	  0.0
6.0	  0.0
6.1	  0.0
6.2	  0.0
6.3	  0.0
6.4	  0.0
6.5	  0.0
6.6	  0.0
6.7	  0.0
6.8	  0.0
6.9	  0.0
7.0	  0.0
7.1	  0.0
7.2	  0.0
7.3	  0.0
7.4	  0.0
7.5	  0.0
7.6	  0.0
7.7	  0.0
7.8	  0.0
7.9	  0.0
8.0	  0.0
8.1	  0.0
8.2	  0.0
8.3	  0.0
8.4	  0.0
8.5	  0.0
8.6	  0.0
8.7	  0.0
8.8	  0.0
8.9	  0.0
9.0	  0.0



DATASET #5

     Name: Mode
   Points: 66
     Info: 

Data[x,y]:
2.5	  213.0
2.6	  160.0
2.7	  146.0
2.8	  106.0
2.9	  85.0
3.0	  68.0
3.1	  57.0
3.2	  44.0
3.3	  35.0
3.4	  29.0
3.5	  20.0
3.6	  15.0
3.7	  12.0
3.8	  10.0
3.9	  8.0
4.0	  6.0
4.1	  4.0
4.2	  3.0
4.3	  3.0
4.4	  2.0
4.5	  1.0
4.6	  1.0
4.7	  1.0
4.8	  0.0
4.9	  0.0
5.0	  0.0
5.1	  0.0
5.2	  0.0
5.3	  0.0
5.4	  0.0
5.5	  0.0
5.6	  0.0
5.7	  0.0
5.8	  0.0
5.9	  0.0
6.0	  0.0
6.1	  0.0
6.2	  0.0
6.3	  0.0
6.4	  0.0
6.5	  0.0
6.6	  0.0
6.7	  0.0
6.8	  0.0
6.9	  0.0
7.0	  0.0
7.1	  0.0
7.2	  0.0
7.3	  0.0
7.4	  0.0
7.5	  0.0
7.6	  0.0
7.7	  0.0
7.8	  0.0
7.9	  0.0
8.0	  0.0
8.1	  0.0
8.2	  0.0
8.3	  0.0
8.4	  0.0
8.5	  0.0
8.6	  0.0
8.7	  0.0
8.8	  0.0
8.9	  0.0
9.0	  0.0



DATASET #6

     Name: 1 mo Prob
   Points: 66
     Info: 

Data[x,y]:
2.5	  1.0
2.6	  1.0
2.7	  1.0
2.8	  1.0
2.9	  1.0
3.0	  1.0
3.1	  1.0
3.2	  1.0
3.3	  1.0
3.4	  1.0
3.5	  1.0
3.6	  1.0
3.7	  0.9985229
3.8	  0.9985229
3.9	  0.9970458
4.0	  0.9955687
4.1	  0.9911374
4.2	  0.98079765
4.3	  0.95716393
4.4	  0.92466766
4.5	  0.8655835
4.6	  0.7799114
4.7	  0.70901036
4.8	  0.62038404
4.9	  0.5243722
5.0	  0.43574592
5.1	  0.37666175
5.2	  0.31019202
5.3	  0.24667652
5.4	  0.20236337
5.5	  0.15509601
5.6	  0.12850812
5.7	  0.09601182
5.8	  0.07680945
5.9	  0.050221566
6.0	  0.041358937
6.1	  0.026587889
6.2	  0.020679468
6.3	  0.014771049
6.4	  0.013293944
6.5	  0.0088626295
6.6	  0.0073855245
6.7	  0.0044313148
6.8	  0.0044313148
6.9	  0.0044313148
7.0	  0.0014771048
7.1	  0.0014771048
7.2	  0.0014771048
7.3	  0.0014771048
7.4	  0.0014771048
7.5	  0.0014771048
7.6	  0.0014771048
7.7	  0.0
7.8	  0.0
7.9	  0.0
8.0	  0.0
8.1	  0.0
8.2	  0.0
8.3	  0.0
8.4	  0.0
8.5	  0.0
8.6	  0.0
8.7	  0.0
8.8	  0.0
8.9	  0.0
9.0	  0.0



DATASET #7

Name: 95% Conf
Num Points: 66
Info: 

X, Y Data:
2.5	1.0	[1.0	1.0]
2.6	1.0	[1.0	1.0]
2.7	1.0	[1.0	1.0]
2.8	1.0	[1.0	1.0]
2.9	1.0	[1.0	1.0]
3.0	1.0	[1.0	1.0]
3.1	1.0	[1.0	1.0]
3.2	1.0	[1.0	1.0]
3.3	1.0	[1.0	1.0]
3.4	1.0	[1.0	1.0]
3.5	1.0	[1.0	1.0]
3.6	1.0	[1.0	1.0]
3.7	0.9985229	[0.99046314	0.9999229]
3.8	0.9985229	[0.99046314	0.9999229]
3.9	0.9970458	[0.9881588	0.9994882]
4.0	0.9955687	[0.98597056	0.9988549]
4.1	0.9911374	[0.9798017	0.9963923]
4.2	0.98079765	[0.96650565	0.98929006]
4.3	0.95716393	[0.9383006	0.97062266]
4.4	0.92466766	[0.90147984	0.94288695]
4.5	0.8655835	[0.83702254	0.889901]
4.6	0.7799114	[0.74639934	0.8101902]
4.7	0.70901036	[0.6729318	0.7426795]
4.8	0.62038404	[0.58249724	0.65688497]
4.9	0.5243722	[0.48598403	0.56248003]
5.0	0.43574592	[0.3981329	0.47409838]
5.1	0.37666175	[0.3402333	0.41451013]
5.2	0.31019202	[0.2757882	0.34678307]
5.3	0.24667652	[0.2149916	0.28128493]
5.4	0.20236337	[0.17312379	0.23504333]
5.5	0.15509601	[0.12909897	0.18509011]
5.6	0.12850812	[0.10470582	0.15662472]
5.7	0.09601182	[0.075385496	0.12134758]
5.8	0.07680945	[0.058405604	0.10016305]
5.9	0.050221566	[0.03553714	0.070206225]
6.0	0.041358937	[0.02815896	0.059985027]
6.1	0.026587889	[0.016308298	0.04252691]
6.2	0.020679468	[0.011804866	0.03532344]
6.3	0.014771049	[0.0075233136	0.027919443]
6.4	0.013293944	[0.0065013333	0.026025753]
6.5	0.0088626295	[0.0036076875	0.020198315]
6.6	0.0073855245	[0.002722119	0.018191215]
6.7	0.0044313148	[0.00114512	0.014029472]
6.8	0.0044313148	[0.00114512	0.014029472]
6.9	0.0044313148	[0.00114512	0.014029472]
7.0	0.0014771048	[7.7107616E-5	0.009536892]
7.1	0.0014771048	[7.7107616E-5	0.009536892]
7.2	0.0014771048	[7.7107616E-5	0.009536892]
7.3	0.0014771048	[7.7107616E-5	0.009536892]
7.4	0.0014771048	[7.7107616E-5	0.009536892]
7.5	0.0014771048	[7.7107616E-5	0.009536892]
7.6	0.0014771048	[7.7107616E-5	0.009536892]
7.7	0.0	[0.0	0.0070340913]
7.8	0.0	[0.0	0.0070340913]
7.9	0.0	[0.0	0.0070340913]
8.0	0.0	[0.0	0.0070340913]
8.1	0.0	[0.0	0.0070340913]
8.2	0.0	[0.0	0.0070340913]
8.3	0.0	[0.0	0.0070340913]
8.4	0.0	[0.0	0.0]
8.5	0.0	[0.0	0.0]
8.6	0.0	[0.0	0.0]
8.7	0.0	[0.0	0.0]
8.8	0.0	[0.0	0.0]
8.9	0.0	[0.0	0.0]
9.0	0.0	[0.0	0.0]



DATASET #8

     Name: Supra
   Points: 66
     Info: 

Data[x,y]:
2.5	  0.011816839
2.6	  0.011816839
2.7	  0.011816839
2.8	  0.011816839
2.9	  0.011816839
3.0	  0.011816839
3.1	  0.011816839
3.2	  0.011816839
3.3	  0.011816839
3.4	  0.011816839
3.5	  0.011816839
3.6	  0.011816839
3.7	  0.011816839
3.8	  0.011816839
3.9	  0.011816839
4.0	  0.011816839
4.1	  0.011816839
4.2	  0.011816839
4.3	  0.011816839
4.4	  0.011816839
4.5	  0.011816839
4.6	  0.011816839
4.7	  0.011816839
4.8	  0.011816839
4.9	  0.011816839
5.0	  0.011816839
5.1	  0.011816839
5.2	  0.011816839
5.3	  0.011816839
5.4	  0.011816839
5.5	  0.011816839
5.6	  0.011816839
5.7	  0.011816839
5.8	  0.011816839
5.9	  0.011816839
6.0	  0.011816839
6.1	  0.0073855245
6.2	  0.0059084194
6.3	  0.0059084194
6.4	  0.0059084194
6.5	  0.0044313148
6.6	  0.0044313148
6.7	  0.0044313148
6.8	  0.0044313148
6.9	  0.0044313148
7.0	  0.0014771048
7.1	  0.0014771048
7.2	  0.0014771048
7.3	  0.0014771048
7.4	  0.0014771048
7.5	  0.0014771048
7.6	  0.0014771048
7.7	  0.0
7.8	  0.0
7.9	  0.0
8.0	  0.0
8.1	  0.0
8.2	  0.0
8.3	  0.0
8.4	  0.0
8.5	  0.0
8.6	  0.0
8.7	  0.0
8.8	  0.0
8.9	  0.0
9.0	  0.0



DATASET #9

     Name: Primary
   Points: 66
     Info: 

Data[x,y]:
2.5	  162.61891
2.6	  128.90399
2.7	  102.23929
2.8	  80.92762
2.9	  64.41064
3.0	  51.186115
3.1	  40.59823
3.2	  32.333824
3.3	  25.680944
3.4	  20.27031
3.5	  16.036928
3.6	  12.750369
3.7	  10.194978
3.8	  8.042836
3.9	  6.350074
4.0	  5.044313
4.1	  3.998523
4.2	  3.1506648
4.3	  2.5007386
4.4	  1.9822748
4.5	  1.5420974
4.6	  1.2082717
4.7	  0.94387
4.8	  0.7548006
4.9	  0.59527326
5.0	  0.43574592
5.1	  0.34564254
5.2	  0.27621862
5.3	  0.20827179
5.4	  0.17134416
5.5	  0.122599706
5.6	  0.09305761
5.7	  0.070901036
5.8	  0.056129985
5.9	  0.03692762
6.0	  0.028064992
6.1	  0.019202363
6.2	  0.013293944
6.3	  0.0088626295
6.4	  0.0073855245
6.5	  0.0059084194
6.6	  0.0044313148
6.7	  0.0029542097
6.8	  0.0029542097
6.9	  0.0029542097
7.0	  0.0014771048
7.1	  0.0014771048
7.2	  0.0014771048
7.3	  0.0014771048
7.4	  0.0014771048
7.5	  0.0014771048
7.6	  0.0014771048
7.7	  0.0
7.8	  0.0
7.9	  0.0
8.0	  0.0
8.1	  0.0
8.2	  0.0
8.3	  0.0
8.4	  0.0
8.5	  0.0
8.6	  0.0
8.7	  0.0
8.8	  0.0
8.9	  0.0
9.0	  0.0


