
X-Axis: Magnitude
Y-Axis: 1 Year Cumulative Number
Number of Data Sets: 9


DATASET #1

     Name: Mean
   Points: 66
     Info: 

Data[x,y]:
2.5	  1050.5837
2.6	  834.2994
2.7	  662.6157
2.8	  526.2614
2.9	  418.03757
3.0	  332.0864
3.1	  263.7707
3.2	  209.43181
3.3	  166.39133
3.4	  132.12459
3.5	  104.912155
3.6	  83.31493
3.7	  66.175
3.8	  52.479168
3.9	  41.69042
4.0	  33.10632
4.1	  26.259098
4.2	  20.831875
4.3	  16.543125
4.4	  13.132153
4.5	  10.403958
4.6	  8.25132
4.7	  6.5289583
4.8	  5.1659026
4.9	  4.091944
5.0	  3.2252083
5.1	  2.5380557
5.2	  2.00375
5.3	  1.5742362
5.4	  1.2280556
5.5	  0.9508333
5.6	  0.73777777
5.7	  0.56631947
5.8	  0.43131945
5.9	  0.32201388
6.0	  0.24597222
6.1	  0.18131945
6.2	  0.12083333
6.3	  0.092083335
6.4	  0.070763886
6.5	  0.054027777
6.6	  0.043402776
6.7	  0.033888888
6.8	  0.027569445
6.9	  0.019861111
7.0	  0.015555556
7.1	  0.013125
7.2	  0.009930556
7.3	  0.006875
7.4	  0.0058333334
7.5	  0.0044444446
7.6	  0.0020833334
7.7	  5.5555557E-4
7.8	  4.1666668E-4
7.9	  3.4722223E-4
8.0	  2.0833334E-4
8.1	  0.0
8.2	  0.0
8.3	  0.0
8.4	  0.0
8.5	  0.0
8.6	  0.0
8.7	  0.0
8.8	  0.0
8.9	  0.0
9.0	  0.0



DATASET #2

     Name: 2.5%,97.5%
   Points: 66
     Info: 

Data[x,y]:
2.5	  685.0
2.6	  541.0
2.7	  427.0
2.8	  335.0
2.9	  263.0
3.0	  206.0
3.1	  162.0
3.2	  126.0
3.3	  98.0
3.4	  76.0
3.5	  58.0
3.6	  45.0
3.7	  34.0
3.8	  26.0
3.9	  20.0
4.0	  15.0
4.1	  11.0
4.2	  8.0
4.3	  5.0
4.4	  4.0
4.5	  2.0
4.6	  2.0
4.7	  1.0
4.8	  0.0
4.9	  0.0
5.0	  0.0
5.1	  0.0
5.2	  0.0
5.3	  0.0
5.4	  0.0
5.5	  0.0
5.6	  0.0
5.7	  0.0
5.8	  0.0
5.9	  0.0
6.0	  0.0
6.1	  0.0
6.2	  0.0
6.3	  0.0
6.4	  0.0
6.5	  0.0
6.6	  0.0
6.7	  0.0
6.8	  0.0
6.9	  0.0
7.0	  0.0
7.1	  0.0
7.2	  0.0
7.3	  0.0
7.4	  0.0
7.5	  0.0
7.6	  0.0
7.7	  0.0
7.8	  0.0
7.9	  0.0
8.0	  0.0
8.1	  0.0
8.2	  0.0
8.3	  0.0
8.4	  0.0
8.5	  0.0
8.6	  0.0
8.7	  0.0
8.8	  0.0
8.9	  0.0
9.0	  0.0



DATASET #3

     Name: null
   Points: 66
     Info: 

Data[x,y]:
2.5	  2490.0
2.6	  1982.0
2.7	  1576.0
2.8	  1257.0
2.9	  998.0
3.0	  795.0
3.1	  631.0
3.2	  505.0
3.3	  401.0
3.4	  319.0
3.5	  254.0
3.6	  200.0
3.7	  160.0
3.8	  129.0
3.9	  102.0
4.0	  82.0
4.1	  65.0
4.2	  53.0
4.3	  43.0
4.4	  35.0
4.5	  28.0
4.6	  23.0
4.7	  18.0
4.8	  15.0
4.9	  13.0
5.0	  10.0
5.1	  9.0
5.2	  7.0
5.3	  6.0
5.4	  5.0
5.5	  4.0
5.6	  4.0
5.7	  3.0
5.8	  3.0
5.9	  2.0
6.0	  2.0
6.1	  2.0
6.2	  1.0
6.3	  1.0
6.4	  1.0
6.5	  1.0
6.6	  1.0
6.7	  1.0
6.8	  1.0
6.9	  0.0
7.0	  0.0
7.1	  0.0
7.2	  0.0
7.3	  0.0
7.4	  0.0
7.5	  0.0
7.6	  0.0
7.7	  0.0
7.8	  0.0
7.9	  0.0
8.0	  0.0
8.1	  0.0
8.2	  0.0
8.3	  0.0
8.4	  0.0
8.5	  0.0
8.6	  0.0
8.7	  0.0
8.8	  0.0
8.9	  0.0
9.0	  0.0



DATASET #4

     Name: Median
   Points: 66
     Info: 

Data[x,y]:
2.5	  857.0
2.6	  682.0
2.7	  542.0
2.8	  431.0
2.9	  343.0
3.0	  273.0
3.1	  217.0
3.2	  172.0
3.3	  137.0
3.4	  109.0
3.5	  87.0
3.6	  69.0
3.7	  55.0
3.8	  44.0
3.9	  35.0
4.0	  28.0
4.1	  22.0
4.2	  17.0
4.3	  14.0
4.4	  11.0
4.5	  9.0
4.6	  7.0
4.7	  5.0
4.8	  4.0
4.9	  3.0
5.0	  2.0
5.1	  2.0
5.2	  1.0
5.3	  1.0
5.4	  1.0
5.5	  1.0
5.6	  0.0
5.7	  0.0
5.8	  0.0
5.9	  0.0
6.0	  0.0
6.1	  0.0
6.2	  0.0
6.3	  0.0
6.4	  0.0
6.5	  0.0
6.6	  0.0
6.7	  0.0
6.8	  0.0
6.9	  0.0
7.0	  0.0
7.1	  0.0
7.2	  0.0
7.3	  0.0
7.4	  0.0
7.5	  0.0
7.6	  0.0
7.7	  0.0
7.8	  0.0
7.9	  0.0
8.0	  0.0
8.1	  0.0
8.2	  0.0
8.3	  0.0
8.4	  0.0
8.5	  0.0
8.6	  0.0
8.7	  0.0
8.8	  0.0
8.9	  0.0
9.0	  0.0



DATASET #5

     Name: Mode
   Points: 66
     Info: 

Data[x,y]:
2.5	  776.0
2.6	  630.0
2.7	  491.0
2.8	  398.0
2.9	  296.0
3.0	  245.0
3.1	  196.0
3.2	  153.0
3.3	  122.0
3.4	  101.0
3.5	  79.0
3.6	  63.0
3.7	  50.0
3.8	  37.0
3.9	  29.0
4.0	  25.0
4.1	  20.0
4.2	  15.0
4.3	  12.0
4.4	  9.0
4.5	  8.0
4.6	  6.0
4.7	  4.0
4.8	  3.0
4.9	  2.0
5.0	  2.0
5.1	  1.0
5.2	  1.0
5.3	  0.0
5.4	  0.0
5.5	  0.0
5.6	  0.0
5.7	  0.0
5.8	  0.0
5.9	  0.0
6.0	  0.0
6.1	  0.0
6.2	  0.0
6.3	  0.0
6.4	  0.0
6.5	  0.0
6.6	  0.0
6.7	  0.0
6.8	  0.0
6.9	  0.0
7.0	  0.0
7.1	  0.0
7.2	  0.0
7.3	  0.0
7.4	  0.0
7.5	  0.0
7.6	  0.0
7.7	  0.0
7.8	  0.0
7.9	  0.0
8.0	  0.0
8.1	  0.0
8.2	  0.0
8.3	  0.0
8.4	  0.0
8.5	  0.0
8.6	  0.0
8.7	  0.0
8.8	  0.0
8.9	  0.0
9.0	  0.0



DATASET #6

     Name: 1 yr Prob
   Points: 66
     Info: 

Data[x,y]:
2.5	  1.0
2.6	  1.0
2.7	  1.0
2.8	  1.0
2.9	  1.0
3.0	  1.0
3.1	  1.0
3.2	  1.0
3.3	  1.0
3.4	  1.0
3.5	  1.0
3.6	  1.0
3.7	  1.0
3.8	  1.0
3.9	  1.0
4.0	  1.0
4.1	  1.0
4.2	  1.0
4.3	  1.0
4.4	  0.9998611
4.5	  0.99895835
4.6	  0.9957639
4.7	  0.9884028
4.8	  0.97305554
4.9	  0.94125
5.0	  0.89597225
5.1	  0.838125
5.2	  0.7629167
5.3	  0.67972225
5.4	  0.59625
5.5	  0.510625
5.6	  0.43444446
5.7	  0.35958335
5.8	  0.29034722
5.9	  0.22958334
6.0	  0.18256944
6.1	  0.14055556
6.2	  0.09854167
6.3	  0.07756945
6.4	  0.060694445
6.5	  0.046597224
6.6	  0.038402777
6.7	  0.030416667
6.8	  0.025277779
6.9	  0.018402778
7.0	  0.0147916665
7.1	  0.0125
7.2	  0.009652778
7.3	  0.006736111
7.4	  0.005763889
7.5	  0.0044444446
7.6	  0.0020833334
7.7	  5.5555557E-4
7.8	  4.1666668E-4
7.9	  3.4722223E-4
8.0	  2.0833334E-4
8.1	  0.0
8.2	  0.0
8.3	  0.0
8.4	  0.0
8.5	  0.0
8.6	  0.0
8.7	  0.0
8.8	  0.0
8.9	  0.0
9.0	  0.0



DATASET #7

Name: 95% Conf
Num Points: 66
Info: 

X, Y Data:
2.5	1.0	[1.0	1.0]
2.6	1.0	[1.0	1.0]
2.7	1.0	[1.0	1.0]
2.8	1.0	[1.0	1.0]
2.9	1.0	[1.0	1.0]
3.0	1.0	[1.0	1.0]
3.1	1.0	[1.0	1.0]
3.2	1.0	[1.0	1.0]
3.3	1.0	[1.0	1.0]
3.4	1.0	[1.0	1.0]
3.5	1.0	[1.0	1.0]
3.6	1.0	[1.0	1.0]
3.7	1.0	[1.0	1.0]
3.8	1.0	[1.0	1.0]
3.9	1.0	[1.0	1.0]
4.0	1.0	[1.0	1.0]
4.1	1.0	[1.0	1.0]
4.2	1.0	[1.0	1.0]
4.3	1.0	[1.0	1.0]
4.4	0.9998611	[0.99943995	0.9999759]
4.5	0.99895835	[0.99823874	0.9993948]
4.6	0.9957639	[0.99452376	0.9967309]
4.7	0.9884028	[0.9864819	0.990058]
4.8	0.97305554	[0.97024566	0.97560984]
4.9	0.94125	[0.93725437	0.94500816]
5.0	0.89597225	[0.8908442	0.90088755]
5.1	0.838125	[0.83198357	0.84408504]
5.2	0.7629167	[0.7558656	0.7698268]
5.3	0.67972225	[0.67201936	0.68732876]
5.4	0.59625	[0.5881766	0.6042718]
5.5	0.510625	[0.5024237	0.5188206]
5.6	0.43444446	[0.42633218	0.44259182]
5.7	0.35958335	[0.35174918	0.3674927]
5.8	0.29034722	[0.2829554	0.2978514]
5.9	0.22958334	[0.22275242	0.23655923]
6.0	0.18256944	[0.17631035	0.18899879]
6.1	0.14055556	[0.13494039	0.14636363]
6.2	0.09854167	[0.093746185	0.10355282]
6.3	0.07756945	[0.073278375	0.082087636]
6.4	0.060694445	[0.05687681	0.064748496]
6.5	0.046597224	[0.04324034	0.050198395]
6.6	0.038402777	[0.03535182	0.04170268]
6.7	0.030416667	[0.027701385	0.033385526]
6.8	0.025277779	[0.022804802	0.028007401]
6.9	0.018402778	[0.01629983	0.020766672]
7.0	0.0147916665	[0.012912927	0.016933769]
7.1	0.0125	[0.010778706	0.014486295]
7.2	0.009652778	[0.008149584	0.011423197]
7.3	0.006736111	[0.005494061	0.00824808]
7.4	0.005763889	[0.004621383	0.0071773874]
7.5	0.0044444446	[0.0034517678	0.005709842]
7.6	0.0020833334	[0.0014311537	0.0030132977]
7.7	5.5555557E-4	[2.583415E-4	0.0011418983]
7.8	4.1666668E-4	[1.6938648E-4	9.562198E-4]
7.9	3.4722223E-4	[1.2783812E-4	8.6100533E-4]
8.0	2.0833334E-4	[5.380559E-5	6.6370197E-4]
8.1	0.0	[0.0	3.3250762E-4]
8.2	0.0	[0.0	3.3250762E-4]
8.3	0.0	[0.0	3.3250762E-4]
8.4	0.0	[0.0	0.0]
8.5	0.0	[0.0	0.0]
8.6	0.0	[0.0	0.0]
8.7	0.0	[0.0	0.0]
8.8	0.0	[0.0	0.0]
8.9	0.0	[0.0	0.0]
9.0	0.0	[0.0	0.0]



DATASET #8

     Name: Supra
   Points: 66
     Info: 

Data[x,y]:
2.5	  0.07
2.6	  0.07
2.7	  0.07
2.8	  0.07
2.9	  0.07
3.0	  0.07
3.1	  0.07
3.2	  0.07
3.3	  0.07
3.4	  0.07
3.5	  0.07
3.6	  0.07
3.7	  0.07
3.8	  0.07
3.9	  0.07
4.0	  0.07
4.1	  0.07
4.2	  0.07
4.3	  0.07
4.4	  0.07
4.5	  0.07
4.6	  0.07
4.7	  0.07
4.8	  0.07
4.9	  0.07
5.0	  0.07
5.1	  0.07
5.2	  0.07
5.3	  0.07
5.4	  0.07
5.5	  0.07
5.6	  0.07
5.7	  0.07
5.8	  0.07
5.9	  0.07
6.0	  0.07
6.1	  0.059097223
6.2	  0.046319444
6.3	  0.039722223
6.4	  0.03486111
6.5	  0.03013889
6.6	  0.02673611
6.7	  0.022638889
6.8	  0.019583333
6.9	  0.015208334
7.0	  0.012291667
7.1	  0.010763889
7.2	  0.008611111
7.3	  0.0060416665
7.4	  0.0054166666
7.5	  0.004375
7.6	  0.0020833334
7.7	  5.5555557E-4
7.8	  4.1666668E-4
7.9	  3.4722223E-4
8.0	  2.0833334E-4
8.1	  0.0
8.2	  0.0
8.3	  0.0
8.4	  0.0
8.5	  0.0
8.6	  0.0
8.7	  0.0
8.8	  0.0
8.9	  0.0
9.0	  0.0



DATASET #9

     Name: Primary
   Points: 66
     Info: 

Data[x,y]:
2.5	  542.2128
2.6	  430.57855
2.7	  342.03665
2.8	  271.61526
2.9	  215.73138
3.0	  171.42479
3.1	  136.12611
3.2	  108.150276
3.3	  85.97118
3.4	  68.29014
3.5	  54.232014
3.6	  43.063126
3.7	  34.187984
3.8	  27.136944
3.9	  21.54743
4.0	  17.09243
4.1	  13.564028
4.2	  10.7491665
4.3	  8.549236
4.4	  6.780972
4.5	  5.3777084
4.6	  4.2655554
4.7	  3.3710418
4.8	  2.6636806
4.9	  2.110278
5.0	  1.6642361
5.1	  1.3121527
5.2	  1.0354167
5.3	  0.8115278
5.4	  0.6292361
5.5	  0.4888889
5.6	  0.38
5.7	  0.29395834
5.8	  0.223125
5.9	  0.16520834
6.0	  0.12465278
6.1	  0.095
6.2	  0.06368055
6.3	  0.048472222
6.4	  0.03722222
6.5	  0.028472222
6.6	  0.023263888
6.7	  0.018402778
6.8	  0.015347222
6.9	  0.010833333
7.0	  0.008611111
7.1	  0.007222222
7.2	  0.005902778
7.3	  0.004166667
7.4	  0.003611111
7.5	  0.0026388888
7.6	  0.0013888889
7.7	  4.1666668E-4
7.8	  3.4722223E-4
7.9	  2.7777778E-4
8.0	  1.3888889E-4
8.1	  0.0
8.2	  0.0
8.3	  0.0
8.4	  0.0
8.5	  0.0
8.6	  0.0
8.7	  0.0
8.8	  0.0
8.9	  0.0
9.0	  0.0


