
X-Axis: Magnitude
Y-Axis: 1 Year Cumulative Number
Number of Data Sets: 9


DATASET #1

     Name: Mean
   Points: 66
     Info: 

Data[x,y]:
2.5	  4497.558
2.6	  3572.5178
2.7	  2837.408
2.8	  2253.687
2.9	  1790.2637
3.0	  1422.2849
3.1	  1129.559
3.2	  897.2364
3.3	  712.7908
3.4	  566.1216
3.5	  449.4641
3.6	  357.0837
3.7	  283.54422
3.8	  225.11786
3.9	  178.55653
4.0	  141.74696
4.1	  112.46234
4.2	  89.196594
4.3	  70.753525
4.4	  56.089397
4.5	  44.433197
4.6	  35.21039
4.7	  27.890844
4.8	  22.088322
4.9	  17.462149
5.0	  13.794992
5.1	  10.865513
5.2	  8.570716
5.3	  6.728482
5.4	  5.259096
5.5	  4.0871477
5.6	  3.1489632
5.7	  2.4062011
5.8	  1.8265845
5.9	  1.371381
6.0	  1.0354068
6.1	  0.75352114
6.2	  0.4826878
6.3	  0.36248043
6.4	  0.27210486
6.5	  0.20862676
6.6	  0.17625196
6.7	  0.14622457
6.8	  0.121283256
6.9	  0.09497261
7.0	  0.07345462
7.1	  0.06025039
7.2	  0.04244914
7.3	  0.029831769
7.4	  0.026310641
7.5	  0.02122457
7.6	  0.012030517
7.7	  0.004107981
7.8	  0.0021517996
7.9	  0.0011737089
8.0	  2.9342723E-4
8.1	  0.0
8.2	  0.0
8.3	  0.0
8.4	  0.0
8.5	  0.0
8.6	  0.0
8.7	  0.0
8.8	  0.0
8.9	  0.0
9.0	  0.0



DATASET #2

     Name: 2.5%,97.5%
   Points: 66
     Info: 

Data[x,y]:
2.5	  4099.0
2.6	  3246.0
2.7	  2571.0
2.8	  2033.0
2.9	  1607.0
3.0	  1269.0
3.1	  1003.0
3.2	  792.0
3.3	  624.0
3.4	  491.0
3.5	  386.0
3.6	  302.0
3.7	  237.0
3.8	  185.0
3.9	  144.0
4.0	  112.0
4.1	  87.0
4.2	  67.0
4.3	  51.0
4.4	  39.0
4.5	  30.0
4.6	  23.0
4.7	  17.0
4.8	  12.0
4.9	  9.0
5.0	  6.0
5.1	  4.0
5.2	  3.0
5.3	  2.0
5.4	  1.0
5.5	  1.0
5.6	  0.0
5.7	  0.0
5.8	  0.0
5.9	  0.0
6.0	  0.0
6.1	  0.0
6.2	  0.0
6.3	  0.0
6.4	  0.0
6.5	  0.0
6.6	  0.0
6.7	  0.0
6.8	  0.0
6.9	  0.0
7.0	  0.0
7.1	  0.0
7.2	  0.0
7.3	  0.0
7.4	  0.0
7.5	  0.0
7.6	  0.0
7.7	  0.0
7.8	  0.0
7.9	  0.0
8.0	  0.0
8.1	  0.0
8.2	  0.0
8.3	  0.0
8.4	  0.0
8.5	  0.0
8.6	  0.0
8.7	  0.0
8.8	  0.0
8.9	  0.0
9.0	  0.0



DATASET #3

     Name: null
   Points: 66
     Info: 

Data[x,y]:
2.5	  6168.0
2.6	  4890.0
2.7	  3892.0
2.8	  3091.0
2.9	  2460.0
3.0	  1968.0
3.1	  1554.0
3.2	  1236.0
3.3	  978.0
3.4	  784.0
3.5	  617.0
3.6	  490.0
3.7	  388.0
3.8	  310.0
3.9	  247.0
4.0	  197.0
4.1	  157.0
4.2	  125.0
4.3	  100.0
4.4	  80.0
4.5	  65.0
4.6	  53.0
4.7	  43.0
4.8	  35.0
4.9	  29.0
5.0	  24.0
5.1	  19.0
5.2	  16.0
5.3	  13.0
5.4	  11.0
5.5	  9.0
5.6	  8.0
5.7	  6.0
5.8	  5.0
5.9	  4.0
6.0	  4.0
6.1	  3.0
6.2	  2.0
6.3	  2.0
6.4	  2.0
6.5	  1.0
6.6	  1.0
6.7	  1.0
6.8	  1.0
6.9	  1.0
7.0	  1.0
7.1	  1.0
7.2	  1.0
7.3	  1.0
7.4	  1.0
7.5	  0.0
7.6	  0.0
7.7	  0.0
7.8	  0.0
7.9	  0.0
8.0	  0.0
8.1	  0.0
8.2	  0.0
8.3	  0.0
8.4	  0.0
8.5	  0.0
8.6	  0.0
8.7	  0.0
8.8	  0.0
8.9	  0.0
9.0	  0.0



DATASET #4

     Name: Median
   Points: 66
     Info: 

Data[x,y]:
2.5	  4362.0
2.6	  3467.0
2.7	  2753.0
2.8	  2188.0
2.9	  1739.0
3.0	  1382.0
3.1	  1098.0
3.2	  873.0
3.3	  694.0
3.4	  552.0
3.5	  438.0
3.6	  348.0
3.7	  277.0
3.8	  220.0
3.9	  175.0
4.0	  139.0
4.1	  110.0
4.2	  87.0
4.3	  69.0
4.4	  55.0
4.5	  44.0
4.6	  35.0
4.7	  27.0
4.8	  22.0
4.9	  17.0
5.0	  13.0
5.1	  11.0
5.2	  8.0
5.3	  6.0
5.4	  5.0
5.5	  4.0
5.6	  3.0
5.7	  2.0
5.8	  2.0
5.9	  1.0
6.0	  1.0
6.1	  1.0
6.2	  0.0
6.3	  0.0
6.4	  0.0
6.5	  0.0
6.6	  0.0
6.7	  0.0
6.8	  0.0
6.9	  0.0
7.0	  0.0
7.1	  0.0
7.2	  0.0
7.3	  0.0
7.4	  0.0
7.5	  0.0
7.6	  0.0
7.7	  0.0
7.8	  0.0
7.9	  0.0
8.0	  0.0
8.1	  0.0
8.2	  0.0
8.3	  0.0
8.4	  0.0
8.5	  0.0
8.6	  0.0
8.7	  0.0
8.8	  0.0
8.9	  0.0
9.0	  0.0



DATASET #5

     Name: Mode
   Points: 66
     Info: 

Data[x,y]:
2.5	  4326.0
2.6	  3471.0
2.7	  2722.0
2.8	  2124.0
2.9	  1725.0
3.0	  1369.0
3.1	  1098.0
3.2	  851.0
3.3	  694.0
3.4	  538.0
3.5	  431.0
3.6	  348.0
3.7	  282.0
3.8	  217.0
3.9	  170.0
4.0	  140.0
4.1	  110.0
4.2	  85.0
4.3	  68.0
4.4	  56.0
4.5	  44.0
4.6	  33.0
4.7	  27.0
4.8	  22.0
4.9	  17.0
5.0	  14.0
5.1	  10.0
5.2	  8.0
5.3	  6.0
5.4	  4.0
5.5	  3.0
5.6	  2.0
5.7	  2.0
5.8	  1.0
5.9	  1.0
6.0	  0.0
6.1	  0.0
6.2	  0.0
6.3	  0.0
6.4	  0.0
6.5	  0.0
6.6	  0.0
6.7	  0.0
6.8	  0.0
6.9	  0.0
7.0	  0.0
7.1	  0.0
7.2	  0.0
7.3	  0.0
7.4	  0.0
7.5	  0.0
7.6	  0.0
7.7	  0.0
7.8	  0.0
7.9	  0.0
8.0	  0.0
8.1	  0.0
8.2	  0.0
8.3	  0.0
8.4	  0.0
8.5	  0.0
8.6	  0.0
8.7	  0.0
8.8	  0.0
8.9	  0.0
9.0	  0.0



DATASET #6

     Name: 1 yr Prob
   Points: 66
     Info: 

Data[x,y]:
2.5	  1.0
2.6	  1.0
2.7	  1.0
2.8	  1.0
2.9	  1.0
3.0	  1.0
3.1	  1.0
3.2	  1.0
3.3	  1.0
3.4	  1.0
3.5	  1.0
3.6	  1.0
3.7	  1.0
3.8	  1.0
3.9	  1.0
4.0	  1.0
4.1	  1.0
4.2	  1.0
4.3	  1.0
4.4	  1.0
4.5	  1.0
4.6	  1.0
4.7	  1.0
4.8	  1.0
4.9	  1.0
5.0	  1.0
5.1	  0.9999022
5.2	  0.99941313
5.3	  0.9975548
5.4	  0.9913928
5.5	  0.97867763
5.6	  0.9474765
5.7	  0.89544207
5.8	  0.8202269
5.9	  0.7283842
6.0	  0.6279343
6.1	  0.516921
6.2	  0.37343505
6.3	  0.29714397
6.4	  0.2338615
6.5	  0.1853482
6.6	  0.16226526
6.7	  0.1369327
6.8	  0.114730045
6.9	  0.091255866
7.0	  0.07169405
7.1	  0.05946792
7.2	  0.041960094
7.3	  0.029342722
7.4	  0.026212832
7.5	  0.02122457
7.6	  0.012030517
7.7	  0.004107981
7.8	  0.0021517996
7.9	  0.0011737089
8.0	  2.9342723E-4
8.1	  0.0
8.2	  0.0
8.3	  0.0
8.4	  0.0
8.5	  0.0
8.6	  0.0
8.7	  0.0
8.8	  0.0
8.9	  0.0
9.0	  0.0



DATASET #7

Name: 95% Conf
Num Points: 66
Info: 

X, Y Data:
2.5	1.0	[1.0	1.0]
2.6	1.0	[1.0	1.0]
2.7	1.0	[1.0	1.0]
2.8	1.0	[1.0	1.0]
2.9	1.0	[1.0	1.0]
3.0	1.0	[1.0	1.0]
3.1	1.0	[1.0	1.0]
3.2	1.0	[1.0	1.0]
3.3	1.0	[1.0	1.0]
3.4	1.0	[1.0	1.0]
3.5	1.0	[1.0	1.0]
3.6	1.0	[1.0	1.0]
3.7	1.0	[1.0	1.0]
3.8	1.0	[1.0	1.0]
3.9	1.0	[1.0	1.0]
4.0	1.0	[1.0	1.0]
4.1	1.0	[1.0	1.0]
4.2	1.0	[1.0	1.0]
4.3	1.0	[1.0	1.0]
4.4	1.0	[1.0	1.0]
4.5	1.0	[1.0	1.0]
4.6	1.0	[1.0	1.0]
4.7	1.0	[1.0	1.0]
4.8	1.0	[1.0	1.0]
4.9	1.0	[1.0	1.0]
5.0	1.0	[1.0	1.0]
5.1	0.9999022	[0.999365	0.9999949]
5.2	0.99941313	[0.9986534	0.9997614]
5.3	0.9975548	[0.99633443	0.9983826]
5.4	0.9913928	[0.9893546	0.9930518]
5.5	0.97867763	[0.9756404	0.981349]
5.6	0.9474765	[0.942931	0.9516821]
5.7	0.89544207	[0.8893115	0.9012732]
5.8	0.8202269	[0.8126139	0.8275978]
5.9	0.7283842	[0.71962833	0.7369675]
6.0	0.6279343	[0.6184693	0.63730264]
6.1	0.516921	[0.507181	0.52664816]
6.2	0.37343505	[0.36405918	0.3829065]
6.3	0.29714397	[0.2883145	0.30612668]
6.4	0.2338615	[0.22570911	0.24221502]
6.5	0.1853482	[0.17788649	0.19304782]
6.6	0.16226526	[0.15519752	0.16958845]
6.7	0.1369327	[0.13035725	0.1437829]
6.8	0.114730045	[0.108648844	0.12110295]
6.9	0.091255866	[0.0857787	0.09704278]
7.0	0.07169405	[0.06680524	0.076907754]
7.1	0.05946792	[0.05499983	0.06427047]
7.2	0.041960094	[0.038195863	0.046072733]
7.3	0.029342722	[0.026197733	0.032846548]
7.4	0.026212832	[0.023243228	0.029543959]
7.5	0.02122457	[0.018559525	0.024255555]
7.6	0.012030517	[0.010048312	0.014387735]
7.7	0.004107981	[0.0029991153	0.0056038913]
7.8	0.0021517996	[0.0013826224	0.0033148949]
7.9	0.0011737089	[6.360805E-4	0.00211263]
8.0	2.9342723E-4	[7.57834E-5	9.3467394E-4]
8.1	0.0	[0.0	4.6826905E-4]
8.2	0.0	[0.0	4.6826905E-4]
8.3	0.0	[0.0	4.6826905E-4]
8.4	0.0	[0.0	0.0]
8.5	0.0	[0.0	0.0]
8.6	0.0	[0.0	0.0]
8.7	0.0	[0.0	0.0]
8.8	0.0	[0.0	0.0]
8.9	0.0	[0.0	0.0]
9.0	0.0	[0.0	0.0]



DATASET #8

     Name: Supra
   Points: 66
     Info: 

Data[x,y]:
2.5	  0.29000393
2.6	  0.29000393
2.7	  0.29000393
2.8	  0.29000393
2.9	  0.29000393
3.0	  0.29000393
3.1	  0.29000393
3.2	  0.29000393
3.3	  0.29000393
3.4	  0.29000393
3.5	  0.29000393
3.6	  0.29000393
3.7	  0.29000393
3.8	  0.29000393
3.9	  0.29000393
4.0	  0.29000393
4.1	  0.29000393
4.2	  0.29000393
4.3	  0.29000393
4.4	  0.29000393
4.5	  0.29000393
4.6	  0.29000393
4.7	  0.29000393
4.8	  0.29000393
4.9	  0.29000393
5.0	  0.29000393
5.1	  0.29000393
5.2	  0.29000393
5.3	  0.29000393
5.4	  0.29000393
5.5	  0.29000393
5.6	  0.29000393
5.7	  0.29000393
5.8	  0.29000393
5.9	  0.2899061
6.0	  0.2898083
6.1	  0.25704226
6.2	  0.19571596
6.3	  0.1702856
6.4	  0.14788732
6.5	  0.1315532
6.6	  0.12431534
6.7	  0.10935055
6.8	  0.09516823
6.9	  0.079225354
7.0	  0.0635759
7.1	  0.05516432
7.2	  0.04019953
7.3	  0.028755868
7.4	  0.026017215
7.5	  0.02122457
7.6	  0.012030517
7.7	  0.004107981
7.8	  0.0021517996
7.9	  0.0011737089
8.0	  2.9342723E-4
8.1	  0.0
8.2	  0.0
8.3	  0.0
8.4	  0.0
8.5	  0.0
8.6	  0.0
8.7	  0.0
8.8	  0.0
8.9	  0.0
9.0	  0.0



DATASET #9

     Name: Primary
   Points: 66
     Info: 

Data[x,y]:
2.5	  3671.8652
2.6	  2916.5378
2.7	  2316.4539
2.8	  1839.9186
2.9	  1461.4231
3.0	  1160.9119
3.1	  921.9604
3.2	  732.3463
3.3	  581.7289
3.4	  462.0362
3.5	  366.84332
3.6	  291.46136
3.7	  231.42978
3.8	  183.76457
3.9	  145.7459
4.0	  115.72516
4.1	  91.80927
4.2	  72.801056
4.3	  57.767998
4.4	  45.801838
4.5	  36.307415
4.6	  28.761345
4.7	  22.773376
4.8	  18.039808
4.9	  14.249902
5.0	  11.254695
5.1	  8.868643
5.2	  6.989632
5.3	  5.482003
5.4	  4.27856
5.5	  3.3215961
5.6	  2.559957
5.7	  1.957453
5.8	  1.4813185
5.9	  1.1123827
6.0	  0.8370501
6.1	  0.612187
6.2	  0.39446402
6.3	  0.29675275
6.4	  0.22192879
6.5	  0.17067684
6.6	  0.14593114
6.7	  0.121283256
6.8	  0.101232395
6.9	  0.08010563
7.0	  0.06259781
7.1	  0.051741
7.2	  0.035309076
7.3	  0.024745697
7.4	  0.022007043
7.5	  0.017703444
7.6	  0.010172144
7.7	  0.0034233176
7.8	  0.0017605633
7.9	  9.780908E-4
8.0	  2.9342723E-4
8.1	  0.0
8.2	  0.0
8.3	  0.0
8.4	  0.0
8.5	  0.0
8.6	  0.0
8.7	  0.0
8.8	  0.0
8.9	  0.0
9.0	  0.0


