
X-Axis: Magnitude
Y-Axis: 1 Day Cumulative Number
Number of Data Sets: 9


DATASET #1

     Name: Mean
   Points: 66
     Info: 

Data[x,y]:
2.5	  10.628863
2.6	  8.443144
2.7	  6.6924796
2.8	  5.3195314
2.9	  4.2294784
3.0	  3.3583415
3.1	  2.6609125
3.2	  2.1153429
3.3	  1.6848141
3.4	  1.3326895
3.5	  1.0660309
3.6	  0.84693384
3.7	  0.6691815
3.8	  0.527704
3.9	  0.41894013
4.0	  0.33148238
4.1	  0.26339933
4.2	  0.21064703
4.3	  0.16604297
4.4	  0.13176002
4.5	  0.10381458
4.6	  0.08250845
4.7	  0.06512554
4.8	  0.05082086
4.9	  0.040379044
5.0	  0.032291163
5.1	  0.025893288
5.2	  0.019374698
5.3	  0.014666827
5.4	  0.011588604
5.5	  0.0091743115
5.6	  0.0070014484
5.7	  0.0050700144
5.8	  0.0038628683
5.9	  0.0030178658
6.0	  0.00247465
6.1	  0.0018107195
6.2	  9.657171E-4
6.3	  6.639305E-4
6.4	  4.8285854E-4
6.5	  4.225012E-4
6.6	  3.0178658E-4
6.7	  3.0178658E-4
6.8	  1.20714634E-4
6.9	  6.0357317E-5
7.0	  6.0357317E-5
7.1	  6.0357317E-5
7.2	  6.0357317E-5
7.3	  0.0
7.4	  0.0
7.5	  0.0
7.6	  0.0
7.7	  0.0
7.8	  0.0
7.9	  0.0
8.0	  0.0
8.1	  0.0
8.2	  0.0
8.3	  0.0
8.4	  0.0
8.5	  0.0
8.6	  0.0
8.7	  0.0
8.8	  0.0
8.9	  0.0
9.0	  0.0



DATASET #2

     Name: 2.5%,97.5%
   Points: 66
     Info: 

Data[x,y]:
2.5	  4.0
2.6	  2.0
2.7	  1.0
2.8	  1.0
2.9	  0.0
3.0	  0.0
3.1	  0.0
3.2	  0.0
3.3	  0.0
3.4	  0.0
3.5	  0.0
3.6	  0.0
3.7	  0.0
3.8	  0.0
3.9	  0.0
4.0	  0.0
4.1	  0.0
4.2	  0.0
4.3	  0.0
4.4	  0.0
4.5	  0.0
4.6	  0.0
4.7	  0.0
4.8	  0.0
4.9	  0.0
5.0	  0.0
5.1	  0.0
5.2	  0.0
5.3	  0.0
5.4	  0.0
5.5	  0.0
5.6	  0.0
5.7	  0.0
5.8	  0.0
5.9	  0.0
6.0	  0.0
6.1	  0.0
6.2	  0.0
6.3	  0.0
6.4	  0.0
6.5	  0.0
6.6	  0.0
6.7	  0.0
6.8	  0.0
6.9	  0.0
7.0	  0.0
7.1	  0.0
7.2	  0.0
7.3	  0.0
7.4	  0.0
7.5	  0.0
7.6	  0.0
7.7	  0.0
7.8	  0.0
7.9	  0.0
8.0	  0.0
8.1	  0.0
8.2	  0.0
8.3	  0.0
8.4	  0.0
8.5	  0.0
8.6	  0.0
8.7	  0.0
8.8	  0.0
8.9	  0.0
9.0	  0.0



DATASET #3

     Name: null
   Points: 66
     Info: 

Data[x,y]:
2.5	  22.0
2.6	  18.0
2.7	  15.0
2.8	  12.0
2.9	  10.0
3.0	  9.0
3.1	  8.0
3.2	  6.0
3.3	  6.0
3.4	  5.0
3.5	  4.0
3.6	  4.0
3.7	  3.0
3.8	  3.0
3.9	  2.0
4.0	  2.0
4.1	  2.0
4.2	  2.0
4.3	  1.0
4.4	  1.0
4.5	  1.0
4.6	  1.0
4.7	  1.0
4.8	  1.0
4.9	  1.0
5.0	  1.0
5.1	  0.0
5.2	  0.0
5.3	  0.0
5.4	  0.0
5.5	  0.0
5.6	  0.0
5.7	  0.0
5.8	  0.0
5.9	  0.0
6.0	  0.0
6.1	  0.0
6.2	  0.0
6.3	  0.0
6.4	  0.0
6.5	  0.0
6.6	  0.0
6.7	  0.0
6.8	  0.0
6.9	  0.0
7.0	  0.0
7.1	  0.0
7.2	  0.0
7.3	  0.0
7.4	  0.0
7.5	  0.0
7.6	  0.0
7.7	  0.0
7.8	  0.0
7.9	  0.0
8.0	  0.0
8.1	  0.0
8.2	  0.0
8.3	  0.0
8.4	  0.0
8.5	  0.0
8.6	  0.0
8.7	  0.0
8.8	  0.0
8.9	  0.0
9.0	  0.0



DATASET #4

     Name: Median
   Points: 66
     Info: 

Data[x,y]:
2.5	  9.0
2.6	  7.0
2.7	  6.0
2.8	  5.0
2.9	  4.0
3.0	  3.0
3.1	  2.0
3.2	  2.0
3.3	  1.0
3.4	  1.0
3.5	  1.0
3.6	  1.0
3.7	  0.0
3.8	  0.0
3.9	  0.0
4.0	  0.0
4.1	  0.0
4.2	  0.0
4.3	  0.0
4.4	  0.0
4.5	  0.0
4.6	  0.0
4.7	  0.0
4.8	  0.0
4.9	  0.0
5.0	  0.0
5.1	  0.0
5.2	  0.0
5.3	  0.0
5.4	  0.0
5.5	  0.0
5.6	  0.0
5.7	  0.0
5.8	  0.0
5.9	  0.0
6.0	  0.0
6.1	  0.0
6.2	  0.0
6.3	  0.0
6.4	  0.0
6.5	  0.0
6.6	  0.0
6.7	  0.0
6.8	  0.0
6.9	  0.0
7.0	  0.0
7.1	  0.0
7.2	  0.0
7.3	  0.0
7.4	  0.0
7.5	  0.0
7.6	  0.0
7.7	  0.0
7.8	  0.0
7.9	  0.0
8.0	  0.0
8.1	  0.0
8.2	  0.0
8.3	  0.0
8.4	  0.0
8.5	  0.0
8.6	  0.0
8.7	  0.0
8.8	  0.0
8.9	  0.0
9.0	  0.0



DATASET #5

     Name: Mode
   Points: 66
     Info: 

Data[x,y]:
2.5	  8.0
2.6	  7.0
2.7	  5.0
2.8	  4.0
2.9	  3.0
3.0	  2.0
3.1	  2.0
3.2	  1.0
3.3	  1.0
3.4	  1.0
3.5	  0.0
3.6	  0.0
3.7	  0.0
3.8	  0.0
3.9	  0.0
4.0	  0.0
4.1	  0.0
4.2	  0.0
4.3	  0.0
4.4	  0.0
4.5	  0.0
4.6	  0.0
4.7	  0.0
4.8	  0.0
4.9	  0.0
5.0	  0.0
5.1	  0.0
5.2	  0.0
5.3	  0.0
5.4	  0.0
5.5	  0.0
5.6	  0.0
5.7	  0.0
5.8	  0.0
5.9	  0.0
6.0	  0.0
6.1	  0.0
6.2	  0.0
6.3	  0.0
6.4	  0.0
6.5	  0.0
6.6	  0.0
6.7	  0.0
6.8	  0.0
6.9	  0.0
7.0	  0.0
7.1	  0.0
7.2	  0.0
7.3	  0.0
7.4	  0.0
7.5	  0.0
7.6	  0.0
7.7	  0.0
7.8	  0.0
7.9	  0.0
8.0	  0.0
8.1	  0.0
8.2	  0.0
8.3	  0.0
8.4	  0.0
8.5	  0.0
8.6	  0.0
8.7	  0.0
8.8	  0.0
8.9	  0.0
9.0	  0.0



DATASET #6

     Name: 1 d Prob
   Points: 66
     Info: 

Data[x,y]:
2.5	  0.9998189
2.6	  0.9987928
2.7	  0.9947489
2.8	  0.98623854
2.9	  0.9657774
3.0	  0.93547803
3.1	  0.88767505
3.2	  0.8299131
3.3	  0.7554321
3.4	  0.6717769
3.5	  0.5903549
3.6	  0.5102004
3.7	  0.4318566
3.8	  0.36256638
3.9	  0.30239016
4.0	  0.249155
4.1	  0.20304202
4.2	  0.16706905
4.3	  0.13453646
4.4	  0.10900531
4.5	  0.08739739
4.6	  0.07049734
4.7	  0.056735877
4.8	  0.04490584
4.9	  0.035912603
5.0	  0.028971512
5.1	  0.023297925
5.2	  0.017684693
5.3	  0.013520039
5.4	  0.010743602
5.5	  0.008631096
5.6	  0.006699662
5.7	  0.0050096572
5.8	  0.003802511
5.9	  0.0030178658
6.0	  0.00247465
6.1	  0.0018107195
6.2	  9.657171E-4
6.3	  6.639305E-4
6.4	  4.8285854E-4
6.5	  4.225012E-4
6.6	  3.0178658E-4
6.7	  3.0178658E-4
6.8	  1.20714634E-4
6.9	  6.0357317E-5
7.0	  6.0357317E-5
7.1	  6.0357317E-5
7.2	  6.0357317E-5
7.3	  0.0
7.4	  0.0
7.5	  0.0
7.6	  0.0
7.7	  0.0
7.8	  0.0
7.9	  0.0
8.0	  0.0
8.1	  0.0
8.2	  0.0
8.3	  0.0
8.4	  0.0
8.5	  0.0
8.6	  0.0
8.7	  0.0
8.8	  0.0
8.9	  0.0
9.0	  0.0



DATASET #7

Name: 95% Conf
Num Points: 66
Info: 

X, Y Data:
2.5	0.9998189	[0.99942315	0.9999532]
2.6	0.9987928	[0.99809945	0.99924207]
2.7	0.9947489	[0.9934946	0.99576765]
2.8	0.98623854	[0.9843164	0.98793143]
2.9	0.9657774	[0.962868	0.96846855]
3.0	0.93547803	[0.93160415	0.9391484]
3.1	0.88767505	[0.8827459	0.8924233]
3.2	0.8299131	[0.8240852	0.83558726]
3.3	0.7554321	[0.74879783	0.7619475]
3.4	0.6717769	[0.6645573	0.6789166]
3.5	0.5903549	[0.58281624	0.59785146]
3.6	0.5102004	[0.5025567	0.5178393]
3.7	0.4318566	[0.42430055	0.43944433]
3.8	0.36256638	[0.35524863	0.36994812]
3.9	0.30239016	[0.29541287	0.30945945]
4.0	0.249155	[0.24259761	0.25582922]
4.1	0.20304202	[0.19695598	0.2092664]
4.2	0.16706905	[0.16143627	0.172857]
4.3	0.13453646	[0.12939546	0.13984789]
4.4	0.10900531	[0.10432053	0.11387252]
4.5	0.08739739	[0.08316255	0.09182487]
4.6	0.07049734	[0.06666877	0.07452659]
4.7	0.056735877	[0.053285625	0.0603934]
4.8	0.04490584	[0.041827258	0.04819744]
4.9	0.035912603	[0.03315608	0.03888658]
5.0	0.028971512	[0.026495773	0.03166821]
5.1	0.023297925	[0.02108032	0.02573944]
5.2	0.017684693	[0.015758138	0.019838221]
5.3	0.013520039	[0.011842616	0.01542687]
5.4	0.010743602	[0.009255291	0.012463096]
5.5	0.008631096	[0.007304282	0.0101905875]
5.6	0.006699662	[0.0055393158	0.008094249]
5.7	0.0050096572	[0.0040163924	0.0062388196]
5.8	0.003802511	[0.002946931	0.004895495]
5.9	0.0030178658	[0.0022639767	0.004010417]
6.0	0.00247465	[0.0017991655	0.0033898973]
6.1	0.0018107195	[0.0012438392	0.0026191743]
6.2	9.657171E-4	[5.715904E-4	0.0016055506]
6.3	6.639305E-4	[3.492368E-4	0.0012272169]
6.4	4.8285854E-4	[2.2453375E-4	9.925229E-4]
6.5	4.225012E-4	[1.851468E-4	9.1243105E-4]
6.6	3.0178658E-4	[1.11109126E-4	7.4837124E-4]
6.7	3.0178658E-4	[1.11109126E-4	7.4837124E-4]
6.8	1.20714634E-4	[2.0908663E-5	4.8676683E-4]
6.9	6.0357317E-5	[3.1505747E-6	3.9193622E-4]
7.0	6.0357317E-5	[3.1505747E-6	3.9193622E-4]
7.1	6.0357317E-5	[3.1505747E-6	3.9193622E-4]
7.2	6.0357317E-5	[3.1505747E-6	3.9193622E-4]
7.3	0.0	[0.0	2.8900767E-4]
7.4	0.0	[0.0	2.8900767E-4]
7.5	0.0	[0.0	2.8900767E-4]
7.6	0.0	[0.0	2.8900767E-4]
7.7	0.0	[0.0	2.8900767E-4]
7.8	0.0	[0.0	2.8900767E-4]
7.9	0.0	[0.0	2.8900767E-4]
8.0	0.0	[0.0	2.8900767E-4]
8.1	0.0	[0.0	2.8900767E-4]
8.2	0.0	[0.0	2.8900767E-4]
8.3	0.0	[0.0	2.8900767E-4]
8.4	0.0	[0.0	0.0]
8.5	0.0	[0.0	0.0]
8.6	0.0	[0.0	0.0]
8.7	0.0	[0.0	0.0]
8.8	0.0	[0.0	0.0]
8.9	0.0	[0.0	0.0]
9.0	0.0	[0.0	0.0]



DATASET #8

     Name: Supra
   Points: 66
     Info: 

Data[x,y]:
2.5	  8.450024E-4
2.6	  8.450024E-4
2.7	  8.450024E-4
2.8	  8.450024E-4
2.9	  8.450024E-4
3.0	  8.450024E-4
3.1	  8.450024E-4
3.2	  8.450024E-4
3.3	  8.450024E-4
3.4	  8.450024E-4
3.5	  8.450024E-4
3.6	  8.450024E-4
3.7	  8.450024E-4
3.8	  8.450024E-4
3.9	  8.450024E-4
4.0	  8.450024E-4
4.1	  8.450024E-4
4.2	  8.450024E-4
4.3	  8.450024E-4
4.4	  8.450024E-4
4.5	  8.450024E-4
4.6	  8.450024E-4
4.7	  8.450024E-4
4.8	  8.450024E-4
4.9	  8.450024E-4
5.0	  8.450024E-4
5.1	  8.450024E-4
5.2	  8.450024E-4
5.3	  8.450024E-4
5.4	  8.450024E-4
5.5	  8.450024E-4
5.6	  8.450024E-4
5.7	  8.450024E-4
5.8	  8.450024E-4
5.9	  8.450024E-4
6.0	  8.450024E-4
6.1	  6.0357316E-4
6.2	  2.4142927E-4
6.3	  1.20714634E-4
6.4	  1.20714634E-4
6.5	  6.0357317E-5
6.6	  6.0357317E-5
6.7	  6.0357317E-5
6.8	  6.0357317E-5
6.9	  6.0357317E-5
7.0	  6.0357317E-5
7.1	  6.0357317E-5
7.2	  6.0357317E-5
7.3	  0.0
7.4	  0.0
7.5	  0.0
7.6	  0.0
7.7	  0.0
7.8	  0.0
7.9	  0.0
8.0	  0.0
8.1	  0.0
8.2	  0.0
8.3	  0.0
8.4	  0.0
8.5	  0.0
8.6	  0.0
8.7	  0.0
8.8	  0.0
8.9	  0.0
9.0	  0.0



DATASET #9

     Name: Primary
   Points: 66
     Info: 

Data[x,y]:
2.5	  8.480685
2.6	  6.735273
2.7	  5.3488655
2.8	  4.257122
2.9	  3.3902102
3.0	  2.692238
3.1	  2.1307943
3.2	  1.6955577
3.3	  1.3469942
3.4	  1.0647634
3.5	  0.85031384
3.6	  0.6758812
3.7	  0.5330758
3.8	  0.42032835
3.9	  0.33419845
4.0	  0.26533076
4.1	  0.21010381
4.2	  0.16833656
4.3	  0.13182038
4.4	  0.1047803
4.5	  0.082448095
4.6	  0.06591019
4.7	  0.052510865
4.8	  0.040922258
4.9	  0.03235152
5.0	  0.025893288
5.1	  0.021004345
5.2	  0.015451473
5.3	  0.011769677
5.4	  0.00923467
5.5	  0.007242878
5.6	  0.005733945
5.7	  0.0041042976
5.8	  0.0031385804
5.9	  0.0025350072
6.0	  0.0020521488
6.1	  0.0014485755
6.2	  9.0535975E-4
6.3	  6.639305E-4
6.4	  4.8285854E-4
6.5	  4.225012E-4
6.6	  3.0178658E-4
6.7	  3.0178658E-4
6.8	  1.20714634E-4
6.9	  6.0357317E-5
7.0	  6.0357317E-5
7.1	  6.0357317E-5
7.2	  6.0357317E-5
7.3	  0.0
7.4	  0.0
7.5	  0.0
7.6	  0.0
7.7	  0.0
7.8	  0.0
7.9	  0.0
8.0	  0.0
8.1	  0.0
8.2	  0.0
8.3	  0.0
8.4	  0.0
8.5	  0.0
8.6	  0.0
8.7	  0.0
8.8	  0.0
8.9	  0.0
9.0	  0.0


