
X-Axis: Magnitude
Y-Axis: 1 Week Cumulative Number
Number of Data Sets: 9


DATASET #1

     Name: Mean
   Points: 66
     Info: 

Data[x,y]:
2.5	  78.11403
2.6	  62.083565
2.7	  49.290173
2.8	  39.184452
2.9	  31.1545
3.0	  24.7325
3.1	  19.63227
3.2	  15.584151
3.3	  12.392798
3.4	  9.862729
3.5	  7.8428245
3.6	  6.234778
3.7	  4.939533
3.8	  3.9211304
3.9	  3.1182103
4.0	  2.4791794
4.1	  1.972067
4.2	  1.5618047
4.3	  1.242336
4.4	  0.98164403
4.5	  0.77770996
4.6	  0.6183747
4.7	  0.48523542
4.8	  0.38345617
4.9	  0.30388245
5.0	  0.24102154
5.1	  0.19064833
5.2	  0.15032159
5.3	  0.11811652
5.4	  0.092953384
5.5	  0.0726257
5.6	  0.05694568
5.7	  0.043847706
5.8	  0.033848178
5.9	  0.025773438
6.0	  0.020421576
6.1	  0.015069715
6.2	  0.010234261
6.3	  0.007464438
6.4	  0.005211023
6.5	  0.003990423
6.6	  0.0034740153
6.7	  0.0029106615
6.8	  0.0023942539
6.9	  0.0020656306
7.0	  0.0016900615
7.1	  0.0013144923
7.2	  0.0011267076
7.3	  5.633538E-4
7.4	  4.6946152E-4
7.5	  4.2251538E-4
7.6	  1.4083846E-4
7.7	  0.0
7.8	  0.0
7.9	  0.0
8.0	  0.0
8.1	  0.0
8.2	  0.0
8.3	  0.0
8.4	  0.0
8.5	  0.0
8.6	  0.0
8.7	  0.0
8.8	  0.0
8.9	  0.0
9.0	  0.0



DATASET #2

     Name: 2.5%,97.5%
   Points: 66
     Info: 

Data[x,y]:
2.5	  45.0
2.6	  34.0
2.7	  26.0
2.8	  20.0
2.9	  15.0
3.0	  11.0
3.1	  8.0
3.2	  5.0
3.3	  4.0
3.4	  3.0
3.5	  2.0
3.6	  1.0
3.7	  0.0
3.8	  0.0
3.9	  0.0
4.0	  0.0
4.1	  0.0
4.2	  0.0
4.3	  0.0
4.4	  0.0
4.5	  0.0
4.6	  0.0
4.7	  0.0
4.8	  0.0
4.9	  0.0
5.0	  0.0
5.1	  0.0
5.2	  0.0
5.3	  0.0
5.4	  0.0
5.5	  0.0
5.6	  0.0
5.7	  0.0
5.8	  0.0
5.9	  0.0
6.0	  0.0
6.1	  0.0
6.2	  0.0
6.3	  0.0
6.4	  0.0
6.5	  0.0
6.6	  0.0
6.7	  0.0
6.8	  0.0
6.9	  0.0
7.0	  0.0
7.1	  0.0
7.2	  0.0
7.3	  0.0
7.4	  0.0
7.5	  0.0
7.6	  0.0
7.7	  0.0
7.8	  0.0
7.9	  0.0
8.0	  0.0
8.1	  0.0
8.2	  0.0
8.3	  0.0
8.4	  0.0
8.5	  0.0
8.6	  0.0
8.7	  0.0
8.8	  0.0
8.9	  0.0
9.0	  0.0



DATASET #3

     Name: null
   Points: 66
     Info: 

Data[x,y]:
2.5	  167.0
2.6	  133.0
2.7	  108.0
2.8	  85.0
2.9	  68.0
3.0	  55.0
3.1	  44.0
3.2	  35.0
3.3	  29.0
3.4	  23.0
3.5	  19.0
3.6	  16.0
3.7	  13.0
3.8	  11.0
3.9	  9.0
4.0	  8.0
4.1	  7.0
4.2	  6.0
4.3	  5.0
4.4	  4.0
4.5	  4.0
4.6	  3.0
4.7	  3.0
4.8	  2.0
4.9	  2.0
5.0	  2.0
5.1	  2.0
5.2	  1.0
5.3	  1.0
5.4	  1.0
5.5	  1.0
5.6	  1.0
5.7	  1.0
5.8	  1.0
5.9	  0.0
6.0	  0.0
6.1	  0.0
6.2	  0.0
6.3	  0.0
6.4	  0.0
6.5	  0.0
6.6	  0.0
6.7	  0.0
6.8	  0.0
6.9	  0.0
7.0	  0.0
7.1	  0.0
7.2	  0.0
7.3	  0.0
7.4	  0.0
7.5	  0.0
7.6	  0.0
7.7	  0.0
7.8	  0.0
7.9	  0.0
8.0	  0.0
8.1	  0.0
8.2	  0.0
8.3	  0.0
8.4	  0.0
8.5	  0.0
8.6	  0.0
8.7	  0.0
8.8	  0.0
8.9	  0.0
9.0	  0.0



DATASET #4

     Name: Median
   Points: 66
     Info: 

Data[x,y]:
2.5	  65.0
2.6	  52.0
2.7	  41.0
2.8	  33.0
2.9	  26.0
3.0	  21.0
3.1	  16.0
3.2	  13.0
3.3	  10.0
3.4	  8.0
3.5	  6.0
3.6	  5.0
3.7	  4.0
3.8	  3.0
3.9	  2.0
4.0	  2.0
4.1	  1.0
4.2	  1.0
4.3	  1.0
4.4	  1.0
4.5	  0.0
4.6	  0.0
4.7	  0.0
4.8	  0.0
4.9	  0.0
5.0	  0.0
5.1	  0.0
5.2	  0.0
5.3	  0.0
5.4	  0.0
5.5	  0.0
5.6	  0.0
5.7	  0.0
5.8	  0.0
5.9	  0.0
6.0	  0.0
6.1	  0.0
6.2	  0.0
6.3	  0.0
6.4	  0.0
6.5	  0.0
6.6	  0.0
6.7	  0.0
6.8	  0.0
6.9	  0.0
7.0	  0.0
7.1	  0.0
7.2	  0.0
7.3	  0.0
7.4	  0.0
7.5	  0.0
7.6	  0.0
7.7	  0.0
7.8	  0.0
7.9	  0.0
8.0	  0.0
8.1	  0.0
8.2	  0.0
8.3	  0.0
8.4	  0.0
8.5	  0.0
8.6	  0.0
8.7	  0.0
8.8	  0.0
8.9	  0.0
9.0	  0.0



DATASET #5

     Name: Mode
   Points: 66
     Info: 

Data[x,y]:
2.5	  59.0
2.6	  47.0
2.7	  38.0
2.8	  29.0
2.9	  25.0
3.0	  20.0
3.1	  16.0
3.2	  12.0
3.3	  9.0
3.4	  7.0
3.5	  6.0
3.6	  4.0
3.7	  3.0
3.8	  2.0
3.9	  2.0
4.0	  1.0
4.1	  1.0
4.2	  1.0
4.3	  0.0
4.4	  0.0
4.5	  0.0
4.6	  0.0
4.7	  0.0
4.8	  0.0
4.9	  0.0
5.0	  0.0
5.1	  0.0
5.2	  0.0
5.3	  0.0
5.4	  0.0
5.5	  0.0
5.6	  0.0
5.7	  0.0
5.8	  0.0
5.9	  0.0
6.0	  0.0
6.1	  0.0
6.2	  0.0
6.3	  0.0
6.4	  0.0
6.5	  0.0
6.6	  0.0
6.7	  0.0
6.8	  0.0
6.9	  0.0
7.0	  0.0
7.1	  0.0
7.2	  0.0
7.3	  0.0
7.4	  0.0
7.5	  0.0
7.6	  0.0
7.7	  0.0
7.8	  0.0
7.9	  0.0
8.0	  0.0
8.1	  0.0
8.2	  0.0
8.3	  0.0
8.4	  0.0
8.5	  0.0
8.6	  0.0
8.7	  0.0
8.8	  0.0
8.9	  0.0
9.0	  0.0



DATASET #6

     Name: 1 wk Prob
   Points: 66
     Info: 

Data[x,y]:
2.5	  1.0
2.6	  1.0
2.7	  1.0
2.8	  1.0
2.9	  1.0
3.0	  1.0
3.1	  1.0
3.2	  0.99995303
3.3	  0.99985915
3.4	  0.9993897
3.5	  0.9966199
3.6	  0.99014133
3.7	  0.9739918
3.8	  0.9443688
3.9	  0.900615
4.0	  0.8401483
4.1	  0.770715
4.2	  0.69377023
4.3	  0.61339843
4.4	  0.5314774
4.5	  0.4524201
4.6	  0.38425425
4.7	  0.3210178
4.8	  0.26679498
4.9	  0.21881601
5.0	  0.18041407
5.1	  0.14614338
5.2	  0.11736538
5.3	  0.094502605
5.4	  0.07577109
5.5	  0.060560536
5.6	  0.048589267
5.7	  0.037697762
5.8	  0.029716915
5.9	  0.023097508
6.0	  0.01854373
6.1	  0.013755223
6.2	  0.009577015
6.3	  0.0072297077
6.4	  0.0051171305
6.5	  0.003943477
6.6	  0.0034270692
6.7	  0.0028637154
6.8	  0.0023473077
6.9	  0.0020186845
7.0	  0.0016900615
7.1	  0.0013144923
7.2	  0.0011267076
7.3	  5.633538E-4
7.4	  4.6946152E-4
7.5	  4.2251538E-4
7.6	  1.4083846E-4
7.7	  0.0
7.8	  0.0
7.9	  0.0
8.0	  0.0
8.1	  0.0
8.2	  0.0
8.3	  0.0
8.4	  0.0
8.5	  0.0
8.6	  0.0
8.7	  0.0
8.8	  0.0
8.9	  0.0
9.0	  0.0



DATASET #7

Name: 95% Conf
Num Points: 66
Info: 

X, Y Data:
2.5	1.0	[1.0	1.0]
2.6	1.0	[1.0	1.0]
2.7	1.0	[1.0	1.0]
2.8	1.0	[1.0	1.0]
2.9	1.0	[1.0	1.0]
3.0	1.0	[1.0	1.0]
3.1	1.0	[1.0	1.0]
3.2	0.99995303	[0.9996951	0.99999756]
3.3	0.99985915	[0.9995513	0.99996364]
3.4	0.9993897	[0.99892646	0.99966055]
3.5	0.9966199	[0.9957197	0.9973356]
3.6	0.99014133	[0.98869824	0.9914045]
3.7	0.9739918	[0.97174305	0.97606784]
3.8	0.9443688	[0.9411857	0.94739044]
3.9	0.900615	[0.8965008	0.9045839]
4.0	0.8401483	[0.8351419	0.84503156]
4.1	0.770715	[0.7649975	0.77633446]
4.2	0.69377023	[0.68752223	0.69994813]
4.3	0.61339843	[0.6068153	0.6199405]
4.4	0.5314774	[0.52474743	0.53819597]
4.5	0.4524201	[0.4457216	0.45913577]
4.6	0.38425425	[0.37772	0.39083043]
4.7	0.3210178	[0.31475747	0.32734293]
4.8	0.26679498	[0.2608745	0.27279988]
4.9	0.21881601	[0.21329144	0.22444242]
5.0	0.18041407	[0.1752846	0.1856593]
5.1	0.14614338	[0.1414401	0.1509749]
5.2	0.11736538	[0.11308881	0.1217807]
5.3	0.094502605	[0.090623915	0.09852841]
5.4	0.07577109	[0.07227028	0.0794259]
5.5	0.060560536	[0.057412986	0.063867725]
5.6	0.048589267	[0.045759548	0.051583104]
5.7	0.037697762	[0.03519947	0.0403643]
5.8	0.029716915	[0.027497368	0.032107804]
5.9	0.023097508	[0.02114211	0.02522689]
6.0	0.01854373	[0.016794568	0.020468768]
6.1	0.013755223	[0.012254267	0.015434161]
6.2	0.009577015	[0.008332772	0.011001287]
6.3	0.0072297077	[0.0061558257	0.008484953]
6.4	0.0051171305	[0.0042228177	0.006194267]
6.5	0.003943477	[0.0031656127	0.0049051954]
6.6	0.0034270692	[0.0027059608	0.0043325783]
6.7	0.0028637154	[0.002209664	0.003702868]
6.8	0.0023473077	[0.0017608075	0.003119698]
6.9	0.0020186845	[0.0014791102	0.0027447634]
7.0	0.0016900615	[0.0012013911	0.0023659854]
7.1	0.0013144923	[8.9045765E-4	0.0019268995]
7.2	0.0011267076	[7.384367E-4	0.0017040799]
7.3	5.633538E-4	[3.0527628E-4	0.0010143126]
7.4	4.6946152E-4	[2.3858172E-4	8.943756E-4]
7.5	4.2251538E-4	[2.0621413E-4	8.335502E-4]
7.6	1.4083846E-4	[3.6373567E-5	4.4872364E-4]
7.7	0.0	[0.0	2.2480298E-4]
7.8	0.0	[0.0	2.2480298E-4]
7.9	0.0	[0.0	2.2480298E-4]
8.0	0.0	[0.0	2.2480298E-4]
8.1	0.0	[0.0	2.2480298E-4]
8.2	0.0	[0.0	2.2480298E-4]
8.3	0.0	[0.0	2.2480298E-4]
8.4	0.0	[0.0	0.0]
8.5	0.0	[0.0	0.0]
8.6	0.0	[0.0	0.0]
8.7	0.0	[0.0	0.0]
8.8	0.0	[0.0	0.0]
8.9	0.0	[0.0	0.0]
9.0	0.0	[0.0	0.0]



DATASET #8

     Name: Supra
   Points: 66
     Info: 

Data[x,y]:
2.5	  0.0069010844
2.6	  0.0069010844
2.7	  0.0069010844
2.8	  0.0069010844
2.9	  0.0069010844
3.0	  0.0069010844
3.1	  0.0069010844
3.2	  0.0069010844
3.3	  0.0069010844
3.4	  0.0069010844
3.5	  0.0069010844
3.6	  0.0069010844
3.7	  0.0069010844
3.8	  0.0069010844
3.9	  0.0069010844
4.0	  0.0069010844
4.1	  0.0069010844
4.2	  0.0069010844
4.3	  0.0069010844
4.4	  0.0069010844
4.5	  0.0069010844
4.6	  0.0069010844
4.7	  0.0069010844
4.8	  0.0069010844
4.9	  0.0069010844
5.0	  0.0069010844
5.1	  0.0069010844
5.2	  0.0069010844
5.3	  0.0069010844
5.4	  0.0069010844
5.5	  0.0069010844
5.6	  0.0069010844
5.7	  0.0069010844
5.8	  0.0069010844
5.9	  0.0069010844
6.0	  0.0069010844
6.1	  0.005821323
6.2	  0.004225154
6.3	  0.0036618
6.4	  0.0028637154
6.5	  0.0022534153
6.6	  0.0022534153
6.7	  0.002112577
6.8	  0.0019247923
6.9	  0.0017370076
7.0	  0.0014553308
7.1	  0.0013144923
7.2	  0.0011267076
7.3	  5.633538E-4
7.4	  4.6946152E-4
7.5	  4.2251538E-4
7.6	  1.4083846E-4
7.7	  0.0
7.8	  0.0
7.9	  0.0
8.0	  0.0
8.1	  0.0
8.2	  0.0
8.3	  0.0
8.4	  0.0
8.5	  0.0
8.6	  0.0
8.7	  0.0
8.8	  0.0
8.9	  0.0
9.0	  0.0



DATASET #9

     Name: Primary
   Points: 66
     Info: 

Data[x,y]:
2.5	  52.454628
2.6	  41.695084
2.7	  33.111263
2.8	  26.330595
2.9	  20.933712
3.0	  16.618938
3.1	  13.192667
3.2	  10.480728
3.3	  8.332614
3.4	  6.6254635
3.5	  5.26933
3.6	  4.189897
3.7	  3.3174028
3.8	  2.6331627
3.9	  2.0905592
4.0	  1.6602507
4.1	  1.320877
4.2	  1.0505141
4.3	  0.8365335
4.4	  0.6617999
4.5	  0.5249049
4.6	  0.41702268
4.7	  0.32942116
4.8	  0.26078588
4.9	  0.20510775
5.0	  0.16323178
5.1	  0.12947749
5.2	  0.10238956
5.3	  0.080935165
5.4	  0.06365898
5.5	  0.0500446
5.6	  0.03943477
5.7	  0.030045537
5.8	  0.023238346
5.9	  0.017886484
6.0	  0.014412469
6.1	  0.010656777
6.2	  0.0075583304
6.3	  0.0054927
6.4	  0.0038026383
6.5	  0.0030045537
6.6	  0.002488146
6.7	  0.002159523
6.8	  0.0017839537
6.9	  0.0015022769
7.0	  0.0012675461
7.1	  0.0010328153
7.2	  9.3892304E-4
7.3	  4.2251538E-4
7.4	  3.2862308E-4
7.5	  3.2862308E-4
7.6	  1.4083846E-4
7.7	  0.0
7.8	  0.0
7.9	  0.0
8.0	  0.0
8.1	  0.0
8.2	  0.0
8.3	  0.0
8.4	  0.0
8.5	  0.0
8.6	  0.0
8.7	  0.0
8.8	  0.0
8.9	  0.0
9.0	  0.0


