
X-Axis: Magnitude
Y-Axis: 1 Day Cumulative Number
Number of Data Sets: 9


DATASET #1

     Name: Mean
   Points: 66
     Info: 

Data[x,y]:
2.5	  2.3041
2.6	  1.82932
2.7	  1.45304
2.8	  1.15407
2.9	  0.91394
3.0	  0.72775
3.1	  0.57843
3.2	  0.45911
3.3	  0.36583
3.4	  0.28988
3.5	  0.23069
3.6	  0.18385
3.7	  0.14657
3.8	  0.11625
3.9	  0.0918
4.0	  0.0736
4.1	  0.05812
4.2	  0.04606
4.3	  0.0364
4.4	  0.02865
4.5	  0.02265
4.6	  0.01799
4.7	  0.01452
4.8	  0.0115
4.9	  0.00916
5.0	  0.00736
5.1	  0.00562
5.2	  0.00437
5.3	  0.00331
5.4	  0.00263
5.5	  0.00192
5.6	  0.00159
5.7	  0.00119
5.8	  9.4E-4
5.9	  7.1E-4
6.0	  5.1E-4
6.1	  3.7E-4
6.2	  2.8E-4
6.3	  2.1E-4
6.4	  1.2E-4
6.5	  9.0E-5
6.6	  6.0E-5
6.7	  5.0E-5
6.8	  5.0E-5
6.9	  2.0E-5
7.0	  2.0E-5
7.1	  1.0E-5
7.2	  1.0E-5
7.3	  1.0E-5
7.4	  1.0E-5
7.5	  0.0
7.6	  0.0
7.7	  0.0
7.8	  0.0
7.9	  0.0
8.0	  0.0
8.1	  0.0
8.2	  0.0
8.3	  0.0
8.4	  0.0
8.5	  0.0
8.6	  0.0
8.7	  0.0
8.8	  0.0
8.9	  0.0
9.0	  0.0



DATASET #2

     Name: 2.5%,97.5%
   Points: 66
     Info: 

Data[x,y]:
2.5	  0.0
2.6	  0.0
2.7	  0.0
2.8	  0.0
2.9	  0.0
3.0	  0.0
3.1	  0.0
3.2	  0.0
3.3	  0.0
3.4	  0.0
3.5	  0.0
3.6	  0.0
3.7	  0.0
3.8	  0.0
3.9	  0.0
4.0	  0.0
4.1	  0.0
4.2	  0.0
4.3	  0.0
4.4	  0.0
4.5	  0.0
4.6	  0.0
4.7	  0.0
4.8	  0.0
4.9	  0.0
5.0	  0.0
5.1	  0.0
5.2	  0.0
5.3	  0.0
5.4	  0.0
5.5	  0.0
5.6	  0.0
5.7	  0.0
5.8	  0.0
5.9	  0.0
6.0	  0.0
6.1	  0.0
6.2	  0.0
6.3	  0.0
6.4	  0.0
6.5	  0.0
6.6	  0.0
6.7	  0.0
6.8	  0.0
6.9	  0.0
7.0	  0.0
7.1	  0.0
7.2	  0.0
7.3	  0.0
7.4	  0.0
7.5	  0.0
7.6	  0.0
7.7	  0.0
7.8	  0.0
7.9	  0.0
8.0	  0.0
8.1	  0.0
8.2	  0.0
8.3	  0.0
8.4	  0.0
8.5	  0.0
8.6	  0.0
8.7	  0.0
8.8	  0.0
8.9	  0.0
9.0	  0.0



DATASET #3

     Name: null
   Points: 66
     Info: 

Data[x,y]:
2.5	  7.0
2.6	  6.0
2.7	  5.0
2.8	  4.0
2.9	  4.0
3.0	  3.0
3.1	  3.0
3.2	  2.0
3.3	  2.0
3.4	  2.0
3.5	  2.0
3.6	  1.0
3.7	  1.0
3.8	  1.0
3.9	  1.0
4.0	  1.0
4.1	  1.0
4.2	  1.0
4.3	  1.0
4.4	  0.0
4.5	  0.0
4.6	  0.0
4.7	  0.0
4.8	  0.0
4.9	  0.0
5.0	  0.0
5.1	  0.0
5.2	  0.0
5.3	  0.0
5.4	  0.0
5.5	  0.0
5.6	  0.0
5.7	  0.0
5.8	  0.0
5.9	  0.0
6.0	  0.0
6.1	  0.0
6.2	  0.0
6.3	  0.0
6.4	  0.0
6.5	  0.0
6.6	  0.0
6.7	  0.0
6.8	  0.0
6.9	  0.0
7.0	  0.0
7.1	  0.0
7.2	  0.0
7.3	  0.0
7.4	  0.0
7.5	  0.0
7.6	  0.0
7.7	  0.0
7.8	  0.0
7.9	  0.0
8.0	  0.0
8.1	  0.0
8.2	  0.0
8.3	  0.0
8.4	  0.0
8.5	  0.0
8.6	  0.0
8.7	  0.0
8.8	  0.0
8.9	  0.0
9.0	  0.0



DATASET #4

     Name: Median
   Points: 66
     Info: 

Data[x,y]:
2.5	  2.0
2.6	  1.0
2.7	  1.0
2.8	  1.0
2.9	  1.0
3.0	  0.0
3.1	  0.0
3.2	  0.0
3.3	  0.0
3.4	  0.0
3.5	  0.0
3.6	  0.0
3.7	  0.0
3.8	  0.0
3.9	  0.0
4.0	  0.0
4.1	  0.0
4.2	  0.0
4.3	  0.0
4.4	  0.0
4.5	  0.0
4.6	  0.0
4.7	  0.0
4.8	  0.0
4.9	  0.0
5.0	  0.0
5.1	  0.0
5.2	  0.0
5.3	  0.0
5.4	  0.0
5.5	  0.0
5.6	  0.0
5.7	  0.0
5.8	  0.0
5.9	  0.0
6.0	  0.0
6.1	  0.0
6.2	  0.0
6.3	  0.0
6.4	  0.0
6.5	  0.0
6.6	  0.0
6.7	  0.0
6.8	  0.0
6.9	  0.0
7.0	  0.0
7.1	  0.0
7.2	  0.0
7.3	  0.0
7.4	  0.0
7.5	  0.0
7.6	  0.0
7.7	  0.0
7.8	  0.0
7.9	  0.0
8.0	  0.0
8.1	  0.0
8.2	  0.0
8.3	  0.0
8.4	  0.0
8.5	  0.0
8.6	  0.0
8.7	  0.0
8.8	  0.0
8.9	  0.0
9.0	  0.0



DATASET #5

     Name: Mode
   Points: 66
     Info: 

Data[x,y]:
2.5	  1.0
2.6	  1.0
2.7	  1.0
2.8	  0.0
2.9	  0.0
3.0	  0.0
3.1	  0.0
3.2	  0.0
3.3	  0.0
3.4	  0.0
3.5	  0.0
3.6	  0.0
3.7	  0.0
3.8	  0.0
3.9	  0.0
4.0	  0.0
4.1	  0.0
4.2	  0.0
4.3	  0.0
4.4	  0.0
4.5	  0.0
4.6	  0.0
4.7	  0.0
4.8	  0.0
4.9	  0.0
5.0	  0.0
5.1	  0.0
5.2	  0.0
5.3	  0.0
5.4	  0.0
5.5	  0.0
5.6	  0.0
5.7	  0.0
5.8	  0.0
5.9	  0.0
6.0	  0.0
6.1	  0.0
6.2	  0.0
6.3	  0.0
6.4	  0.0
6.5	  0.0
6.6	  0.0
6.7	  0.0
6.8	  0.0
6.9	  0.0
7.0	  0.0
7.1	  0.0
7.2	  0.0
7.3	  0.0
7.4	  0.0
7.5	  0.0
7.6	  0.0
7.7	  0.0
7.8	  0.0
7.9	  0.0
8.0	  0.0
8.1	  0.0
8.2	  0.0
8.3	  0.0
8.4	  0.0
8.5	  0.0
8.6	  0.0
8.7	  0.0
8.8	  0.0
8.9	  0.0
9.0	  0.0



DATASET #6

     Name: 1 d Prob
   Points: 66
     Info: 

Data[x,y]:
2.5	  0.83824
2.6	  0.76746
2.7	  0.68675
2.8	  0.60389
2.9	  0.52164
3.0	  0.4452
3.1	  0.37573
3.2	  0.3138
3.3	  0.26037
3.4	  0.21307
3.5	  0.17465
3.6	  0.14298
3.7	  0.11584
3.8	  0.09353
3.9	  0.07511
4.0	  0.06084
4.1	  0.04836
4.2	  0.03867
4.3	  0.03082
4.4	  0.02457
4.5	  0.01946
4.6	  0.01566
4.7	  0.01271
4.8	  0.0102
4.9	  0.00815
5.0	  0.00653
5.1	  0.00506
5.2	  0.00393
5.3	  0.00304
5.4	  0.00243
5.5	  0.00178
5.6	  0.00147
5.7	  0.00109
5.8	  8.7E-4
5.9	  6.5E-4
6.0	  4.7E-4
6.1	  3.5E-4
6.2	  2.6E-4
6.3	  2.0E-4
6.4	  1.1E-4
6.5	  8.0E-5
6.6	  5.0E-5
6.7	  4.0E-5
6.8	  4.0E-5
6.9	  2.0E-5
7.0	  2.0E-5
7.1	  1.0E-5
7.2	  1.0E-5
7.3	  1.0E-5
7.4	  1.0E-5
7.5	  0.0
7.6	  0.0
7.7	  0.0
7.8	  0.0
7.9	  0.0
8.0	  0.0
8.1	  0.0
8.2	  0.0
8.3	  0.0
8.4	  0.0
8.5	  0.0
8.6	  0.0
8.7	  0.0
8.8	  0.0
8.9	  0.0
9.0	  0.0



DATASET #7

Name: 95% Conf
Num Points: 66
Info: 

X, Y Data:
2.5	0.83824	[0.83593965	0.8405143]
2.6	0.76746	[0.76482636	0.77007306]
2.7	0.68675	[0.6838631	0.6896225]
2.8	0.60389	[0.6008497	0.6069223]
2.9	0.52164	[0.5185381	0.5247402]
3.0	0.4452	[0.4421168	0.44828743]
3.1	0.37573	[0.37272805	0.3787415]
3.2	0.3138	[0.31092608	0.31668824]
3.3	0.26037	[0.2576543	0.2631041]
3.4	0.21307	[0.2105381	0.21562397]
3.5	0.17465	[0.17230433	0.17702071]
3.6	0.14298	[0.1408191	0.1451684]
3.7	0.11584	[0.113866195	0.1178434]
3.8	0.09353	[0.091735914	0.09535541]
3.9	0.07511	[0.07348771	0.07676504]
4.0	0.06084	[0.059370294	0.06234356]
4.1	0.04836	[0.047042683	0.049712148]
4.2	0.03867	[0.037487656	0.039887935]
4.3	0.03082	[0.029761767	0.031914447]
4.4	0.02457	[0.023623677	0.02555304]
4.5	0.01946	[0.018617215	0.02033992]
4.6	0.01566	[0.014903989	0.016453465]
4.7	0.01271	[0.012029309	0.013428399]
4.8	0.0102	[0.009590921	0.010847012]
4.9	0.00815	[0.0076064942	0.0087316325]
5.0	0.00653	[0.0060445783	0.007053714]
5.1	0.00506	[0.0046340525	0.0055244053]
5.2	0.00393	[0.0035560508	0.0043425527]
5.3	0.00304	[0.002712625	0.0034061144]
5.4	0.00243	[0.0021386724	0.0027601805]
5.5	0.00178	[0.0015325458	0.0020664625]
5.6	0.00147	[0.0012463242	0.0017327813]
5.7	0.00109	[8.9922204E-4	0.0013200417]
5.8	8.7E-4	[7.0095976E-4	0.0010784314]
5.9	6.5E-4	[5.056601E-4	8.3390996E-4]
6.0	4.7E-4	[3.49198E-4	6.305945E-4]
6.1	3.5E-4	[2.4750276E-4	4.9251824E-4]
6.2	2.6E-4	[1.7339196E-4	3.8688924E-4]
6.3	2.0E-4	[1.2555439E-4	3.1498473E-4]
6.4	1.1E-4	[5.7856672E-5	2.0338313E-4]
6.5	8.0E-5	[3.7198402E-5	1.6448459E-4]
6.6	5.0E-5	[1.8407845E-5	1.2402E-4]
6.7	4.0E-5	[1.2813544E-5	1.10003224E-4]
6.8	4.0E-5	[1.2813544E-5	1.10003224E-4]
6.9	2.0E-5	[3.4641096E-6	8.066479E-5]
7.0	2.0E-5	[3.4641096E-6	8.066479E-5]
7.1	1.0E-5	[5.219861E-7	6.4949265E-5]
7.2	1.0E-5	[5.219861E-7	6.4949265E-5]
7.3	1.0E-5	[5.219861E-7	6.4949265E-5]
7.4	1.0E-5	[5.219861E-7	6.4949265E-5]
7.5	0.0	[0.0	4.7892154E-5]
7.6	0.0	[0.0	4.7892154E-5]
7.7	0.0	[0.0	4.7892154E-5]
7.8	0.0	[0.0	4.7892154E-5]
7.9	0.0	[0.0	4.7892154E-5]
8.0	0.0	[0.0	4.7892154E-5]
8.1	0.0	[0.0	4.7892154E-5]
8.2	0.0	[0.0	4.7892154E-5]
8.3	0.0	[0.0	4.7892154E-5]
8.4	0.0	[0.0	0.0]
8.5	0.0	[0.0	0.0]
8.6	0.0	[0.0	0.0]
8.7	0.0	[0.0	0.0]
8.8	0.0	[0.0	0.0]
8.9	0.0	[0.0	0.0]
9.0	0.0	[0.0	0.0]



DATASET #8

     Name: Supra
   Points: 66
     Info: 

Data[x,y]:
2.5	  1.9E-4
2.6	  1.9E-4
2.7	  1.9E-4
2.8	  1.9E-4
2.9	  1.9E-4
3.0	  1.9E-4
3.1	  1.9E-4
3.2	  1.9E-4
3.3	  1.9E-4
3.4	  1.9E-4
3.5	  1.9E-4
3.6	  1.9E-4
3.7	  1.9E-4
3.8	  1.9E-4
3.9	  1.9E-4
4.0	  1.9E-4
4.1	  1.9E-4
4.2	  1.9E-4
4.3	  1.9E-4
4.4	  1.9E-4
4.5	  1.9E-4
4.6	  1.9E-4
4.7	  1.9E-4
4.8	  1.9E-4
4.9	  1.9E-4
5.0	  1.9E-4
5.1	  1.9E-4
5.2	  1.9E-4
5.3	  1.9E-4
5.4	  1.9E-4
5.5	  1.9E-4
5.6	  1.9E-4
5.7	  1.9E-4
5.8	  1.9E-4
5.9	  1.8E-4
6.0	  1.8E-4
6.1	  1.6E-4
6.2	  1.1E-4
6.3	  9.0E-5
6.4	  6.0E-5
6.5	  4.0E-5
6.6	  4.0E-5
6.7	  3.0E-5
6.8	  3.0E-5
6.9	  1.0E-5
7.0	  1.0E-5
7.1	  1.0E-5
7.2	  1.0E-5
7.3	  1.0E-5
7.4	  1.0E-5
7.5	  0.0
7.6	  0.0
7.7	  0.0
7.8	  0.0
7.9	  0.0
8.0	  0.0
8.1	  0.0
8.2	  0.0
8.3	  0.0
8.4	  0.0
8.5	  0.0
8.6	  0.0
8.7	  0.0
8.8	  0.0
8.9	  0.0
9.0	  0.0



DATASET #9

     Name: Primary
   Points: 66
     Info: 

Data[x,y]:
2.5	  1.82024
2.6	  1.44552
2.7	  1.1485
2.8	  0.91245
2.9	  0.72237
3.0	  0.57464
3.1	  0.45638
3.2	  0.3619
3.3	  0.28856
3.4	  0.22873
3.5	  0.18229
3.6	  0.14538
3.7	  0.11555
3.8	  0.09144
3.9	  0.07217
4.0	  0.05786
4.1	  0.04556
4.2	  0.03608
4.3	  0.02839
4.4	  0.02237
4.5	  0.01757
4.6	  0.01408
4.7	  0.01134
4.8	  0.00904
4.9	  0.00714
5.0	  0.00576
5.1	  0.00435
5.2	  0.00339
5.3	  0.00256
5.4	  0.00201
5.5	  0.00142
5.6	  0.00114
5.7	  8.5E-4
5.8	  6.6E-4
5.9	  4.8E-4
6.0	  3.3E-4
6.1	  2.5E-4
6.2	  2.0E-4
6.3	  1.6E-4
6.4	  9.0E-5
6.5	  7.0E-5
6.6	  4.0E-5
6.7	  4.0E-5
6.8	  4.0E-5
6.9	  2.0E-5
7.0	  2.0E-5
7.1	  1.0E-5
7.2	  1.0E-5
7.3	  1.0E-5
7.4	  1.0E-5
7.5	  0.0
7.6	  0.0
7.7	  0.0
7.8	  0.0
7.9	  0.0
8.0	  0.0
8.1	  0.0
8.2	  0.0
8.3	  0.0
8.4	  0.0
8.5	  0.0
8.6	  0.0
8.7	  0.0
8.8	  0.0
8.9	  0.0
9.0	  0.0


