
X-Axis: Magnitude
Y-Axis: 1 Year Cumulative Number
Number of Data Sets: 9


DATASET #1

     Name: Mean
   Points: 66
     Info: 

Data[x,y]:
2.5	  541.4017
2.6	  429.98016
2.7	  341.50085
2.8	  271.28754
2.9	  215.46327
3.0	  171.15642
3.1	  135.95775
3.2	  108.0139
3.3	  85.77438
3.4	  68.12705
3.5	  54.12285
3.6	  42.975876
3.7	  34.128307
3.8	  27.094242
3.9	  21.530119
4.0	  17.088406
4.1	  13.56514
4.2	  10.776574
4.3	  8.540936
4.4	  6.782311
4.5	  5.366056
4.6	  4.2493625
4.7	  3.3691833
4.8	  2.6649203
4.9	  2.1040437
5.0	  1.6619521
5.1	  1.3109362
5.2	  1.0315737
5.3	  0.80916333
5.4	  0.6354582
5.5	  0.49378487
5.6	  0.38179284
5.7	  0.29161355
5.8	  0.22284861
5.9	  0.16780877
6.0	  0.12798804
6.1	  0.093326695
6.2	  0.062091634
6.3	  0.045338646
6.4	  0.034601595
6.5	  0.026613547
6.6	  0.021593625
6.7	  0.017370518
6.8	  0.014043825
6.9	  0.010776892
7.0	  0.008227091
7.1	  0.0069123507
7.2	  0.0054183267
7.3	  0.0037848605
7.4	  0.0031474105
7.5	  0.002370518
7.6	  0.0012549801
7.7	  4.3824702E-4
7.8	  3.187251E-4
7.9	  2.1912351E-4
8.0	  7.9681275E-5
8.1	  1.9920319E-5
8.2	  0.0
8.3	  0.0
8.4	  0.0
8.5	  0.0
8.6	  0.0
8.7	  0.0
8.8	  0.0
8.9	  0.0
9.0	  0.0



DATASET #2

     Name: 2.5%,97.5%
   Points: 66
     Info: 

Data[x,y]:
2.5	  331.0
2.6	  260.0
2.7	  203.0
2.8	  159.0
2.9	  124.0
3.0	  97.0
3.1	  75.0
3.2	  58.0
3.3	  44.0
3.4	  34.0
3.5	  26.0
3.6	  19.0
3.7	  14.0
3.8	  11.0
3.9	  8.0
4.0	  5.0
4.1	  4.0
4.2	  2.0
4.3	  2.0
4.4	  1.0
4.5	  0.0
4.6	  0.0
4.7	  0.0
4.8	  0.0
4.9	  0.0
5.0	  0.0
5.1	  0.0
5.2	  0.0
5.3	  0.0
5.4	  0.0
5.5	  0.0
5.6	  0.0
5.7	  0.0
5.8	  0.0
5.9	  0.0
6.0	  0.0
6.1	  0.0
6.2	  0.0
6.3	  0.0
6.4	  0.0
6.5	  0.0
6.6	  0.0
6.7	  0.0
6.8	  0.0
6.9	  0.0
7.0	  0.0
7.1	  0.0
7.2	  0.0
7.3	  0.0
7.4	  0.0
7.5	  0.0
7.6	  0.0
7.7	  0.0
7.8	  0.0
7.9	  0.0
8.0	  0.0
8.1	  0.0
8.2	  0.0
8.3	  0.0
8.4	  0.0
8.5	  0.0
8.6	  0.0
8.7	  0.0
8.8	  0.0
8.9	  0.0
9.0	  0.0



DATASET #3

     Name: null
   Points: 66
     Info: 

Data[x,y]:
2.5	  1261.0
2.6	  1000.0
2.7	  797.0
2.8	  633.0
2.9	  504.0
3.0	  401.0
3.1	  319.0
3.2	  254.0
3.3	  203.0
3.4	  162.0
3.5	  129.0
3.6	  104.0
3.7	  83.0
3.8	  67.0
3.9	  54.0
4.0	  43.0
4.1	  35.0
4.2	  29.0
4.3	  23.0
4.4	  19.0
4.5	  16.0
4.6	  13.0
4.7	  11.0
4.8	  9.0
4.9	  8.0
5.0	  7.0
5.1	  6.0
5.2	  5.0
5.3	  4.0
5.4	  3.0
5.5	  3.0
5.6	  2.0
5.7	  2.0
5.8	  2.0
5.9	  2.0
6.0	  1.0
6.1	  1.0
6.2	  1.0
6.3	  1.0
6.4	  1.0
6.5	  0.0
6.6	  0.0
6.7	  0.0
6.8	  0.0
6.9	  0.0
7.0	  0.0
7.1	  0.0
7.2	  0.0
7.3	  0.0
7.4	  0.0
7.5	  0.0
7.6	  0.0
7.7	  0.0
7.8	  0.0
7.9	  0.0
8.0	  0.0
8.1	  0.0
8.2	  0.0
8.3	  0.0
8.4	  0.0
8.5	  0.0
8.6	  0.0
8.7	  0.0
8.8	  0.0
8.9	  0.0
9.0	  0.0



DATASET #4

     Name: Median
   Points: 66
     Info: 

Data[x,y]:
2.5	  426.0
2.6	  339.0
2.7	  270.0
2.8	  215.0
2.9	  171.0
3.0	  136.0
3.1	  108.0
3.2	  86.0
3.3	  68.0
3.4	  54.0
3.5	  43.0
3.6	  34.0
3.7	  27.0
3.8	  22.0
3.9	  17.0
4.0	  14.0
4.1	  11.0
4.2	  9.0
4.3	  7.0
4.4	  5.0
4.5	  4.0
4.6	  3.0
4.7	  2.0
4.8	  2.0
4.9	  1.0
5.0	  1.0
5.1	  1.0
5.2	  1.0
5.3	  0.0
5.4	  0.0
5.5	  0.0
5.6	  0.0
5.7	  0.0
5.8	  0.0
5.9	  0.0
6.0	  0.0
6.1	  0.0
6.2	  0.0
6.3	  0.0
6.4	  0.0
6.5	  0.0
6.6	  0.0
6.7	  0.0
6.8	  0.0
6.9	  0.0
7.0	  0.0
7.1	  0.0
7.2	  0.0
7.3	  0.0
7.4	  0.0
7.5	  0.0
7.6	  0.0
7.7	  0.0
7.8	  0.0
7.9	  0.0
8.0	  0.0
8.1	  0.0
8.2	  0.0
8.3	  0.0
8.4	  0.0
8.5	  0.0
8.6	  0.0
8.7	  0.0
8.8	  0.0
8.9	  0.0
9.0	  0.0



DATASET #5

     Name: Mode
   Points: 66
     Info: 

Data[x,y]:
2.5	  397.0
2.6	  314.0
2.7	  248.0
2.8	  195.0
2.9	  154.0
3.0	  124.0
3.1	  101.0
3.2	  79.0
3.3	  60.0
3.4	  50.0
3.5	  38.0
3.6	  30.0
3.7	  25.0
3.8	  19.0
3.9	  15.0
4.0	  12.0
4.1	  9.0
4.2	  7.0
4.3	  5.0
4.4	  4.0
4.5	  3.0
4.6	  2.0
4.7	  2.0
4.8	  1.0
4.9	  1.0
5.0	  0.0
5.1	  0.0
5.2	  0.0
5.3	  0.0
5.4	  0.0
5.5	  0.0
5.6	  0.0
5.7	  0.0
5.8	  0.0
5.9	  0.0
6.0	  0.0
6.1	  0.0
6.2	  0.0
6.3	  0.0
6.4	  0.0
6.5	  0.0
6.6	  0.0
6.7	  0.0
6.8	  0.0
6.9	  0.0
7.0	  0.0
7.1	  0.0
7.2	  0.0
7.3	  0.0
7.4	  0.0
7.5	  0.0
7.6	  0.0
7.7	  0.0
7.8	  0.0
7.9	  0.0
8.0	  0.0
8.1	  0.0
8.2	  0.0
8.3	  0.0
8.4	  0.0
8.5	  0.0
8.6	  0.0
8.7	  0.0
8.8	  0.0
8.9	  0.0
9.0	  0.0



DATASET #6

     Name: 1 yr Prob
   Points: 66
     Info: 

Data[x,y]:
2.5	  1.0
2.6	  1.0
2.7	  1.0
2.8	  1.0
2.9	  1.0
3.0	  1.0
3.1	  1.0
3.2	  1.0
3.3	  1.0
3.4	  1.0
3.5	  1.0
3.6	  1.0
3.7	  1.0
3.8	  1.0
3.9	  1.0
4.0	  1.0
4.1	  0.9999004
4.2	  0.99888444
4.3	  0.9952988
4.4	  0.9875498
4.5	  0.97007966
4.6	  0.94073707
4.7	  0.8965538
4.8	  0.83721113
4.9	  0.7639243
5.0	  0.6851394
5.1	  0.60535854
5.2	  0.5239841
5.3	  0.44782868
5.4	  0.37569723
5.5	  0.31073704
5.6	  0.25444224
5.7	  0.20498008
5.8	  0.16364542
5.9	  0.12790836
6.0	  0.10025896
6.1	  0.0750996
6.2	  0.051633466
6.3	  0.03818725
6.4	  0.029482072
6.5	  0.023087649
6.6	  0.019601593
6.7	  0.015717132
6.8	  0.012948208
6.9	  0.0103784865
7.0	  0.007928287
7.1	  0.006733068
7.2	  0.0052589644
7.3	  0.0036653387
7.4	  0.003067729
7.5	  0.0023306774
7.6	  0.0012151394
7.7	  4.3824702E-4
7.8	  3.187251E-4
7.9	  2.1912351E-4
8.0	  7.9681275E-5
8.1	  1.9920319E-5
8.2	  0.0
8.3	  0.0
8.4	  0.0
8.5	  0.0
8.6	  0.0
8.7	  0.0
8.8	  0.0
8.9	  0.0
9.0	  0.0



DATASET #7

Name: 95% Conf
Num Points: 66
Info: 

X, Y Data:
2.5	1.0	[1.0	1.0]
2.6	1.0	[1.0	1.0]
2.7	1.0	[1.0	1.0]
2.8	1.0	[1.0	1.0]
2.9	1.0	[1.0	1.0]
3.0	1.0	[1.0	1.0]
3.1	1.0	[1.0	1.0]
3.2	1.0	[1.0	1.0]
3.3	1.0	[1.0	1.0]
3.4	1.0	[1.0	1.0]
3.5	1.0	[1.0	1.0]
3.6	1.0	[1.0	1.0]
3.7	1.0	[1.0	1.0]
3.8	1.0	[1.0	1.0]
3.9	1.0	[1.0	1.0]
4.0	1.0	[1.0	1.0]
4.1	0.9999004	[0.99975294	0.99996334]
4.2	0.99888444	[0.9985406	0.99914944]
4.3	0.9952988	[0.9946507	0.9958698]
4.4	0.9875498	[0.9865315	0.9884927]
4.5	0.97007966	[0.96854275	0.97154415]
4.6	0.94073707	[0.9386275	0.9427788]
4.7	0.8965538	[0.8938492	0.89919746]
4.8	0.83721113	[0.8339459	0.8404247]
4.9	0.7639243	[0.7601792	0.7676289]
5.0	0.6851394	[0.6810523	0.68919814]
5.1	0.60535854	[0.6010649	0.609636]
5.2	0.5239841	[0.5196035	0.52836096]
5.3	0.44782868	[0.4434728	0.45219254]
5.4	0.37569723	[0.37146032	0.37995318]
5.5	0.31073704	[0.30669326	0.3148099]
5.6	0.25444224	[0.25064108	0.25828105]
5.7	0.20498008	[0.2014614	0.20854403]
5.8	0.16364542	[0.16042498	0.16691749]
5.9	0.12790836	[0.12500526	0.13086861]
6.0	0.10025896	[0.09765224	0.102927096]
6.1	0.0750996	[0.072816625	0.077447884]
6.2	0.051633466	[0.049721975	0.05361393]
6.3	0.03818725	[0.03653601	0.039909586]
6.4	0.029482072	[0.028028239	0.031008398]
6.5	0.023087649	[0.021800226	0.024448613]
6.6	0.019601593	[0.018415492	0.02086182]
6.7	0.015717132	[0.014655924	0.016853131]
6.8	0.012948208	[0.011986268	0.0139854355]
6.9	0.0103784865	[0.0095191	0.011313644]
7.0	0.007928287	[0.0071797525	0.008753094]
7.1	0.006733068	[0.0060450193	0.0074976557]
7.2	0.0052589644	[0.0046536336	0.0059412]
7.3	0.0036653387	[0.003164086	0.004243978]
7.4	0.003067729	[0.0026113251	0.0036017445]
7.5	0.0023306774	[0.0019361655	0.0028031433]
7.6	0.0012151394	[9.3746145E-4	0.0015716269]
7.7	4.3824702E-4	[2.815281E-4	6.754902E-4]
7.8	3.187251E-4	[1.8863015E-4	5.300294E-4]
7.9	2.1912351E-4	[1.1525425E-4	4.0512296E-4]
8.0	7.9681275E-5	[2.552514E-5	2.191199E-4]
8.1	1.9920319E-5	[1.0398135E-6	1.293758E-4]
8.2	0.0	[0.0	9.5399024E-5]
8.3	0.0	[0.0	9.5399024E-5]
8.4	0.0	[0.0	0.0]
8.5	0.0	[0.0	0.0]
8.6	0.0	[0.0	0.0]
8.7	0.0	[0.0	0.0]
8.8	0.0	[0.0	0.0]
8.9	0.0	[0.0	0.0]
9.0	0.0	[0.0	0.0]



DATASET #8

     Name: Supra
   Points: 66
     Info: 

Data[x,y]:
2.5	  0.037051793
2.6	  0.037051793
2.7	  0.037051793
2.8	  0.037051793
2.9	  0.037051793
3.0	  0.037051793
3.1	  0.037051793
3.2	  0.037051793
3.3	  0.037051793
3.4	  0.037051793
3.5	  0.037051793
3.6	  0.037051793
3.7	  0.037051793
3.8	  0.037051793
3.9	  0.037051793
4.0	  0.037051793
4.1	  0.037051793
4.2	  0.037051793
4.3	  0.037051793
4.4	  0.037051793
4.5	  0.037051793
4.6	  0.037051793
4.7	  0.037051793
4.8	  0.037051793
4.9	  0.037051793
5.0	  0.037051793
5.1	  0.037051793
5.2	  0.037051793
5.3	  0.037051793
5.4	  0.037051793
5.5	  0.037051793
5.6	  0.037051793
5.7	  0.037051793
5.8	  0.037031874
5.9	  0.03701195
6.0	  0.036992032
6.1	  0.03183267
6.2	  0.024541833
6.3	  0.020039842
6.4	  0.01743028
6.5	  0.015059761
6.6	  0.014023905
6.7	  0.01187251
6.8	  0.010517929
6.9	  0.008645418
7.0	  0.007051793
7.1	  0.0062749004
7.2	  0.005
7.3	  0.0034860559
7.4	  0.002948207
7.5	  0.0022908368
7.6	  0.0012151394
7.7	  4.3824702E-4
7.8	  3.187251E-4
7.9	  2.1912351E-4
8.0	  7.9681275E-5
8.1	  1.9920319E-5
8.2	  0.0
8.3	  0.0
8.4	  0.0
8.5	  0.0
8.6	  0.0
8.7	  0.0
8.8	  0.0
8.9	  0.0
9.0	  0.0



DATASET #9

     Name: Primary
   Points: 66
     Info: 

Data[x,y]:
2.5	  281.6899
2.6	  223.71883
2.7	  177.68805
2.8	  141.1488
2.9	  112.106895
3.0	  89.07172
3.1	  70.77819
3.2	  56.22247
3.3	  44.647808
3.4	  35.471016
3.5	  28.17018
3.6	  22.372292
3.7	  17.766335
3.8	  14.10737
3.9	  11.208685
4.0	  8.88994
4.1	  7.0581274
4.2	  5.608566
4.3	  4.4443426
4.4	  3.531514
4.5	  2.7942033
4.6	  2.2155578
4.7	  1.7558566
4.8	  1.38749
4.9	  1.0942829
5.0	  0.86326694
5.1	  0.682251
5.2	  0.53643423
5.3	  0.4207769
5.4	  0.33065736
5.5	  0.25653386
5.6	  0.19928287
5.7	  0.15354581
5.8	  0.11802789
5.9	  0.08906375
6.0	  0.06727092
6.1	  0.049661353
6.2	  0.033167332
6.3	  0.024442231
6.4	  0.018187251
6.5	  0.014143426
6.6	  0.012051793
6.7	  0.009681275
6.8	  0.007868526
6.9	  0.00623506
7.0	  0.0047011953
7.1	  0.0038844622
7.2	  0.0030278885
7.3	  0.0021314742
7.4	  0.0017529881
7.5	  0.0013944223
7.6	  7.768924E-4
7.7	  2.7888446E-4
7.8	  1.9920319E-4
7.9	  1.3944223E-4
8.0	  1.9920319E-5
8.1	  0.0
8.2	  0.0
8.3	  0.0
8.4	  0.0
8.5	  0.0
8.6	  0.0
8.7	  0.0
8.8	  0.0
8.9	  0.0
9.0	  0.0


