
X-Axis: Magnitude
Y-Axis: 10 Year Cumulative Number
Number of Data Sets: 9


DATASET #1

     Name: Mean
   Points: 66
     Info: 

Data[x,y]:
2.5	  32.42864
2.6	  25.76614
2.7	  20.46266
2.8	  16.2527
2.9	  12.91455
3.0	  10.26168
3.1	  8.14478
3.2	  6.46496
3.3	  5.12945
3.4	  4.0698
3.5	  3.22953
3.6	  2.56151
3.7	  2.03369
3.8	  1.61511
3.9	  1.2812
4.0	  1.01552
4.1	  0.80682
4.2	  0.63968
4.3	  0.5057
4.4	  0.4006
4.5	  0.31742
4.6	  0.25063
4.7	  0.19893
4.8	  0.15647
4.9	  0.12374
5.0	  0.09788
5.1	  0.07661
5.2	  0.05939
5.3	  0.04637
5.4	  0.03599
5.5	  0.02786
5.6	  0.02094
5.7	  0.01554
5.8	  0.01158
5.9	  0.00847
6.0	  0.00582
6.1	  0.00382
6.2	  0.00237
6.3	  0.00171
6.4	  0.0011
6.5	  7.8E-4
6.6	  7.2E-4
6.7	  6.3E-4
6.8	  5.7E-4
6.9	  5.2E-4
7.0	  4.7E-4
7.1	  3.9E-4
7.2	  3.3E-4
7.3	  2.9E-4
7.4	  2.6E-4
7.5	  2.3E-4
7.6	  2.1E-4
7.7	  1.9E-4
7.8	  1.7E-4
7.9	  1.2E-4
8.0	  8.0E-5
8.1	  4.0E-5
8.2	  0.0
8.3	  0.0
8.4	  0.0
8.5	  0.0
8.6	  0.0
8.7	  0.0
8.8	  0.0
8.9	  0.0
9.0	  0.0



DATASET #2

     Name: 2.5%,97.5%
   Points: 66
     Info: 

Data[x,y]:
2.5	  0.0
2.6	  0.0
2.7	  0.0
2.8	  0.0
2.9	  0.0
3.0	  0.0
3.1	  0.0
3.2	  0.0
3.3	  0.0
3.4	  0.0
3.5	  0.0
3.6	  0.0
3.7	  0.0
3.8	  0.0
3.9	  0.0
4.0	  0.0
4.1	  0.0
4.2	  0.0
4.3	  0.0
4.4	  0.0
4.5	  0.0
4.6	  0.0
4.7	  0.0
4.8	  0.0
4.9	  0.0
5.0	  0.0
5.1	  0.0
5.2	  0.0
5.3	  0.0
5.4	  0.0
5.5	  0.0
5.6	  0.0
5.7	  0.0
5.8	  0.0
5.9	  0.0
6.0	  0.0
6.1	  0.0
6.2	  0.0
6.3	  0.0
6.4	  0.0
6.5	  0.0
6.6	  0.0
6.7	  0.0
6.8	  0.0
6.9	  0.0
7.0	  0.0
7.1	  0.0
7.2	  0.0
7.3	  0.0
7.4	  0.0
7.5	  0.0
7.6	  0.0
7.7	  0.0
7.8	  0.0
7.9	  0.0
8.0	  0.0
8.1	  0.0
8.2	  0.0
8.3	  0.0
8.4	  0.0
8.5	  0.0
8.6	  0.0
8.7	  0.0
8.8	  0.0
8.9	  0.0
9.0	  0.0



DATASET #3

     Name: null
   Points: 66
     Info: 

Data[x,y]:
2.5	  122.0
2.6	  96.0
2.7	  77.0
2.8	  62.0
2.9	  49.0
3.0	  40.0
3.1	  32.0
3.2	  26.0
3.3	  21.0
3.4	  17.0
3.5	  13.0
3.6	  11.0
3.7	  9.0
3.8	  7.0
3.9	  6.0
4.0	  5.0
4.1	  4.0
4.2	  3.0
4.3	  3.0
4.4	  2.0
4.5	  2.0
4.6	  2.0
4.7	  1.0
4.8	  1.0
4.9	  1.0
5.0	  1.0
5.1	  1.0
5.2	  1.0
5.3	  1.0
5.4	  0.0
5.5	  0.0
5.6	  0.0
5.7	  0.0
5.8	  0.0
5.9	  0.0
6.0	  0.0
6.1	  0.0
6.2	  0.0
6.3	  0.0
6.4	  0.0
6.5	  0.0
6.6	  0.0
6.7	  0.0
6.8	  0.0
6.9	  0.0
7.0	  0.0
7.1	  0.0
7.2	  0.0
7.3	  0.0
7.4	  0.0
7.5	  0.0
7.6	  0.0
7.7	  0.0
7.8	  0.0
7.9	  0.0
8.0	  0.0
8.1	  0.0
8.2	  0.0
8.3	  0.0
8.4	  0.0
8.5	  0.0
8.6	  0.0
8.7	  0.0
8.8	  0.0
8.9	  0.0
9.0	  0.0



DATASET #4

     Name: Median
   Points: 66
     Info: 

Data[x,y]:
2.5	  9.0
2.6	  7.0
2.7	  6.0
2.8	  4.0
2.9	  3.0
3.0	  3.0
3.1	  2.0
3.2	  2.0
3.3	  1.0
3.4	  1.0
3.5	  1.0
3.6	  0.0
3.7	  0.0
3.8	  0.0
3.9	  0.0
4.0	  0.0
4.1	  0.0
4.2	  0.0
4.3	  0.0
4.4	  0.0
4.5	  0.0
4.6	  0.0
4.7	  0.0
4.8	  0.0
4.9	  0.0
5.0	  0.0
5.1	  0.0
5.2	  0.0
5.3	  0.0
5.4	  0.0
5.5	  0.0
5.6	  0.0
5.7	  0.0
5.8	  0.0
5.9	  0.0
6.0	  0.0
6.1	  0.0
6.2	  0.0
6.3	  0.0
6.4	  0.0
6.5	  0.0
6.6	  0.0
6.7	  0.0
6.8	  0.0
6.9	  0.0
7.0	  0.0
7.1	  0.0
7.2	  0.0
7.3	  0.0
7.4	  0.0
7.5	  0.0
7.6	  0.0
7.7	  0.0
7.8	  0.0
7.9	  0.0
8.0	  0.0
8.1	  0.0
8.2	  0.0
8.3	  0.0
8.4	  0.0
8.5	  0.0
8.6	  0.0
8.7	  0.0
8.8	  0.0
8.9	  0.0
9.0	  0.0



DATASET #5

     Name: Mode
   Points: 66
     Info: 

Data[x,y]:
2.5	  2.0
2.6	  1.0
2.7	  1.0
2.8	  0.0
2.9	  0.0
3.0	  0.0
3.1	  0.0
3.2	  0.0
3.3	  0.0
3.4	  0.0
3.5	  0.0
3.6	  0.0
3.7	  0.0
3.8	  0.0
3.9	  0.0
4.0	  0.0
4.1	  0.0
4.2	  0.0
4.3	  0.0
4.4	  0.0
4.5	  0.0
4.6	  0.0
4.7	  0.0
4.8	  0.0
4.9	  0.0
5.0	  0.0
5.1	  0.0
5.2	  0.0
5.3	  0.0
5.4	  0.0
5.5	  0.0
5.6	  0.0
5.7	  0.0
5.8	  0.0
5.9	  0.0
6.0	  0.0
6.1	  0.0
6.2	  0.0
6.3	  0.0
6.4	  0.0
6.5	  0.0
6.6	  0.0
6.7	  0.0
6.8	  0.0
6.9	  0.0
7.0	  0.0
7.1	  0.0
7.2	  0.0
7.3	  0.0
7.4	  0.0
7.5	  0.0
7.6	  0.0
7.7	  0.0
7.8	  0.0
7.9	  0.0
8.0	  0.0
8.1	  0.0
8.2	  0.0
8.3	  0.0
8.4	  0.0
8.5	  0.0
8.6	  0.0
8.7	  0.0
8.8	  0.0
8.9	  0.0
9.0	  0.0



DATASET #6

     Name: 10 yr Prob
   Points: 66
     Info: 

Data[x,y]:
2.5	  0.94707
2.6	  0.92782
2.7	  0.90385
2.8	  0.87554
2.9	  0.84132
3.0	  0.80178
3.1	  0.75875
3.2	  0.71064
3.3	  0.65977
3.4	  0.60574
3.5	  0.55239
3.6	  0.49849
3.7	  0.4454
3.8	  0.3943
3.9	  0.34465
4.0	  0.29809
4.1	  0.25683
4.2	  0.21947
4.3	  0.1855
4.4	  0.15598
4.5	  0.13075
4.6	  0.10846
4.7	  0.09044
4.8	  0.07381
4.9	  0.06056
5.0	  0.04913
5.1	  0.03981
5.2	  0.03179
5.3	  0.02575
5.4	  0.02054
5.5	  0.01631
5.6	  0.0125
5.7	  0.00966
5.8	  0.0074
5.9	  0.00559
6.0	  0.00404
6.1	  0.00271
6.2	  0.0017
6.3	  0.00127
6.4	  8.7E-4
6.5	  6.1E-4
6.6	  5.8E-4
6.7	  5.3E-4
6.8	  5.0E-4
6.9	  4.6E-4
7.0	  4.2E-4
7.1	  3.5E-4
7.2	  2.9E-4
7.3	  2.5E-4
7.4	  2.4E-4
7.5	  2.1E-4
7.6	  1.9E-4
7.7	  1.7E-4
7.8	  1.6E-4
7.9	  1.2E-4
8.0	  8.0E-5
8.1	  4.0E-5
8.2	  0.0
8.3	  0.0
8.4	  0.0
8.5	  0.0
8.6	  0.0
8.7	  0.0
8.8	  0.0
8.9	  0.0
9.0	  0.0



DATASET #7

Name: 95% Conf
Num Points: 66
Info: 

X, Y Data:
2.5	0.94707	[0.94566	0.94844556]
2.6	0.92782	[0.9261945	0.92941254]
2.7	0.90385	[0.9020022	0.90566665]
2.8	0.87554	[0.87347454	0.8775766]
2.9	0.84132	[0.83903724	0.8435765]
3.0	0.80178	[0.7992925	0.8042443]
3.1	0.75875	[0.7560833	0.7613968]
3.2	0.71064	[0.7078163	0.71344745]
3.3	0.65977	[0.6568223	0.66270536]
3.4	0.60574	[0.602702	0.60876983]
3.5	0.55239	[0.5493011	0.5554749]
3.6	0.49849	[0.4953861	0.501594]
3.7	0.4454	[0.44231665	0.44848755]
3.8	0.3943	[0.39127013	0.397338]
3.9	0.34465	[0.34170538	0.34760657]
4.0	0.29809	[0.2952577	0.30093783]
4.1	0.25683	[0.25412655	0.25955215]
4.2	0.21947	[0.21691053	0.22205107]
4.3	0.1855	[0.18309791	0.18792629]
4.4	0.15598	[0.15373936	0.15824713]
4.5	0.13075	[0.12866968	0.13285875]
4.6	0.10846	[0.10654271	0.11040746]
4.7	0.09044	[0.08867307	0.092238486]
4.8	0.07381	[0.07220082	0.07545203]
4.9	0.06056	[0.059093498	0.06206038]
5.0	0.04913	[0.047802653	0.050492115]
5.1	0.03981	[0.038610846	0.041044656]
5.2	0.03179	[0.03071555	0.032900587]
5.3	0.02575	[0.024781458	0.026755163]
5.4	0.02054	[0.019674225	0.021442821]
5.5	0.01631	[0.015538418	0.017118981]
5.6	0.0125	[0.011825002	0.013212725]
5.7	0.00966	[0.009067481	0.010290502]
5.8	0.0074	[0.0068825735	0.007955628]
5.9	0.00559	[0.0051417076	0.006076688]
6.0	0.00404	[0.003660682	0.0044579064]
6.1	0.00271	[0.0024016206	0.0030571776]
6.2	0.0017	[0.0014584692	0.0019805622]
6.3	0.00127	[0.0010630253	0.0015161562]
6.4	8.7E-4	[7.0095976E-4	0.0010784314]
6.5	6.1E-4	[4.7057818E-4	7.890333E-4]
6.6	5.8E-4	[4.4437288E-4	7.552722E-4]
6.7	5.3E-4	[4.0092098E-4	6.987858E-4]
6.8	5.0E-4	[3.7499785E-4	6.6475E-4]
6.9	4.6E-4	[3.4062742E-4	6.191808E-4]
7.0	4.2E-4	[3.065053E-4	5.7337113E-4]
7.1	3.5E-4	[2.4750276E-4	4.9251824E-4]
7.2	2.9E-4	[1.978313E-4	4.2235057E-4]
7.3	2.5E-4	[1.6531504E-4	3.7500297E-4]
7.4	2.4E-4	[1.5727628E-4	3.6308065E-4]
7.5	2.1E-4	[1.3341404E-4	3.27075E-4]
7.6	1.9E-4	[1.1774775E-4	3.0284515E-4]
7.7	1.7E-4	[1.02310594E-4	2.7840282E-4]
7.8	1.6E-4	[9.4690186E-5	2.6609126E-4]
7.9	1.2E-4	[6.502256E-5	2.1610482E-4]
8.0	8.0E-5	[3.7198402E-5	1.6448459E-4]
8.1	4.0E-5	[1.2813544E-5	1.10003224E-4]
8.2	0.0	[0.0	4.7892154E-5]
8.3	0.0	[0.0	4.7892154E-5]
8.4	0.0	[0.0	0.0]
8.5	0.0	[0.0	0.0]
8.6	0.0	[0.0	0.0]
8.7	0.0	[0.0	0.0]
8.8	0.0	[0.0	0.0]
8.9	0.0	[0.0	0.0]
9.0	0.0	[0.0	0.0]



DATASET #8

     Name: Supra
   Points: 66
     Info: 

Data[x,y]:
2.5	  8.3E-4
2.6	  8.3E-4
2.7	  8.3E-4
2.8	  8.3E-4
2.9	  8.3E-4
3.0	  8.3E-4
3.1	  8.3E-4
3.2	  8.3E-4
3.3	  8.3E-4
3.4	  8.3E-4
3.5	  8.3E-4
3.6	  8.3E-4
3.7	  8.3E-4
3.8	  8.3E-4
3.9	  8.3E-4
4.0	  8.3E-4
4.1	  8.3E-4
4.2	  8.3E-4
4.3	  8.3E-4
4.4	  8.3E-4
4.5	  8.3E-4
4.6	  8.3E-4
4.7	  8.3E-4
4.8	  8.3E-4
4.9	  8.3E-4
5.0	  8.3E-4
5.1	  8.3E-4
5.2	  8.3E-4
5.3	  8.3E-4
5.4	  8.3E-4
5.5	  8.3E-4
5.6	  8.3E-4
5.7	  8.3E-4
5.8	  8.3E-4
5.9	  8.2E-4
6.0	  8.2E-4
6.1	  8.1E-4
6.2	  7.8E-4
6.3	  7.2E-4
6.4	  7.0E-4
6.5	  5.8E-4
6.6	  5.7E-4
6.7	  5.2E-4
6.8	  4.9E-4
6.9	  4.6E-4
7.0	  4.2E-4
7.1	  3.5E-4
7.2	  2.9E-4
7.3	  2.5E-4
7.4	  2.4E-4
7.5	  2.1E-4
7.6	  1.9E-4
7.7	  1.7E-4
7.8	  1.6E-4
7.9	  1.2E-4
8.0	  8.0E-5
8.1	  4.0E-5
8.2	  0.0
8.3	  0.0
8.4	  0.0
8.5	  0.0
8.6	  0.0
8.7	  0.0
8.8	  0.0
8.9	  0.0
9.0	  0.0



DATASET #9

     Name: Primary
   Points: 66
     Info: 

Data[x,y]:
2.5	  12.35075
2.6	  9.81254
2.7	  7.7897
2.8	  6.18698
2.9	  4.91794
3.0	  3.90924
3.1	  3.10518
3.2	  2.4638
3.3	  1.95744
3.4	  1.55148
3.5	  1.22869
3.6	  0.97522
3.7	  0.77419
3.8	  0.61465
3.9	  0.48685
4.0	  0.38629
4.1	  0.30729
4.2	  0.24338
4.3	  0.19219
4.4	  0.15212
4.5	  0.1212
4.6	  0.09538
4.7	  0.07624
4.8	  0.06018
4.9	  0.04752
5.0	  0.03713
5.1	  0.02889
5.2	  0.02266
5.3	  0.0177
5.4	  0.0137
5.5	  0.01065
5.6	  0.00793
5.7	  0.00599
5.8	  0.00461
5.9	  0.00333
6.0	  0.00241
6.1	  0.00153
6.2	  8.9E-4
6.3	  6.7E-4
6.4	  4.4E-4
6.5	  3.0E-4
6.6	  2.9E-4
6.7	  2.8E-4
6.8	  2.7E-4
6.9	  2.6E-4
7.0	  2.3E-4
7.1	  1.9E-4
7.2	  1.5E-4
7.3	  1.5E-4
7.4	  1.4E-4
7.5	  1.4E-4
7.6	  1.4E-4
7.7	  1.4E-4
7.8	  1.2E-4
7.9	  1.0E-4
8.0	  7.0E-5
8.1	  3.0E-5
8.2	  0.0
8.3	  0.0
8.4	  0.0
8.5	  0.0
8.6	  0.0
8.7	  0.0
8.8	  0.0
8.9	  0.0
9.0	  0.0


