
X-Axis: Magnitude
Y-Axis: 1 Day Cumulative Number
Number of Data Sets: 9


DATASET #1

     Name: Mean
   Points: 66
     Info: 

Data[x,y]:
2.5	  8.550457
2.6	  6.79657
2.7	  5.395385
2.8	  4.283139
2.9	  3.4011018
3.0	  2.7000833
3.1	  2.1504781
3.2	  1.705156
3.3	  1.3568815
3.4	  1.0734928
3.5	  0.85164243
3.6	  0.67841995
3.7	  0.5387734
3.8	  0.42995843
3.9	  0.3416216
4.0	  0.27261955
4.1	  0.21758835
4.2	  0.17367983
4.3	  0.13827443
4.4	  0.10873181
4.5	  0.08607069
4.6	  0.06817048
4.7	  0.054511435
4.8	  0.04280665
4.9	  0.033555094
5.0	  0.026548857
5.1	  0.02074844
5.2	  0.016237006
5.3	  0.012619543
5.4	  0.01004158
5.5	  0.0076091476
5.6	  0.0056340955
5.7	  0.0043659043
5.8	  0.0032640332
5.9	  0.0022037423
6.0	  0.0017255717
6.1	  9.97921E-4
6.2	  6.860707E-4
6.3	  5.197505E-4
6.4	  3.5343034E-4
6.5	  2.4948025E-4
6.6	  2.4948025E-4
6.7	  2.0790022E-4
6.8	  1.8711018E-4
6.9	  1.8711018E-4
7.0	  1.8711018E-4
7.1	  1.4553014E-4
7.2	  1.0395011E-4
7.3	  1.0395011E-4
7.4	  1.0395011E-4
7.5	  1.0395011E-4
7.6	  1.0395011E-4
7.7	  1.0395011E-4
7.8	  8.3160085E-5
7.9	  8.3160085E-5
8.0	  4.1580042E-5
8.1	  2.0790021E-5
8.2	  0.0
8.3	  0.0
8.4	  0.0
8.5	  0.0
8.6	  0.0
8.7	  0.0
8.8	  0.0
8.9	  0.0
9.0	  0.0



DATASET #2

     Name: 2.5%,97.5%
   Points: 66
     Info: 

Data[x,y]:
2.5	  0.0
2.6	  0.0
2.7	  0.0
2.8	  0.0
2.9	  0.0
3.0	  0.0
3.1	  0.0
3.2	  0.0
3.3	  0.0
3.4	  0.0
3.5	  0.0
3.6	  0.0
3.7	  0.0
3.8	  0.0
3.9	  0.0
4.0	  0.0
4.1	  0.0
4.2	  0.0
4.3	  0.0
4.4	  0.0
4.5	  0.0
4.6	  0.0
4.7	  0.0
4.8	  0.0
4.9	  0.0
5.0	  0.0
5.1	  0.0
5.2	  0.0
5.3	  0.0
5.4	  0.0
5.5	  0.0
5.6	  0.0
5.7	  0.0
5.8	  0.0
5.9	  0.0
6.0	  0.0
6.1	  0.0
6.2	  0.0
6.3	  0.0
6.4	  0.0
6.5	  0.0
6.6	  0.0
6.7	  0.0
6.8	  0.0
6.9	  0.0
7.0	  0.0
7.1	  0.0
7.2	  0.0
7.3	  0.0
7.4	  0.0
7.5	  0.0
7.6	  0.0
7.7	  0.0
7.8	  0.0
7.9	  0.0
8.0	  0.0
8.1	  0.0
8.2	  0.0
8.3	  0.0
8.4	  0.0
8.5	  0.0
8.6	  0.0
8.7	  0.0
8.8	  0.0
8.9	  0.0
9.0	  0.0



DATASET #3

     Name: null
   Points: 66
     Info: 

Data[x,y]:
2.5	  39.0
2.6	  31.0
2.7	  25.0
2.8	  20.0
2.9	  16.0
3.0	  13.0
3.1	  11.0
3.2	  9.0
3.3	  7.0
3.4	  6.0
3.5	  5.0
3.6	  4.0
3.7	  3.0
3.8	  3.0
3.9	  2.0
4.0	  2.0
4.1	  2.0
4.2	  2.0
4.3	  1.0
4.4	  1.0
4.5	  1.0
4.6	  1.0
4.7	  1.0
4.8	  1.0
4.9	  1.0
5.0	  0.0
5.1	  0.0
5.2	  0.0
5.3	  0.0
5.4	  0.0
5.5	  0.0
5.6	  0.0
5.7	  0.0
5.8	  0.0
5.9	  0.0
6.0	  0.0
6.1	  0.0
6.2	  0.0
6.3	  0.0
6.4	  0.0
6.5	  0.0
6.6	  0.0
6.7	  0.0
6.8	  0.0
6.9	  0.0
7.0	  0.0
7.1	  0.0
7.2	  0.0
7.3	  0.0
7.4	  0.0
7.5	  0.0
7.6	  0.0
7.7	  0.0
7.8	  0.0
7.9	  0.0
8.0	  0.0
8.1	  0.0
8.2	  0.0
8.3	  0.0
8.4	  0.0
8.5	  0.0
8.6	  0.0
8.7	  0.0
8.8	  0.0
8.9	  0.0
9.0	  0.0



DATASET #4

     Name: Median
   Points: 66
     Info: 

Data[x,y]:
2.5	  4.0
2.6	  3.0
2.7	  2.0
2.8	  2.0
2.9	  1.0
3.0	  1.0
3.1	  1.0
3.2	  1.0
3.3	  0.0
3.4	  0.0
3.5	  0.0
3.6	  0.0
3.7	  0.0
3.8	  0.0
3.9	  0.0
4.0	  0.0
4.1	  0.0
4.2	  0.0
4.3	  0.0
4.4	  0.0
4.5	  0.0
4.6	  0.0
4.7	  0.0
4.8	  0.0
4.9	  0.0
5.0	  0.0
5.1	  0.0
5.2	  0.0
5.3	  0.0
5.4	  0.0
5.5	  0.0
5.6	  0.0
5.7	  0.0
5.8	  0.0
5.9	  0.0
6.0	  0.0
6.1	  0.0
6.2	  0.0
6.3	  0.0
6.4	  0.0
6.5	  0.0
6.6	  0.0
6.7	  0.0
6.8	  0.0
6.9	  0.0
7.0	  0.0
7.1	  0.0
7.2	  0.0
7.3	  0.0
7.4	  0.0
7.5	  0.0
7.6	  0.0
7.7	  0.0
7.8	  0.0
7.9	  0.0
8.0	  0.0
8.1	  0.0
8.2	  0.0
8.3	  0.0
8.4	  0.0
8.5	  0.0
8.6	  0.0
8.7	  0.0
8.8	  0.0
8.9	  0.0
9.0	  0.0



DATASET #5

     Name: Mode
   Points: 66
     Info: 

Data[x,y]:
2.5	  1.0
2.6	  0.0
2.7	  0.0
2.8	  0.0
2.9	  0.0
3.0	  0.0
3.1	  0.0
3.2	  0.0
3.3	  0.0
3.4	  0.0
3.5	  0.0
3.6	  0.0
3.7	  0.0
3.8	  0.0
3.9	  0.0
4.0	  0.0
4.1	  0.0
4.2	  0.0
4.3	  0.0
4.4	  0.0
4.5	  0.0
4.6	  0.0
4.7	  0.0
4.8	  0.0
4.9	  0.0
5.0	  0.0
5.1	  0.0
5.2	  0.0
5.3	  0.0
5.4	  0.0
5.5	  0.0
5.6	  0.0
5.7	  0.0
5.8	  0.0
5.9	  0.0
6.0	  0.0
6.1	  0.0
6.2	  0.0
6.3	  0.0
6.4	  0.0
6.5	  0.0
6.6	  0.0
6.7	  0.0
6.8	  0.0
6.9	  0.0
7.0	  0.0
7.1	  0.0
7.2	  0.0
7.3	  0.0
7.4	  0.0
7.5	  0.0
7.6	  0.0
7.7	  0.0
7.8	  0.0
7.9	  0.0
8.0	  0.0
8.1	  0.0
8.2	  0.0
8.3	  0.0
8.4	  0.0
8.5	  0.0
8.6	  0.0
8.7	  0.0
8.8	  0.0
8.9	  0.0
9.0	  0.0



DATASET #6

     Name: 1 d Prob
   Points: 66
     Info: 

Data[x,y]:
2.5	  0.87006235
2.6	  0.83629936
2.7	  0.7933472
2.8	  0.7470894
2.9	  0.6949896
3.0	  0.6404158
3.1	  0.58449066
3.2	  0.5281081
3.3	  0.47216216
3.4	  0.41648647
3.5	  0.36474013
3.6	  0.31733888
3.7	  0.27297297
3.8	  0.23320167
3.9	  0.1954262
4.0	  0.1635343
4.1	  0.1370894
4.2	  0.11401247
4.3	  0.093700625
4.4	  0.07650728
4.5	  0.062120583
4.6	  0.0506237
4.7	  0.04130977
4.8	  0.0331185
4.9	  0.026216216
5.0	  0.02108108
5.1	  0.016673597
5.2	  0.013097713
5.3	  0.01014553
5.4	  0.008128898
5.5	  0.006278586
5.6	  0.004677755
5.7	  0.0037837839
5.8	  0.0028482329
5.9	  0.001912682
6.0	  0.0015176715
6.1	  8.7318086E-4
6.2	  6.029106E-4
6.3	  4.5738046E-4
6.4	  3.3264034E-4
6.5	  2.2869023E-4
6.6	  2.2869023E-4
6.7	  2.0790022E-4
6.8	  1.8711018E-4
6.9	  1.8711018E-4
7.0	  1.8711018E-4
7.1	  1.4553014E-4
7.2	  1.0395011E-4
7.3	  1.0395011E-4
7.4	  1.0395011E-4
7.5	  1.0395011E-4
7.6	  1.0395011E-4
7.7	  1.0395011E-4
7.8	  8.3160085E-5
7.9	  8.3160085E-5
8.0	  4.1580042E-5
8.1	  2.0790021E-5
8.2	  0.0
8.3	  0.0
8.4	  0.0
8.5	  0.0
8.6	  0.0
8.7	  0.0
8.8	  0.0
8.9	  0.0
9.0	  0.0



DATASET #7

Name: 95% Conf
Num Points: 66
Info: 

X, Y Data:
2.5	0.87006235	[0.86701745	0.873048]
2.6	0.83629936	[0.8329554	0.8395895]
2.7	0.7933472	[0.7896948	0.7969526]
2.8	0.7470894	[0.7431747	0.7509646]
2.9	0.6949896	[0.6908491	0.6990989]
3.0	0.6404158	[0.6361057	0.6447034]
3.1	0.58449066	[0.5800695	0.58889824]
3.2	0.5281081	[0.5236343	0.5325774]
3.3	0.47216216	[0.4676927	0.47663608]
3.4	0.41648647	[0.4120773	0.42090905]
3.5	0.36474013	[0.3604389	0.369063]
3.6	0.31733888	[0.3131837	0.3215233]
3.7	0.27297297	[0.26899964	0.27698267]
3.8	0.23320167	[0.22943361	0.23701245]
3.9	0.1954262	[0.19189654	0.19900464]
4.0	0.1635343	[0.16024558	0.16687694]
4.1	0.1370894	[0.13403432	0.14020264]
4.2	0.11401247	[0.11119261	0.11689422]
4.3	0.093700625	[0.09111841	0.09634799]
4.4	0.07650728	[0.07415523	0.07892726]
4.5	0.062120583	[0.059988007	0.06432343]
4.6	0.0506237	[0.04868993	0.052629627]
4.7	0.04130977	[0.039557435	0.043135796]
4.8	0.0331185	[0.031546056	0.034766007]
4.9	0.026216216	[0.024815584	0.027693072]
5.0	0.02108108	[0.019824907	0.022414368]
5.1	0.016673597	[0.015557228	0.017867863]
5.2	0.013097713	[0.01210984	0.01416415]
5.3	0.01014553	[0.009278307	0.011091901]
5.4	0.008128898	[0.007354898	0.008982477]
5.5	0.006278586	[0.005601223	0.007035967]
5.6	0.004677755	[0.004096538	0.0053394306]
5.7	0.0037837839	[0.0032636742	0.004384647]
5.8	0.0028482329	[0.0024005042	0.0033770942]
5.9	0.001912682	[0.0015506435	0.0023563823]
6.0	0.0015176715	[0.0011981232	0.0019192016]
6.1	8.7318086E-4	[6.372569E-4	0.0011919301]
6.2	6.029106E-4	[4.1130753E-4	8.779966E-4]
6.3	4.5738046E-4	[2.938201E-4	7.0497725E-4]
6.4	3.3264034E-4	[1.9686595E-4	5.53167E-4]
6.5	2.2869023E-4	[1.2028631E-4	4.228082E-4]
6.6	2.2869023E-4	[1.2028631E-4	4.228082E-4]
6.7	2.0790022E-4	[1.0565124E-4	3.9612982E-4]
6.8	1.8711018E-4	[9.1318216E-5	3.6918817E-4]
6.9	1.8711018E-4	[9.1318216E-5	3.6918817E-4]
7.0	1.8711018E-4	[9.1318216E-5	3.6918817E-4]
7.1	1.4553014E-4	[6.3770865E-5	3.1434937E-4]
7.2	1.0395011E-4	[3.8270267E-5	2.5782455E-4]
7.3	1.0395011E-4	[3.8270267E-5	2.5782455E-4]
7.4	1.0395011E-4	[3.8270267E-5	2.5782455E-4]
7.5	1.0395011E-4	[3.8270267E-5	2.5782455E-4]
7.6	1.0395011E-4	[3.8270267E-5	2.5782455E-4]
7.7	1.0395011E-4	[3.8270267E-5	2.5782455E-4]
7.8	8.3160085E-5	[2.6639556E-5	2.2868555E-4]
7.9	8.3160085E-5	[2.6639556E-5	2.2868555E-4]
8.0	4.1580042E-5	[7.2019075E-6	1.6769457E-4]
8.1	2.0790021E-5	[1.0852107E-6	1.3502374E-4]
8.2	0.0	[0.0	9.956372E-5]
8.3	0.0	[0.0	9.956372E-5]
8.4	0.0	[0.0	0.0]
8.5	0.0	[0.0	0.0]
8.6	0.0	[0.0	0.0]
8.7	0.0	[0.0	0.0]
8.8	0.0	[0.0	0.0]
8.9	0.0	[0.0	0.0]
9.0	0.0	[0.0	0.0]



DATASET #8

     Name: Supra
   Points: 66
     Info: 

Data[x,y]:
2.5	  3.3264034E-4
2.6	  3.3264034E-4
2.7	  3.3264034E-4
2.8	  3.3264034E-4
2.9	  3.3264034E-4
3.0	  3.3264034E-4
3.1	  3.3264034E-4
3.2	  3.3264034E-4
3.3	  3.3264034E-4
3.4	  3.3264034E-4
3.5	  3.3264034E-4
3.6	  3.3264034E-4
3.7	  3.3264034E-4
3.8	  3.3264034E-4
3.9	  3.3264034E-4
4.0	  3.3264034E-4
4.1	  3.3264034E-4
4.2	  3.3264034E-4
4.3	  3.3264034E-4
4.4	  3.3264034E-4
4.5	  3.3264034E-4
4.6	  3.3264034E-4
4.7	  3.3264034E-4
4.8	  3.3264034E-4
4.9	  3.3264034E-4
5.0	  3.3264034E-4
5.1	  3.3264034E-4
5.2	  3.3264034E-4
5.3	  3.3264034E-4
5.4	  3.3264034E-4
5.5	  3.3264034E-4
5.6	  3.3264034E-4
5.7	  3.3264034E-4
5.8	  3.3264034E-4
5.9	  3.3264034E-4
6.0	  3.3264034E-4
6.1	  3.118503E-4
6.2	  2.9106028E-4
6.3	  2.7027028E-4
6.4	  2.7027028E-4
6.5	  2.2869023E-4
6.6	  2.2869023E-4
6.7	  2.0790022E-4
6.8	  1.8711018E-4
6.9	  1.8711018E-4
7.0	  1.8711018E-4
7.1	  1.4553014E-4
7.2	  1.0395011E-4
7.3	  1.0395011E-4
7.4	  1.0395011E-4
7.5	  1.0395011E-4
7.6	  1.0395011E-4
7.7	  1.0395011E-4
7.8	  8.3160085E-5
7.9	  8.3160085E-5
8.0	  4.1580042E-5
8.1	  2.0790021E-5
8.2	  0.0
8.3	  0.0
8.4	  0.0
8.5	  0.0
8.6	  0.0
8.7	  0.0
8.8	  0.0
8.9	  0.0
9.0	  0.0



DATASET #9

     Name: Primary
   Points: 66
     Info: 

Data[x,y]:
2.5	  6.071393
2.6	  4.82815
2.7	  3.8302495
2.8	  3.0428483
2.9	  2.4169438
3.0	  1.918815
3.1	  1.525842
3.2	  1.2086071
3.3	  0.96237004
3.4	  0.76091474
3.5	  0.6018919
3.6	  0.47952184
3.7	  0.37948024
3.8	  0.30380458
3.9	  0.24039501
4.0	  0.19153847
4.1	  0.15307692
4.2	  0.12266112
4.3	  0.09785863
4.4	  0.077338874
4.5	  0.06135135
4.6	  0.0483368
4.7	  0.03864865
4.8	  0.030498961
4.9	  0.023742205
5.0	  0.01866944
5.1	  0.0144698545
5.2	  0.011288981
5.3	  0.008607069
5.4	  0.0068191267
5.5	  0.005176715
5.6	  0.0038461538
5.7	  0.0031185031
5.8	  0.0023492724
5.9	  0.0015592516
6.0	  0.0011642411
6.1	  6.029106E-4
6.2	  3.7422037E-4
6.3	  3.118503E-4
6.4	  2.2869023E-4
6.5	  1.6632017E-4
6.6	  1.6632017E-4
6.7	  1.6632017E-4
6.8	  1.4553014E-4
6.9	  1.4553014E-4
7.0	  1.4553014E-4
7.1	  1.4553014E-4
7.2	  1.0395011E-4
7.3	  1.0395011E-4
7.4	  1.0395011E-4
7.5	  1.0395011E-4
7.6	  1.0395011E-4
7.7	  1.0395011E-4
7.8	  8.3160085E-5
7.9	  8.3160085E-5
8.0	  4.1580042E-5
8.1	  2.0790021E-5
8.2	  0.0
8.3	  0.0
8.4	  0.0
8.5	  0.0
8.6	  0.0
8.7	  0.0
8.8	  0.0
8.9	  0.0
9.0	  0.0


