
X-Axis: Magnitude
Y-Axis: 1 Week Cumulative Number
Number of Data Sets: 9


DATASET #1

     Name: Mean
   Points: 66
     Info: 

Data[x,y]:
2.5	  12.896673
2.6	  10.2479
2.7	  8.141456
2.8	  6.464033
2.9	  5.13
3.0	  4.0723286
3.1	  3.2382953
3.2	  2.5727234
3.3	  2.0439708
3.4	  1.6206653
3.5	  1.2855301
3.6	  1.0229313
3.7	  0.81276506
3.8	  0.64669436
3.9	  0.5123285
4.0	  0.40708938
4.1	  0.32463616
4.2	  0.2581289
4.3	  0.20505197
4.4	  0.16185032
4.5	  0.12831602
4.6	  0.10139293
4.7	  0.0810395
4.8	  0.064012475
4.9	  0.05037422
5.0	  0.03991684
5.1	  0.03128898
5.2	  0.024365904
5.3	  0.018835759
5.4	  0.014781705
5.5	  0.011330562
5.6	  0.008440749
5.7	  0.0063201664
5.8	  0.004760915
5.9	  0.0034303535
6.0	  0.0025987525
6.1	  0.0016839916
6.2	  0.0011018711
6.3	  7.900208E-4
6.4	  5.4054055E-4
6.5	  3.5343034E-4
6.6	  3.3264034E-4
6.7	  2.7027028E-4
6.8	  2.2869023E-4
6.9	  2.2869023E-4
7.0	  2.0790022E-4
7.1	  1.6632017E-4
7.2	  1.2474012E-4
7.3	  1.2474012E-4
7.4	  1.2474012E-4
7.5	  1.2474012E-4
7.6	  1.2474012E-4
7.7	  1.2474012E-4
7.8	  1.0395011E-4
7.9	  1.0395011E-4
8.0	  6.237006E-5
8.1	  4.1580042E-5
8.2	  0.0
8.3	  0.0
8.4	  0.0
8.5	  0.0
8.6	  0.0
8.7	  0.0
8.8	  0.0
8.9	  0.0
9.0	  0.0



DATASET #2

     Name: 2.5%,97.5%
   Points: 66
     Info: 

Data[x,y]:
2.5	  0.0
2.6	  0.0
2.7	  0.0
2.8	  0.0
2.9	  0.0
3.0	  0.0
3.1	  0.0
3.2	  0.0
3.3	  0.0
3.4	  0.0
3.5	  0.0
3.6	  0.0
3.7	  0.0
3.8	  0.0
3.9	  0.0
4.0	  0.0
4.1	  0.0
4.2	  0.0
4.3	  0.0
4.4	  0.0
4.5	  0.0
4.6	  0.0
4.7	  0.0
4.8	  0.0
4.9	  0.0
5.0	  0.0
5.1	  0.0
5.2	  0.0
5.3	  0.0
5.4	  0.0
5.5	  0.0
5.6	  0.0
5.7	  0.0
5.8	  0.0
5.9	  0.0
6.0	  0.0
6.1	  0.0
6.2	  0.0
6.3	  0.0
6.4	  0.0
6.5	  0.0
6.6	  0.0
6.7	  0.0
6.8	  0.0
6.9	  0.0
7.0	  0.0
7.1	  0.0
7.2	  0.0
7.3	  0.0
7.4	  0.0
7.5	  0.0
7.6	  0.0
7.7	  0.0
7.8	  0.0
7.9	  0.0
8.0	  0.0
8.1	  0.0
8.2	  0.0
8.3	  0.0
8.4	  0.0
8.5	  0.0
8.6	  0.0
8.7	  0.0
8.8	  0.0
8.9	  0.0
9.0	  0.0



DATASET #3

     Name: null
   Points: 66
     Info: 

Data[x,y]:
2.5	  57.0
2.6	  46.0
2.7	  36.0
2.8	  29.0
2.9	  23.0
3.0	  19.0
3.1	  15.0
3.2	  12.0
3.3	  10.0
3.4	  8.0
3.5	  7.0
3.6	  5.0
3.7	  5.0
3.8	  4.0
3.9	  3.0
4.0	  3.0
4.1	  2.0
4.2	  2.0
4.3	  2.0
4.4	  1.0
4.5	  1.0
4.6	  1.0
4.7	  1.0
4.8	  1.0
4.9	  1.0
5.0	  1.0
5.1	  0.0
5.2	  0.0
5.3	  0.0
5.4	  0.0
5.5	  0.0
5.6	  0.0
5.7	  0.0
5.8	  0.0
5.9	  0.0
6.0	  0.0
6.1	  0.0
6.2	  0.0
6.3	  0.0
6.4	  0.0
6.5	  0.0
6.6	  0.0
6.7	  0.0
6.8	  0.0
6.9	  0.0
7.0	  0.0
7.1	  0.0
7.2	  0.0
7.3	  0.0
7.4	  0.0
7.5	  0.0
7.6	  0.0
7.7	  0.0
7.8	  0.0
7.9	  0.0
8.0	  0.0
8.1	  0.0
8.2	  0.0
8.3	  0.0
8.4	  0.0
8.5	  0.0
8.6	  0.0
8.7	  0.0
8.8	  0.0
8.9	  0.0
9.0	  0.0



DATASET #4

     Name: Median
   Points: 66
     Info: 

Data[x,y]:
2.5	  5.0
2.6	  4.0
2.7	  3.0
2.8	  3.0
2.9	  2.0
3.0	  1.0
3.1	  1.0
3.2	  1.0
3.3	  1.0
3.4	  0.0
3.5	  0.0
3.6	  0.0
3.7	  0.0
3.8	  0.0
3.9	  0.0
4.0	  0.0
4.1	  0.0
4.2	  0.0
4.3	  0.0
4.4	  0.0
4.5	  0.0
4.6	  0.0
4.7	  0.0
4.8	  0.0
4.9	  0.0
5.0	  0.0
5.1	  0.0
5.2	  0.0
5.3	  0.0
5.4	  0.0
5.5	  0.0
5.6	  0.0
5.7	  0.0
5.8	  0.0
5.9	  0.0
6.0	  0.0
6.1	  0.0
6.2	  0.0
6.3	  0.0
6.4	  0.0
6.5	  0.0
6.6	  0.0
6.7	  0.0
6.8	  0.0
6.9	  0.0
7.0	  0.0
7.1	  0.0
7.2	  0.0
7.3	  0.0
7.4	  0.0
7.5	  0.0
7.6	  0.0
7.7	  0.0
7.8	  0.0
7.9	  0.0
8.0	  0.0
8.1	  0.0
8.2	  0.0
8.3	  0.0
8.4	  0.0
8.5	  0.0
8.6	  0.0
8.7	  0.0
8.8	  0.0
8.9	  0.0
9.0	  0.0



DATASET #5

     Name: Mode
   Points: 66
     Info: 

Data[x,y]:
2.5	  1.0
2.6	  1.0
2.7	  0.0
2.8	  0.0
2.9	  0.0
3.0	  0.0
3.1	  0.0
3.2	  0.0
3.3	  0.0
3.4	  0.0
3.5	  0.0
3.6	  0.0
3.7	  0.0
3.8	  0.0
3.9	  0.0
4.0	  0.0
4.1	  0.0
4.2	  0.0
4.3	  0.0
4.4	  0.0
4.5	  0.0
4.6	  0.0
4.7	  0.0
4.8	  0.0
4.9	  0.0
5.0	  0.0
5.1	  0.0
5.2	  0.0
5.3	  0.0
5.4	  0.0
5.5	  0.0
5.6	  0.0
5.7	  0.0
5.8	  0.0
5.9	  0.0
6.0	  0.0
6.1	  0.0
6.2	  0.0
6.3	  0.0
6.4	  0.0
6.5	  0.0
6.6	  0.0
6.7	  0.0
6.8	  0.0
6.9	  0.0
7.0	  0.0
7.1	  0.0
7.2	  0.0
7.3	  0.0
7.4	  0.0
7.5	  0.0
7.6	  0.0
7.7	  0.0
7.8	  0.0
7.9	  0.0
8.0	  0.0
8.1	  0.0
8.2	  0.0
8.3	  0.0
8.4	  0.0
8.5	  0.0
8.6	  0.0
8.7	  0.0
8.8	  0.0
8.9	  0.0
9.0	  0.0



DATASET #6

     Name: 1 wk Prob
   Points: 66
     Info: 

Data[x,y]:
2.5	  0.90451145
2.6	  0.8768815
2.7	  0.84185034
2.8	  0.8029522
2.9	  0.7564241
3.0	  0.70528066
3.1	  0.65155923
3.2	  0.59862787
3.3	  0.5427859
3.4	  0.48609146
3.5	  0.43226612
3.6	  0.38012475
3.7	  0.33095634
3.8	  0.28594595
3.9	  0.24214137
4.0	  0.2041788
4.1	  0.17266113
4.2	  0.14463617
4.3	  0.1204158
4.4	  0.09952183
4.5	  0.08158004
4.6	  0.066278584
4.7	  0.054511435
4.8	  0.043846153
4.9	  0.035405405
5.0	  0.028503118
5.1	  0.022557173
5.2	  0.017879417
5.3	  0.013991684
5.4	  0.011060291
5.5	  0.0087318085
5.6	  0.0065696468
5.7	  0.0052182954
5.8	  0.0039293137
5.9	  0.002785863
6.0	  0.0021829521
6.1	  0.0014345114
6.2	  9.3555095E-4
6.3	  6.652807E-4
6.4	  4.781705E-4
6.5	  3.118503E-4
6.6	  3.118503E-4
6.7	  2.7027028E-4
6.8	  2.2869023E-4
6.9	  2.2869023E-4
7.0	  2.0790022E-4
7.1	  1.6632017E-4
7.2	  1.2474012E-4
7.3	  1.2474012E-4
7.4	  1.2474012E-4
7.5	  1.2474012E-4
7.6	  1.2474012E-4
7.7	  1.2474012E-4
7.8	  1.0395011E-4
7.9	  1.0395011E-4
8.0	  6.237006E-5
8.1	  4.1580042E-5
8.2	  0.0
8.3	  0.0
8.4	  0.0
8.5	  0.0
8.6	  0.0
8.7	  0.0
8.8	  0.0
8.9	  0.0
9.0	  0.0



DATASET #7

Name: 95% Conf
Num Points: 66
Info: 

X, Y Data:
2.5	0.90451145	[0.90184206	0.90711594]
2.6	0.8768815	[0.87390447	0.8797981]
2.7	0.84185034	[0.83855164	0.8450942]
2.8	0.8029522	[0.7993628	0.80649304]
2.9	0.7564241	[0.7525572	0.7602499]
3.0	0.70528066	[0.7011795	0.7093489]
3.1	0.65155923	[0.64727867	0.65581554]
3.2	0.59862787	[0.5942291	0.60301083]
3.3	0.5427859	[0.5383202	0.54724467]
3.4	0.48609146	[0.4816157	0.4905695]
3.5	0.43226612	[0.4278341	0.436709]
3.6	0.38012475	[0.375786	0.38448265]
3.7	0.33095634	[0.32675433	0.3351854]
3.8	0.28594595	[0.2819146	0.29001158]
3.9	0.24214137	[0.23832338	0.24600068]
4.0	0.2041788	[0.20058972	0.20781526]
4.1	0.17266113	[0.16929927	0.17607541]
4.2	0.14463617	[0.14151087	0.14781843]
4.3	0.1204158	[0.11752732	0.12336513]
4.4	0.09952183	[0.09686811	0.10223976]
4.5	0.08158004	[0.07915685	0.08407035]
4.6	0.066278584	[0.06407961	0.06854716]
4.7	0.054511435	[0.05250769	0.056586694]
4.8	0.043846153	[0.042042267	0.04572331]
4.9	0.035405405	[0.033780452	0.03710503]
5.0	0.028503118	[0.02704309	0.030038983]
5.1	0.022557173	[0.02125771	0.02393349]
5.2	0.017879417	[0.016723037	0.01911348]
5.3	0.013991684	[0.012970127	0.015091635]
5.4	0.011060291	[0.010153944	0.0120455995]
5.5	0.0087318085	[0.007928805	0.009614258]
5.6	0.0065696468	[0.005876202	0.007343035]
5.7	0.0052182954	[0.0046029757	0.005913915]
5.8	0.0039293137	[0.0033987951	0.004540535]
5.9	0.002785863	[0.0023433587	0.0033095288]
6.0	0.0021829521	[0.0017943364	0.0026530526]
6.1	0.0014345114	[0.0011245892	0.0018264954]
6.2	9.3555095E-4	[6.904151E-4	0.0012633988]
6.3	6.652807E-4	[4.6269567E-4	9.5116504E-4]
6.4	4.781705E-4	[3.1035955E-4	7.2992477E-4]
6.5	3.118503E-4	[1.8117524E-4	5.2743376E-4]
6.6	3.118503E-4	[1.8117524E-4	5.2743376E-4]
6.7	2.7027028E-4	[1.5031519E-4	4.754939E-4]
6.8	2.2869023E-4	[1.2028631E-4	4.228082E-4]
6.9	2.2869023E-4	[1.2028631E-4	4.228082E-4]
7.0	2.0790022E-4	[1.0565124E-4	3.9612982E-4]
7.1	1.6632017E-4	[7.7336605E-5	3.4194448E-4]
7.2	1.2474012E-4	[5.0707975E-5	2.8633839E-4]
7.3	1.2474012E-4	[5.0707975E-5	2.8633839E-4]
7.4	1.2474012E-4	[5.0707975E-5	2.8633839E-4]
7.5	1.2474012E-4	[5.0707975E-5	2.8633839E-4]
7.6	1.2474012E-4	[5.0707975E-5	2.8633839E-4]
7.7	1.2474012E-4	[5.0707975E-5	2.8633839E-4]
7.8	1.0395011E-4	[3.8270267E-5	2.5782455E-4]
7.9	1.0395011E-4	[3.8270267E-5	2.5782455E-4]
8.0	6.237006E-5	[1.6107799E-5	1.9873954E-4]
8.1	4.1580042E-5	[7.2019075E-6	1.6769457E-4]
8.2	0.0	[0.0	9.956372E-5]
8.3	0.0	[0.0	9.956372E-5]
8.4	0.0	[0.0	0.0]
8.5	0.0	[0.0	0.0]
8.6	0.0	[0.0	0.0]
8.7	0.0	[0.0	0.0]
8.8	0.0	[0.0	0.0]
8.9	0.0	[0.0	0.0]
9.0	0.0	[0.0	0.0]



DATASET #8

     Name: Supra
   Points: 66
     Info: 

Data[x,y]:
2.5	  4.5738046E-4
2.6	  4.5738046E-4
2.7	  4.5738046E-4
2.8	  4.5738046E-4
2.9	  4.5738046E-4
3.0	  4.5738046E-4
3.1	  4.5738046E-4
3.2	  4.5738046E-4
3.3	  4.5738046E-4
3.4	  4.5738046E-4
3.5	  4.5738046E-4
3.6	  4.5738046E-4
3.7	  4.5738046E-4
3.8	  4.5738046E-4
3.9	  4.5738046E-4
4.0	  4.5738046E-4
4.1	  4.5738046E-4
4.2	  4.5738046E-4
4.3	  4.5738046E-4
4.4	  4.5738046E-4
4.5	  4.5738046E-4
4.6	  4.5738046E-4
4.7	  4.5738046E-4
4.8	  4.5738046E-4
4.9	  4.5738046E-4
5.0	  4.5738046E-4
5.1	  4.5738046E-4
5.2	  4.5738046E-4
5.3	  4.5738046E-4
5.4	  4.5738046E-4
5.5	  4.5738046E-4
5.6	  4.5738046E-4
5.7	  4.5738046E-4
5.8	  4.5738046E-4
5.9	  4.5738046E-4
6.0	  4.5738046E-4
6.1	  4.3659043E-4
6.2	  4.1580043E-4
6.3	  3.5343034E-4
6.4	  3.5343034E-4
6.5	  3.118503E-4
6.6	  3.118503E-4
6.7	  2.7027028E-4
6.8	  2.2869023E-4
6.9	  2.2869023E-4
7.0	  2.0790022E-4
7.1	  1.6632017E-4
7.2	  1.2474012E-4
7.3	  1.2474012E-4
7.4	  1.2474012E-4
7.5	  1.2474012E-4
7.6	  1.2474012E-4
7.7	  1.2474012E-4
7.8	  1.0395011E-4
7.9	  1.0395011E-4
8.0	  6.237006E-5
8.1	  4.1580042E-5
8.2	  0.0
8.3	  0.0
8.4	  0.0
8.5	  0.0
8.6	  0.0
8.7	  0.0
8.8	  0.0
8.9	  0.0
9.0	  0.0



DATASET #9

     Name: Primary
   Points: 66
     Info: 

Data[x,y]:
2.5	  7.895738
2.6	  6.276237
2.7	  4.982599
2.8	  3.9587734
2.9	  3.1412058
3.0	  2.4936383
3.1	  1.979605
3.2	  1.5706029
3.3	  1.248815
3.4	  0.9881705
3.5	  0.78264034
3.6	  0.62239087
3.7	  0.49255717
3.8	  0.39259875
3.9	  0.31008315
4.0	  0.24567568
4.1	  0.19623701
4.2	  0.15698545
4.3	  0.12476092
4.4	  0.09891892
4.5	  0.07864865
4.6	  0.06141372
4.7	  0.04912682
4.8	  0.03889813
4.9	  0.03056133
5.0	  0.024074843
5.1	  0.018773388
5.2	  0.014677755
5.3	  0.011143452
5.4	  0.008669439
5.5	  0.0067983367
5.6	  0.0051351353
5.7	  0.004074844
5.8	  0.003076923
5.9	  0.002141372
6.0	  0.0015800416
6.1	  9.3555095E-4
6.2	  5.613306E-4
6.3	  4.1580043E-4
6.4	  2.9106028E-4
6.5	  2.0790022E-4
6.6	  2.0790022E-4
6.7	  2.0790022E-4
6.8	  1.8711018E-4
6.9	  1.8711018E-4
7.0	  1.6632017E-4
7.1	  1.6632017E-4
7.2	  1.2474012E-4
7.3	  1.2474012E-4
7.4	  1.2474012E-4
7.5	  1.2474012E-4
7.6	  1.2474012E-4
7.7	  1.2474012E-4
7.8	  1.0395011E-4
7.9	  1.0395011E-4
8.0	  6.237006E-5
8.1	  4.1580042E-5
8.2	  0.0
8.3	  0.0
8.4	  0.0
8.5	  0.0
8.6	  0.0
8.7	  0.0
8.8	  0.0
8.9	  0.0
9.0	  0.0


