
X-Axis: Magnitude
Y-Axis: 1 Year Cumulative Number
Number of Data Sets: 9


DATASET #1

     Name: Mean
   Points: 41
     Info: 

Data[x,y]:
5.0	  0.07876
5.1	  0.06158
5.2	  0.0478
5.3	  0.03726
5.4	  0.02887
5.5	  0.02232
5.6	  0.01683
5.7	  0.01256
5.8	  0.00938
5.9	  0.00694
6.0	  0.00487
6.1	  0.00321
6.2	  0.00201
6.3	  0.00145
6.4	  9.3E-4
6.5	  6.8E-4
6.6	  6.2E-4
6.7	  5.3E-4
6.8	  4.8E-4
6.9	  4.3E-4
7.0	  4.0E-4
7.1	  3.3E-4
7.2	  2.7E-4
7.3	  2.4E-4
7.4	  2.1E-4
7.5	  1.9E-4
7.6	  1.7E-4
7.7	  1.6E-4
7.8	  1.4E-4
7.9	  1.2E-4
8.0	  8.0E-5
8.1	  4.0E-5
8.2	  0.0
8.3	  0.0
8.4	  0.0
8.5	  0.0
8.6	  0.0
8.7	  0.0
8.8	  0.0
8.9	  0.0
9.0	  0.0



DATASET #2

     Name: 2.5%,97.5%
   Points: 41
     Info: 

Data[x,y]:
5.0	  0.0
5.1	  0.0
5.2	  0.0
5.3	  0.0
5.4	  0.0
5.5	  0.0
5.6	  0.0
5.7	  0.0
5.8	  0.0
5.9	  0.0
6.0	  0.0
6.1	  0.0
6.2	  0.0
6.3	  0.0
6.4	  0.0
6.5	  0.0
6.6	  0.0
6.7	  0.0
6.8	  0.0
6.9	  0.0
7.0	  0.0
7.1	  0.0
7.2	  0.0
7.3	  0.0
7.4	  0.0
7.5	  0.0
7.6	  0.0
7.7	  0.0
7.8	  0.0
7.9	  0.0
8.0	  0.0
8.1	  0.0
8.2	  0.0
8.3	  0.0
8.4	  0.0
8.5	  0.0
8.6	  0.0
8.7	  0.0
8.8	  0.0
8.9	  0.0
9.0	  0.0



DATASET #3

     Name: null
   Points: 41
     Info: 

Data[x,y]:
5.0	  1.0
5.1	  1.0
5.2	  1.0
5.3	  0.0
5.4	  0.0
5.5	  0.0
5.6	  0.0
5.7	  0.0
5.8	  0.0
5.9	  0.0
6.0	  0.0
6.1	  0.0
6.2	  0.0
6.3	  0.0
6.4	  0.0
6.5	  0.0
6.6	  0.0
6.7	  0.0
6.8	  0.0
6.9	  0.0
7.0	  0.0
7.1	  0.0
7.2	  0.0
7.3	  0.0
7.4	  0.0
7.5	  0.0
7.6	  0.0
7.7	  0.0
7.8	  0.0
7.9	  0.0
8.0	  0.0
8.1	  0.0
8.2	  0.0
8.3	  0.0
8.4	  0.0
8.5	  0.0
8.6	  0.0
8.7	  0.0
8.8	  0.0
8.9	  0.0
9.0	  0.0



DATASET #4

     Name: Median
   Points: 41
     Info: 

Data[x,y]:
5.0	  0.0
5.1	  0.0
5.2	  0.0
5.3	  0.0
5.4	  0.0
5.5	  0.0
5.6	  0.0
5.7	  0.0
5.8	  0.0
5.9	  0.0
6.0	  0.0
6.1	  0.0
6.2	  0.0
6.3	  0.0
6.4	  0.0
6.5	  0.0
6.6	  0.0
6.7	  0.0
6.8	  0.0
6.9	  0.0
7.0	  0.0
7.1	  0.0
7.2	  0.0
7.3	  0.0
7.4	  0.0
7.5	  0.0
7.6	  0.0
7.7	  0.0
7.8	  0.0
7.9	  0.0
8.0	  0.0
8.1	  0.0
8.2	  0.0
8.3	  0.0
8.4	  0.0
8.5	  0.0
8.6	  0.0
8.7	  0.0
8.8	  0.0
8.9	  0.0
9.0	  0.0



DATASET #5

     Name: Mode
   Points: 41
     Info: 

Data[x,y]:
5.0	  0.0
5.1	  0.0
5.2	  0.0
5.3	  0.0
5.4	  0.0
5.5	  0.0
5.6	  0.0
5.7	  0.0
5.8	  0.0
5.9	  0.0
6.0	  0.0
6.1	  0.0
6.2	  0.0
6.3	  0.0
6.4	  0.0
6.5	  0.0
6.6	  0.0
6.7	  0.0
6.8	  0.0
6.9	  0.0
7.0	  0.0
7.1	  0.0
7.2	  0.0
7.3	  0.0
7.4	  0.0
7.5	  0.0
7.6	  0.0
7.7	  0.0
7.8	  0.0
7.9	  0.0
8.0	  0.0
8.1	  0.0
8.2	  0.0
8.3	  0.0
8.4	  0.0
8.5	  0.0
8.6	  0.0
8.7	  0.0
8.8	  0.0
8.9	  0.0
9.0	  0.0



DATASET #6

     Name: 1 yr Prob
   Points: 41
     Info: 

Data[x,y]:
5.0	  0.04233
5.1	  0.03408
5.2	  0.02718
5.3	  0.02186
5.4	  0.01719
5.5	  0.01348
5.6	  0.01038
5.7	  0.00806
5.8	  0.00625
5.9	  0.00472
6.0	  0.00349
6.1	  0.00236
6.2	  0.00147
6.3	  0.00109
6.4	  7.2E-4
6.5	  5.2E-4
6.6	  4.9E-4
6.7	  4.4E-4
6.8	  4.2E-4
6.9	  3.8E-4
7.0	  3.6E-4
7.1	  3.0E-4
7.2	  2.4E-4
7.3	  2.1E-4
7.4	  2.0E-4
7.5	  1.8E-4
7.6	  1.6E-4
7.7	  1.5E-4
7.8	  1.4E-4
7.9	  1.2E-4
8.0	  8.0E-5
8.1	  4.0E-5
8.2	  0.0
8.3	  0.0
8.4	  0.0
8.5	  0.0
8.6	  0.0
8.7	  0.0
8.8	  0.0
8.9	  0.0
9.0	  0.0



DATASET #7

Name: 95% Conf
Num Points: 41
Info: 

X, Y Data:
5.0	0.04233	[0.041094627	0.043600675]
5.1	0.03408	[0.032968313	0.03522764]
5.2	0.02718	[0.026185257	0.02821125]
5.3	0.02186	[0.02096698	0.022789957]
5.4	0.01719	[0.016397847	0.018019477]
5.5	0.01348	[0.01277884	0.0142188]
5.6	0.01038	[0.009765502	0.011032415]
5.7	0.00806	[0.007519557	0.008638579]
5.8	0.00625	[0.005775336	0.006762986]
5.9	0.00472	[0.004309017	0.005169482]
6.0	0.00349	[0.003138325	0.0038803425]
6.1	0.00236	[0.0020730875	0.00268578]
6.2	0.00147	[0.0012463242	0.0017327813]
6.3	0.00109	[8.9922204E-4	0.0013200417]
6.4	7.2E-4	[5.674027E-4	9.121026E-4]
6.5	5.2E-4	[3.922669E-4	6.874532E-4]
6.6	4.9E-4	[3.6638364E-4	6.5337867E-4]
6.7	4.4E-4	[3.2353326E-4	5.96308E-4]
6.8	4.2E-4	[3.065053E-4	5.7337113E-4]
6.9	3.8E-4	[2.726675E-4	5.2728696E-4]
7.0	3.6E-4	[2.5586903E-4	5.041289E-4]
7.1	3.0E-4	[2.060413E-4	4.3411064E-4]
7.2	2.4E-4	[1.5727628E-4	3.6308065E-4]
7.3	2.1E-4	[1.3341404E-4	3.27075E-4]
7.4	2.0E-4	[1.2555439E-4	3.1498473E-4]
7.5	1.8E-4	[1.0999825E-4	2.9065256E-4]
7.6	1.6E-4	[9.4690186E-5	2.6609126E-4]
7.7	1.5E-4	[8.714325E-5	2.5371244E-4]
7.8	1.4E-4	[7.967705E-5	2.4126013E-4]
7.9	1.2E-4	[6.502256E-5	2.1610482E-4]
8.0	8.0E-5	[3.7198402E-5	1.6448459E-4]
8.1	4.0E-5	[1.2813544E-5	1.10003224E-4]
8.2	0.0	[0.0	4.7892154E-5]
8.3	0.0	[0.0	4.7892154E-5]
8.4	0.0	[0.0	0.0]
8.5	0.0	[0.0	0.0]
8.6	0.0	[0.0	0.0]
8.7	0.0	[0.0	0.0]
8.8	0.0	[0.0	0.0]
8.9	0.0	[0.0	0.0]
9.0	0.0	[0.0	0.0]



DATASET #8

     Name: Supra
   Points: 41
     Info: 

Data[x,y]:
5.0	  6.9E-4
5.1	  6.9E-4
5.2	  6.9E-4
5.3	  6.9E-4
5.4	  6.9E-4
5.5	  6.9E-4
5.6	  6.9E-4
5.7	  6.9E-4
5.8	  6.9E-4
5.9	  6.9E-4
6.0	  6.9E-4
6.1	  6.8E-4
6.2	  6.6E-4
6.3	  6.0E-4
6.4	  5.8E-4
6.5	  4.9E-4
6.6	  4.8E-4
6.7	  4.3E-4
6.8	  4.1E-4
6.9	  3.8E-4
7.0	  3.6E-4
7.1	  3.0E-4
7.2	  2.4E-4
7.3	  2.1E-4
7.4	  2.0E-4
7.5	  1.8E-4
7.6	  1.6E-4
7.7	  1.5E-4
7.8	  1.4E-4
7.9	  1.2E-4
8.0	  8.0E-5
8.1	  4.0E-5
8.2	  0.0
8.3	  0.0
8.4	  0.0
8.5	  0.0
8.6	  0.0
8.7	  0.0
8.8	  0.0
8.9	  0.0
9.0	  0.0



DATASET #9

     Name: Primary
   Points: 41
     Info: 

Data[x,y]:
5.0	  0.03319
5.1	  0.0258
5.2	  0.02013
5.3	  0.01573
5.4	  0.01203
5.5	  0.00928
5.6	  0.00702
5.7	  0.00534
5.8	  0.00412
5.9	  0.00298
6.0	  0.00221
6.1	  0.00141
6.2	  7.9E-4
6.3	  5.9E-4
6.4	  3.8E-4
6.5	  2.8E-4
6.6	  2.7E-4
6.7	  2.6E-4
6.8	  2.5E-4
6.9	  2.4E-4
7.0	  2.2E-4
7.1	  1.9E-4
7.2	  1.5E-4
7.3	  1.5E-4
7.4	  1.4E-4
7.5	  1.4E-4
7.6	  1.4E-4
7.7	  1.4E-4
7.8	  1.2E-4
7.9	  1.0E-4
8.0	  7.0E-5
8.1	  3.0E-5
8.2	  0.0
8.3	  0.0
8.4	  0.0
8.5	  0.0
8.6	  0.0
8.7	  0.0
8.8	  0.0
8.9	  0.0
9.0	  0.0


