
X-Axis: Magnitude
Y-Axis: 1 Month Cumulative Number
Number of Data Sets: 9


DATASET #1

     Name: Mean
   Points: 66
     Info: 

Data[x,y]:
2.5	  108.21927
2.6	  85.95146
2.7	  68.2732
2.8	  54.24683
2.9	  43.08358
3.0	  34.2331
3.1	  27.19446
3.2	  21.59834
3.3	  17.15437
3.4	  13.62191
3.5	  10.81667
3.6	  8.58391
3.7	  6.81691
3.8	  5.41495
3.9	  4.30256
4.0	  3.41846
4.1	  2.7156
4.2	  2.15324
4.3	  1.71185
4.4	  1.35808
4.5	  1.07794
4.6	  0.8532
4.7	  0.67743
4.8	  0.53634
4.9	  0.42398
5.0	  0.33383
5.1	  0.26294
5.2	  0.20699
5.3	  0.16193
5.4	  0.12636
5.5	  0.09793
5.6	  0.07574
5.7	  0.05794
5.8	  0.04393
5.9	  0.03322
6.0	  0.0255
6.1	  0.01841
6.2	  0.01192
6.3	  0.00883
6.4	  0.00683
6.5	  0.00533
6.6	  0.00447
6.7	  0.00373
6.8	  0.00311
6.9	  0.00239
7.0	  0.00189
7.1	  0.00158
7.2	  0.00118
7.3	  8.3E-4
7.4	  7.0E-4
7.5	  5.8E-4
7.6	  2.9E-4
7.7	  1.0E-4
7.8	  5.0E-5
7.9	  3.0E-5
8.0	  2.0E-5
8.1	  0.0
8.2	  0.0
8.3	  0.0
8.4	  0.0
8.5	  0.0
8.6	  0.0
8.7	  0.0
8.8	  0.0
8.9	  0.0
9.0	  0.0



DATASET #2

     Name: 2.5%,97.5%
   Points: 66
     Info: 

Data[x,y]:
2.5	  81.0
2.6	  63.0
2.7	  48.0
2.8	  37.0
2.9	  28.0
3.0	  21.0
3.1	  16.0
3.2	  12.0
3.3	  9.0
3.4	  6.0
3.5	  4.0
3.6	  3.0
3.7	  2.0
3.8	  1.0
3.9	  1.0
4.0	  0.0
4.1	  0.0
4.2	  0.0
4.3	  0.0
4.4	  0.0
4.5	  0.0
4.6	  0.0
4.7	  0.0
4.8	  0.0
4.9	  0.0
5.0	  0.0
5.1	  0.0
5.2	  0.0
5.3	  0.0
5.4	  0.0
5.5	  0.0
5.6	  0.0
5.7	  0.0
5.8	  0.0
5.9	  0.0
6.0	  0.0
6.1	  0.0
6.2	  0.0
6.3	  0.0
6.4	  0.0
6.5	  0.0
6.6	  0.0
6.7	  0.0
6.8	  0.0
6.9	  0.0
7.0	  0.0
7.1	  0.0
7.2	  0.0
7.3	  0.0
7.4	  0.0
7.5	  0.0
7.6	  0.0
7.7	  0.0
7.8	  0.0
7.9	  0.0
8.0	  0.0
8.1	  0.0
8.2	  0.0
8.3	  0.0
8.4	  0.0
8.5	  0.0
8.6	  0.0
8.7	  0.0
8.8	  0.0
8.9	  0.0
9.0	  0.0



DATASET #3

     Name: null
   Points: 66
     Info: 

Data[x,y]:
2.5	  149.0
2.6	  119.0
2.7	  96.0
2.8	  78.0
2.9	  63.0
3.0	  51.0
3.1	  42.0
3.2	  34.0
3.3	  28.0
3.4	  23.0
3.5	  19.0
3.6	  16.0
3.7	  13.0
3.8	  11.0
3.9	  10.0
4.0	  8.0
4.1	  7.0
4.2	  6.0
4.3	  5.0
4.4	  4.0
4.5	  4.0
4.6	  3.0
4.7	  3.0
4.8	  2.0
4.9	  2.0
5.0	  2.0
5.1	  2.0
5.2	  1.0
5.3	  1.0
5.4	  1.0
5.5	  1.0
5.6	  1.0
5.7	  1.0
5.8	  1.0
5.9	  1.0
6.0	  0.0
6.1	  0.0
6.2	  0.0
6.3	  0.0
6.4	  0.0
6.5	  0.0
6.6	  0.0
6.7	  0.0
6.8	  0.0
6.9	  0.0
7.0	  0.0
7.1	  0.0
7.2	  0.0
7.3	  0.0
7.4	  0.0
7.5	  0.0
7.6	  0.0
7.7	  0.0
7.8	  0.0
7.9	  0.0
8.0	  0.0
8.1	  0.0
8.2	  0.0
8.3	  0.0
8.4	  0.0
8.5	  0.0
8.6	  0.0
8.7	  0.0
8.8	  0.0
8.9	  0.0
9.0	  0.0



DATASET #4

     Name: Median
   Points: 66
     Info: 

Data[x,y]:
2.5	  104.0
2.6	  82.0
2.7	  65.0
2.8	  52.0
2.9	  41.0
3.0	  33.0
3.1	  26.0
3.2	  21.0
3.3	  16.0
3.4	  13.0
3.5	  10.0
3.6	  8.0
3.7	  6.0
3.8	  5.0
3.9	  4.0
4.0	  3.0
4.1	  2.0
4.2	  2.0
4.3	  1.0
4.4	  1.0
4.5	  1.0
4.6	  1.0
4.7	  0.0
4.8	  0.0
4.9	  0.0
5.0	  0.0
5.1	  0.0
5.2	  0.0
5.3	  0.0
5.4	  0.0
5.5	  0.0
5.6	  0.0
5.7	  0.0
5.8	  0.0
5.9	  0.0
6.0	  0.0
6.1	  0.0
6.2	  0.0
6.3	  0.0
6.4	  0.0
6.5	  0.0
6.6	  0.0
6.7	  0.0
6.8	  0.0
6.9	  0.0
7.0	  0.0
7.1	  0.0
7.2	  0.0
7.3	  0.0
7.4	  0.0
7.5	  0.0
7.6	  0.0
7.7	  0.0
7.8	  0.0
7.9	  0.0
8.0	  0.0
8.1	  0.0
8.2	  0.0
8.3	  0.0
8.4	  0.0
8.5	  0.0
8.6	  0.0
8.7	  0.0
8.8	  0.0
8.9	  0.0
9.0	  0.0



DATASET #5

     Name: Mode
   Points: 66
     Info: 

Data[x,y]:
2.5	  101.0
2.6	  81.0
2.7	  65.0
2.8	  50.0
2.9	  41.0
3.0	  32.0
3.1	  25.0
3.2	  21.0
3.3	  15.0
3.4	  12.0
3.5	  10.0
3.6	  8.0
3.7	  6.0
3.8	  5.0
3.9	  4.0
4.0	  3.0
4.1	  2.0
4.2	  1.0
4.3	  1.0
4.4	  1.0
4.5	  0.0
4.6	  0.0
4.7	  0.0
4.8	  0.0
4.9	  0.0
5.0	  0.0
5.1	  0.0
5.2	  0.0
5.3	  0.0
5.4	  0.0
5.5	  0.0
5.6	  0.0
5.7	  0.0
5.8	  0.0
5.9	  0.0
6.0	  0.0
6.1	  0.0
6.2	  0.0
6.3	  0.0
6.4	  0.0
6.5	  0.0
6.6	  0.0
6.7	  0.0
6.8	  0.0
6.9	  0.0
7.0	  0.0
7.1	  0.0
7.2	  0.0
7.3	  0.0
7.4	  0.0
7.5	  0.0
7.6	  0.0
7.7	  0.0
7.8	  0.0
7.9	  0.0
8.0	  0.0
8.1	  0.0
8.2	  0.0
8.3	  0.0
8.4	  0.0
8.5	  0.0
8.6	  0.0
8.7	  0.0
8.8	  0.0
8.9	  0.0
9.0	  0.0



DATASET #6

     Name: 1 mo Prob
   Points: 66
     Info: 

Data[x,y]:
2.5	  1.0
2.6	  1.0
2.7	  1.0
2.8	  1.0
2.9	  1.0
3.0	  1.0
3.1	  1.0
3.2	  1.0
3.3	  1.0
3.4	  1.0
3.5	  0.99993
3.6	  0.99956
3.7	  0.99775
3.8	  0.99225
3.9	  0.97997
4.0	  0.95585
4.1	  0.91582
4.2	  0.86037
4.3	  0.79248
4.4	  0.7144
4.5	  0.63035
4.6	  0.54613
4.7	  0.46569
4.8	  0.39264
4.9	  0.32648
5.0	  0.26777
5.1	  0.21796
5.2	  0.1765
5.3	  0.14126
5.4	  0.11285
5.5	  0.08904
5.6	  0.06986
5.7	  0.05415
5.8	  0.04151
5.9	  0.03171
6.0	  0.0245
6.1	  0.01772
6.2	  0.01158
6.3	  0.00862
6.4	  0.00666
6.5	  0.00518
6.6	  0.00437
6.7	  0.00365
6.8	  0.00304
6.9	  0.00236
7.0	  0.00187
7.1	  0.00157
7.2	  0.00117
7.3	  8.2E-4
7.4	  6.9E-4
7.5	  5.7E-4
7.6	  2.9E-4
7.7	  1.0E-4
7.8	  5.0E-5
7.9	  3.0E-5
8.0	  2.0E-5
8.1	  0.0
8.2	  0.0
8.3	  0.0
8.4	  0.0
8.5	  0.0
8.6	  0.0
8.7	  0.0
8.8	  0.0
8.9	  0.0
9.0	  0.0



DATASET #7

Name: 95% Conf
Num Points: 66
Info: 

X, Y Data:
2.5	1.0	[1.0	1.0]
2.6	1.0	[1.0	1.0]
2.7	1.0	[1.0	1.0]
2.8	1.0	[1.0	1.0]
2.9	1.0	[1.0	1.0]
3.0	1.0	[1.0	1.0]
3.1	1.0	[1.0	1.0]
3.2	1.0	[1.0	1.0]
3.3	1.0	[1.0	1.0]
3.4	1.0	[1.0	1.0]
3.5	0.99993	[0.9998488	0.9999693]
3.6	0.99956	[0.9994037	0.99967647]
3.7	0.99775	[0.9974313	0.9980298]
3.8	0.99225	[0.99168205	0.99277973]
3.9	0.97997	[0.97907794	0.980825]
4.0	0.95585	[0.9545541	0.95711076]
4.1	0.91582	[0.914078	0.91752994]
4.2	0.86037	[0.8582029	0.86250937]
4.3	0.79248	[0.78995025	0.7949872]
4.4	0.7144	[0.71158713	0.71719635]
4.5	0.63035	[0.6273482	0.6333418]
4.6	0.54613	[0.5430375	0.54921895]
4.7	0.46569	[0.46259466	0.468788]
4.8	0.39264	[0.38961244	0.39567584]
4.9	0.32648	[0.3235753	0.32939807]
5.0	0.26777	[0.2650295	0.27052838]
5.1	0.21796	[0.21540695	0.22053476]
5.2	0.1765	[0.17414449	0.17888042]
5.3	0.14126	[0.13911009	0.14343753]
5.4	0.11285	[0.11089876	0.11483105]
5.5	0.08904	[0.08728558	0.09082609]
5.6	0.06986	[0.06829157	0.07146159]
5.7	0.05415	[0.052759405	0.055574972]
5.8	0.04151	[0.040286276	0.042769093]
5.9	0.03171	[0.030636877	0.032819267]
6.0	0.0245	[0.023555014	0.02548171]
6.1	0.01772	[0.016915724	0.018561555]
6.2	0.01158	[0.010930548	0.01226726]
6.3	0.00862	[0.008060774	0.009217308]
6.4	0.00666	[0.0061696637	0.007188615]
6.5	0.00518	[0.004748893	0.0056495504]
6.6	0.00437	[0.003975004	0.0048035397]
6.7	0.00365	[0.0032900698	0.004048574]
6.8	0.00304	[0.002712625	0.0034061144]
6.9	0.00236	[0.0020730875	0.00268578]
7.0	0.00187	[0.0016160393	0.0021629443]
7.1	0.00157	[0.0013384008	0.001840671]
7.2	0.00117	[9.7187026E-4	0.0014073551]
7.3	8.2E-4	[6.5627135E-4	0.0010231547]
7.4	6.9E-4	[5.408903E-4	8.786416E-4]
7.5	5.7E-4	[4.3565937E-4	7.4399746E-4]
7.6	2.9E-4	[1.978313E-4	4.2235057E-4]
7.7	1.0E-4	[5.08174E-5	1.9054979E-4]
7.8	5.0E-5	[1.8407845E-5	1.2402E-4]
7.9	3.0E-5	[7.747817E-6	9.559829E-5]
8.0	2.0E-5	[3.4641096E-6	8.066479E-5]
8.1	0.0	[0.0	4.7892154E-5]
8.2	0.0	[0.0	4.7892154E-5]
8.3	0.0	[0.0	4.7892154E-5]
8.4	0.0	[0.0	0.0]
8.5	0.0	[0.0	0.0]
8.6	0.0	[0.0	0.0]
8.7	0.0	[0.0	0.0]
8.8	0.0	[0.0	0.0]
8.9	0.0	[0.0	0.0]
9.0	0.0	[0.0	0.0]



DATASET #8

     Name: Supra
   Points: 66
     Info: 

Data[x,y]:
2.5	  0.00803
2.6	  0.00803
2.7	  0.00803
2.8	  0.00803
2.9	  0.00803
3.0	  0.00803
3.1	  0.00803
3.2	  0.00803
3.3	  0.00803
3.4	  0.00803
3.5	  0.00803
3.6	  0.00803
3.7	  0.00803
3.8	  0.00803
3.9	  0.00803
4.0	  0.00803
4.1	  0.00803
4.2	  0.00803
4.3	  0.00803
4.4	  0.00803
4.5	  0.00803
4.6	  0.00803
4.7	  0.00803
4.8	  0.00803
4.9	  0.00803
5.0	  0.00803
5.1	  0.00803
5.2	  0.00803
5.3	  0.00803
5.4	  0.00803
5.5	  0.00803
5.6	  0.00803
5.7	  0.00803
5.8	  0.00803
5.9	  0.00802
6.0	  0.00802
6.1	  0.00689
6.2	  0.00527
6.3	  0.00445
6.4	  0.00393
6.5	  0.00348
6.6	  0.00319
6.7	  0.00282
6.8	  0.00245
6.9	  0.00191
7.0	  0.0016
7.1	  0.00143
7.2	  0.00108
7.3	  7.6E-4
7.4	  6.7E-4
7.5	  5.6E-4
7.6	  2.9E-4
7.7	  1.0E-4
7.8	  5.0E-5
7.9	  3.0E-5
8.0	  2.0E-5
8.1	  0.0
8.2	  0.0
8.3	  0.0
8.4	  0.0
8.5	  0.0
8.6	  0.0
8.7	  0.0
8.8	  0.0
8.9	  0.0
9.0	  0.0



DATASET #9

     Name: Primary
   Points: 66
     Info: 

Data[x,y]:
2.5	  94.59244
2.6	  75.13678
2.7	  59.68661
2.8	  47.42753
2.9	  37.67044
3.0	  29.93383
3.1	  23.77817
3.2	  18.88563
3.3	  15.00026
3.4	  11.90819
3.5	  9.45617
3.6	  7.50274
3.7	  5.96004
3.8	  4.73487
3.9	  3.76183
4.0	  2.98833
4.1	  2.37446
4.2	  1.8821
4.3	  1.49552
4.4	  1.18688
4.5	  0.94224
4.6	  0.74592
4.7	  0.59209
4.8	  0.46839
4.9	  0.37003
5.0	  0.29158
5.1	  0.22961
5.2	  0.18082
5.3	  0.14151
5.4	  0.11061
5.5	  0.08561
5.6	  0.06625
5.7	  0.05066
5.8	  0.03841
5.9	  0.02905
6.0	  0.02229
6.1	  0.01597
6.2	  0.01033
6.3	  0.00763
6.4	  0.00582
6.5	  0.00451
6.6	  0.00382
6.7	  0.00317
6.8	  0.0026
6.9	  0.00196
7.0	  0.00152
7.1	  0.00129
7.2	  9.5E-4
7.3	  6.4E-4
7.4	  5.5E-4
7.5	  4.4E-4
7.6	  2.3E-4
7.7	  1.0E-4
7.8	  5.0E-5
7.9	  3.0E-5
8.0	  2.0E-5
8.1	  0.0
8.2	  0.0
8.3	  0.0
8.4	  0.0
8.5	  0.0
8.6	  0.0
8.7	  0.0
8.8	  0.0
8.9	  0.0
9.0	  0.0


