
X-Axis: Magnitude
Y-Axis: 1 Month Cumulative Number
Number of Data Sets: 8


DATASET #1

     Name: Mean
   Points: 66
     Info: 

Data[x,y]:
2.5	  140.67346
2.6	  111.89796
2.7	  88.97959
2.8	  70.34694
2.9	  55.734695
3.0	  44.10204
3.1	  35.10204
3.2	  27.571428
3.3	  22.22449
3.4	  17.489796
3.5	  13.897959
3.6	  10.857142
3.7	  8.32653
3.8	  6.734694
3.9	  5.408163
4.0	  4.367347
4.1	  3.3061225
4.2	  2.857143
4.3	  2.2653062
4.4	  1.7346939
4.5	  1.2857143
4.6	  1.1632653
4.7	  0.97959185
4.8	  0.75510204
4.9	  0.5714286
5.0	  0.36734694
5.1	  0.2857143
5.2	  0.20408164
5.3	  0.1632653
5.4	  0.14285715
5.5	  0.10204082
5.6	  0.08163265
5.7	  0.020408163
5.8	  0.0
5.9	  0.0
6.0	  0.0
6.1	  0.0
6.2	  0.0
6.3	  0.0
6.4	  0.0
6.5	  0.0
6.6	  0.0
6.7	  0.0
6.8	  0.0
6.9	  0.0
7.0	  0.0
7.1	  0.0
7.2	  0.0
7.3	  0.0
7.4	  0.0
7.5	  0.0
7.6	  0.0
7.7	  0.0
7.8	  0.0
7.9	  0.0
8.0	  0.0
8.1	  0.0
8.2	  0.0
8.3	  0.0
8.4	  0.0
8.5	  0.0
8.6	  0.0
8.7	  0.0
8.8	  0.0
8.9	  0.0
9.0	  0.0



DATASET #2

     Name: 2.5%,97.5%
   Points: 66
     Info: 

Data[x,y]:
2.5	  93.0
2.6	  79.0
2.7	  59.0
2.8	  41.0
2.9	  32.0
3.0	  25.0
3.1	  20.0
3.2	  14.0
3.3	  10.0
3.4	  7.0
3.5	  6.0
3.6	  4.0
3.7	  2.0
3.8	  2.0
3.9	  1.0
4.0	  0.0
4.1	  0.0
4.2	  0.0
4.3	  0.0
4.4	  0.0
4.5	  0.0
4.6	  0.0
4.7	  0.0
4.8	  0.0
4.9	  0.0
5.0	  0.0
5.1	  0.0
5.2	  0.0
5.3	  0.0
5.4	  0.0
5.5	  0.0
5.6	  0.0
5.7	  0.0
5.8	  0.0
5.9	  0.0
6.0	  0.0
6.1	  0.0
6.2	  0.0
6.3	  0.0
6.4	  0.0
6.5	  0.0
6.6	  0.0
6.7	  0.0
6.8	  0.0
6.9	  0.0
7.0	  0.0
7.1	  0.0
7.2	  0.0
7.3	  0.0
7.4	  0.0
7.5	  0.0
7.6	  0.0
7.7	  0.0
7.8	  0.0
7.9	  0.0
8.0	  0.0
8.1	  0.0
8.2	  0.0
8.3	  0.0
8.4	  0.0
8.5	  0.0
8.6	  0.0
8.7	  0.0
8.8	  0.0
8.9	  0.0
9.0	  0.0



DATASET #3

     Name: null
   Points: 66
     Info: 

Data[x,y]:
2.5	  230.0
2.6	  192.0
2.7	  161.0
2.8	  124.0
2.9	  98.0
3.0	  80.0
3.1	  61.0
3.2	  49.0
3.3	  43.0
3.4	  35.0
3.5	  28.0
3.6	  26.0
3.7	  23.0
3.8	  19.0
3.9	  14.0
4.0	  13.0
4.1	  8.0
4.2	  7.0
4.3	  6.0
4.4	  6.0
4.5	  4.0
4.6	  4.0
4.7	  4.0
4.8	  4.0
4.9	  3.0
5.0	  2.0
5.1	  2.0
5.2	  2.0
5.3	  1.0
5.4	  1.0
5.5	  1.0
5.6	  1.0
5.7	  0.0
5.8	  0.0
5.9	  0.0
6.0	  0.0
6.1	  0.0
6.2	  0.0
6.3	  0.0
6.4	  0.0
6.5	  0.0
6.6	  0.0
6.7	  0.0
6.8	  0.0
6.9	  0.0
7.0	  0.0
7.1	  0.0
7.2	  0.0
7.3	  0.0
7.4	  0.0
7.5	  0.0
7.6	  0.0
7.7	  0.0
7.8	  0.0
7.9	  0.0
8.0	  0.0
8.1	  0.0
8.2	  0.0
8.3	  0.0
8.4	  0.0
8.5	  0.0
8.6	  0.0
8.7	  0.0
8.8	  0.0
8.9	  0.0
9.0	  0.0



DATASET #4

     Name: Median
   Points: 66
     Info: 

Data[x,y]:
2.5	  123.0
2.6	  100.0
2.7	  81.0
2.8	  64.0
2.9	  50.0
3.0	  40.0
3.1	  31.0
3.2	  25.0
3.3	  20.0
3.4	  16.0
3.5	  12.0
3.6	  10.0
3.7	  8.0
3.8	  6.0
3.9	  5.0
4.0	  3.0
4.1	  3.0
4.2	  3.0
4.3	  2.0
4.4	  1.0
4.5	  1.0
4.6	  1.0
4.7	  1.0
4.8	  0.0
4.9	  0.0
5.0	  0.0
5.1	  0.0
5.2	  0.0
5.3	  0.0
5.4	  0.0
5.5	  0.0
5.6	  0.0
5.7	  0.0
5.8	  0.0
5.9	  0.0
6.0	  0.0
6.1	  0.0
6.2	  0.0
6.3	  0.0
6.4	  0.0
6.5	  0.0
6.6	  0.0
6.7	  0.0
6.8	  0.0
6.9	  0.0
7.0	  0.0
7.1	  0.0
7.2	  0.0
7.3	  0.0
7.4	  0.0
7.5	  0.0
7.6	  0.0
7.7	  0.0
7.8	  0.0
7.9	  0.0
8.0	  0.0
8.1	  0.0
8.2	  0.0
8.3	  0.0
8.4	  0.0
8.5	  0.0
8.6	  0.0
8.7	  0.0
8.8	  0.0
8.9	  0.0
9.0	  0.0



DATASET #5

     Name: Mode
   Points: 66
     Info: 

Data[x,y]:
2.5	  122.0
2.6	  86.0
2.7	  83.0
2.8	  65.0
2.9	  49.0
3.0	  40.0
3.1	  29.0
3.2	  24.0
3.3	  21.0
3.4	  17.0
3.5	  11.0
3.6	  10.0
3.7	  8.0
3.8	  4.0
3.9	  3.0
4.0	  3.0
4.1	  2.0
4.2	  1.0
4.3	  2.0
4.4	  0.0
4.5	  0.0
4.6	  0.0
4.7	  0.0
4.8	  0.0
4.9	  0.0
5.0	  0.0
5.1	  0.0
5.2	  0.0
5.3	  0.0
5.4	  0.0
5.5	  0.0
5.6	  0.0
5.7	  0.0
5.8	  0.0
5.9	  0.0
6.0	  0.0
6.1	  0.0
6.2	  0.0
6.3	  0.0
6.4	  0.0
6.5	  0.0
6.6	  0.0
6.7	  0.0
6.8	  0.0
6.9	  0.0
7.0	  0.0
7.1	  0.0
7.2	  0.0
7.3	  0.0
7.4	  0.0
7.5	  0.0
7.6	  0.0
7.7	  0.0
7.8	  0.0
7.9	  0.0
8.0	  0.0
8.1	  0.0
8.2	  0.0
8.3	  0.0
8.4	  0.0
8.5	  0.0
8.6	  0.0
8.7	  0.0
8.8	  0.0
8.9	  0.0
9.0	  0.0



DATASET #6

     Name: 1 mo Prob
   Points: 66
     Info: 

Data[x,y]:
2.5	  1.0
2.6	  1.0
2.7	  1.0
2.8	  1.0
2.9	  1.0
3.0	  1.0
3.1	  1.0
3.2	  1.0
3.3	  1.0
3.4	  1.0
3.5	  1.0
3.6	  1.0
3.7	  1.0
3.8	  1.0
3.9	  1.0
4.0	  0.9591837
4.1	  0.93877554
4.2	  0.9183673
4.3	  0.85714287
4.4	  0.71428573
4.5	  0.63265306
4.6	  0.59183675
4.7	  0.5714286
4.8	  0.40816328
4.9	  0.36734694
5.0	  0.2857143
5.1	  0.20408164
5.2	  0.14285715
5.3	  0.14285715
5.4	  0.12244898
5.5	  0.08163265
5.6	  0.08163265
5.7	  0.020408163
5.8	  0.0
5.9	  0.0
6.0	  0.0
6.1	  0.0
6.2	  0.0
6.3	  0.0
6.4	  0.0
6.5	  0.0
6.6	  0.0
6.7	  0.0
6.8	  0.0
6.9	  0.0
7.0	  0.0
7.1	  0.0
7.2	  0.0
7.3	  0.0
7.4	  0.0
7.5	  0.0
7.6	  0.0
7.7	  0.0
7.8	  0.0
7.9	  0.0
8.0	  0.0
8.1	  0.0
8.2	  0.0
8.3	  0.0
8.4	  0.0
8.5	  0.0
8.6	  0.0
8.7	  0.0
8.8	  0.0
8.9	  0.0
9.0	  0.0



DATASET #7

Name: 95% Conf
Num Points: 66
Info: 

X, Y Data:
2.5	1.0	[1.0	1.0]
2.6	1.0	[1.0	1.0]
2.7	1.0	[1.0	1.0]
2.8	1.0	[1.0	1.0]
2.9	1.0	[1.0	1.0]
3.0	1.0	[1.0	1.0]
3.1	1.0	[1.0	1.0]
3.2	1.0	[1.0	1.0]
3.3	1.0	[1.0	1.0]
3.4	1.0	[1.0	1.0]
3.5	1.0	[1.0	1.0]
3.6	1.0	[1.0	1.0]
3.7	1.0	[1.0	1.0]
3.8	1.0	[1.0	1.0]
3.9	1.0	[1.0	1.0]
4.0	0.9591837	[0.84862316	0.9928989]
4.1	0.93877554	[0.82130414	0.9840541]
4.2	0.9183673	[0.79515946	0.97352415]
4.3	0.85714287	[0.72141385	0.93591845]
4.4	0.71428573	[0.56527996	0.8297327]
4.5	0.63265306	[0.4825344	0.76208335]
4.6	0.59183675	[0.44255954	0.72680837]
4.7	0.5714286	[0.42289898	0.7088363]
4.8	0.40816328	[0.27319163	0.55744046]
4.9	0.36734694	[0.23791666	0.5174656]
5.0	0.2857143	[0.17026731	0.43472004]
5.1	0.20408164	[0.10724035	0.34762636]
5.2	0.14285715	[0.06408157	0.27858618]
5.3	0.14285715	[0.06408157	0.27858618]
5.4	0.12244898	[0.05077454	0.254637]
5.5	0.08163265	[0.02647583	0.20484056]
5.6	0.08163265	[0.02647583	0.20484056]
5.7	0.020408163	[0.0010661993	0.12237264]
5.8	0.0	[0.0	0.09055858]
5.9	0.0	[0.0	0.09055858]
6.0	0.0	[0.0	0.09055858]
6.1	0.0	[0.0	0.09055858]
6.2	0.0	[0.0	0.09055858]
6.3	0.0	[0.0	0.09055858]
6.4	0.0	[0.0	0.09055858]
6.5	0.0	[0.0	0.09055858]
6.6	0.0	[0.0	0.09055858]
6.7	0.0	[0.0	0.09055858]
6.8	0.0	[0.0	0.09055858]
6.9	0.0	[0.0	0.09055858]
7.0	0.0	[0.0	0.09055858]
7.1	0.0	[0.0	0.09055858]
7.2	0.0	[0.0	0.09055858]
7.3	0.0	[0.0	0.09055858]
7.4	0.0	[0.0	0.09055858]
7.5	0.0	[0.0	0.09055858]
7.6	0.0	[0.0	0.09055858]
7.7	0.0	[0.0	0.09055858]
7.8	0.0	[0.0	0.09055858]
7.9	0.0	[0.0	0.09055858]
8.0	0.0	[0.0	0.09055858]
8.1	0.0	[0.0	0.09055858]
8.2	0.0	[0.0	0.09055858]
8.3	0.0	[0.0	0.09055858]
8.4	0.0	[0.0	0.0]
8.5	0.0	[0.0	0.0]
8.6	0.0	[0.0	0.0]
8.7	0.0	[0.0	0.0]
8.8	0.0	[0.0	0.0]
8.9	0.0	[0.0	0.0]
9.0	0.0	[0.0	0.0]



DATASET #8

     Name: Supra
   Points: 66
     Info: 

Data[x,y]:
2.5	  0.0
2.6	  0.0
2.7	  0.0
2.8	  0.0
2.9	  0.0
3.0	  0.0
3.1	  0.0
3.2	  0.0
3.3	  0.0
3.4	  0.0
3.5	  0.0
3.6	  0.0
3.7	  0.0
3.8	  0.0
3.9	  0.0
4.0	  0.0
4.1	  0.0
4.2	  0.0
4.3	  0.0
4.4	  0.0
4.5	  0.0
4.6	  0.0
4.7	  0.0
4.8	  0.0
4.9	  0.0
5.0	  0.0
5.1	  0.0
5.2	  0.0
5.3	  0.0
5.4	  0.0
5.5	  0.0
5.6	  0.0
5.7	  0.0
5.8	  0.0
5.9	  0.0
6.0	  0.0
6.1	  0.0
6.2	  0.0
6.3	  0.0
6.4	  0.0
6.5	  0.0
6.6	  0.0
6.7	  0.0
6.8	  0.0
6.9	  0.0
7.0	  0.0
7.1	  0.0
7.2	  0.0
7.3	  0.0
7.4	  0.0
7.5	  0.0
7.6	  0.0
7.7	  0.0
7.8	  0.0
7.9	  0.0
8.0	  0.0
8.1	  0.0
8.2	  0.0
8.3	  0.0
8.4	  0.0
8.5	  0.0
8.6	  0.0
8.7	  0.0
8.8	  0.0
8.9	  0.0
9.0	  0.0


