
X-Axis: Magnitude
Y-Axis: 1 Week Cumulative Number
Number of Data Sets: 9


DATASET #1

     Name: Mean
   Points: 41
     Info: 

Data[x,y]:
5.0	  0.042
5.1	  0.032
5.2	  0.024
5.3	  0.019
5.4	  0.014
5.5	  0.014
5.6	  0.007
5.7	  0.007
5.8	  0.005
5.9	  0.003
6.0	  0.003
6.1	  0.003
6.2	  0.002
6.3	  0.002
6.4	  0.001
6.5	  0.001
6.6	  0.001
6.7	  0.001
6.8	  0.001
6.9	  0.001
7.0	  0.001
7.1	  0.001
7.2	  0.0
7.3	  0.0
7.4	  0.0
7.5	  0.0
7.6	  0.0
7.7	  0.0
7.8	  0.0
7.9	  0.0
8.0	  0.0
8.1	  0.0
8.2	  0.0
8.3	  0.0
8.4	  0.0
8.5	  0.0
8.6	  0.0
8.7	  0.0
8.8	  0.0
8.9	  0.0
9.0	  0.0



DATASET #2

     Name: 2.5%,97.5%
   Points: 41
     Info: 

Data[x,y]:
5.0	  0.0
5.1	  0.0
5.2	  0.0
5.3	  0.0
5.4	  0.0
5.5	  0.0
5.6	  0.0
5.7	  0.0
5.8	  0.0
5.9	  0.0
6.0	  0.0
6.1	  0.0
6.2	  0.0
6.3	  0.0
6.4	  0.0
6.5	  0.0
6.6	  0.0
6.7	  0.0
6.8	  0.0
6.9	  0.0
7.0	  0.0
7.1	  0.0
7.2	  0.0
7.3	  0.0
7.4	  0.0
7.5	  0.0
7.6	  0.0
7.7	  0.0
7.8	  0.0
7.9	  0.0
8.0	  0.0
8.1	  0.0
8.2	  0.0
8.3	  0.0
8.4	  0.0
8.5	  0.0
8.6	  0.0
8.7	  0.0
8.8	  0.0
8.9	  0.0
9.0	  0.0



DATASET #3

     Name: null
   Points: 41
     Info: 

Data[x,y]:
5.0	  1.0
5.1	  0.0
5.2	  0.0
5.3	  0.0
5.4	  0.0
5.5	  0.0
5.6	  0.0
5.7	  0.0
5.8	  0.0
5.9	  0.0
6.0	  0.0
6.1	  0.0
6.2	  0.0
6.3	  0.0
6.4	  0.0
6.5	  0.0
6.6	  0.0
6.7	  0.0
6.8	  0.0
6.9	  0.0
7.0	  0.0
7.1	  0.0
7.2	  0.0
7.3	  0.0
7.4	  0.0
7.5	  0.0
7.6	  0.0
7.7	  0.0
7.8	  0.0
7.9	  0.0
8.0	  0.0
8.1	  0.0
8.2	  0.0
8.3	  0.0
8.4	  0.0
8.5	  0.0
8.6	  0.0
8.7	  0.0
8.8	  0.0
8.9	  0.0
9.0	  0.0



DATASET #4

     Name: Median
   Points: 41
     Info: 

Data[x,y]:
5.0	  0.0
5.1	  0.0
5.2	  0.0
5.3	  0.0
5.4	  0.0
5.5	  0.0
5.6	  0.0
5.7	  0.0
5.8	  0.0
5.9	  0.0
6.0	  0.0
6.1	  0.0
6.2	  0.0
6.3	  0.0
6.4	  0.0
6.5	  0.0
6.6	  0.0
6.7	  0.0
6.8	  0.0
6.9	  0.0
7.0	  0.0
7.1	  0.0
7.2	  0.0
7.3	  0.0
7.4	  0.0
7.5	  0.0
7.6	  0.0
7.7	  0.0
7.8	  0.0
7.9	  0.0
8.0	  0.0
8.1	  0.0
8.2	  0.0
8.3	  0.0
8.4	  0.0
8.5	  0.0
8.6	  0.0
8.7	  0.0
8.8	  0.0
8.9	  0.0
9.0	  0.0



DATASET #5

     Name: Mode
   Points: 41
     Info: 

Data[x,y]:
5.0	  0.0
5.1	  0.0
5.2	  0.0
5.3	  0.0
5.4	  0.0
5.5	  0.0
5.6	  0.0
5.7	  0.0
5.8	  0.0
5.9	  0.0
6.0	  0.0
6.1	  0.0
6.2	  0.0
6.3	  0.0
6.4	  0.0
6.5	  0.0
6.6	  0.0
6.7	  0.0
6.8	  0.0
6.9	  0.0
7.0	  0.0
7.1	  0.0
7.2	  0.0
7.3	  0.0
7.4	  0.0
7.5	  0.0
7.6	  0.0
7.7	  0.0
7.8	  0.0
7.9	  0.0
8.0	  0.0
8.1	  0.0
8.2	  0.0
8.3	  0.0
8.4	  0.0
8.5	  0.0
8.6	  0.0
8.7	  0.0
8.8	  0.0
8.9	  0.0
9.0	  0.0



DATASET #6

     Name: 1 wk Prob
   Points: 41
     Info: 

Data[x,y]:
5.0	  0.026
5.1	  0.02
5.2	  0.015
5.3	  0.011
5.4	  0.007
5.5	  0.007
5.6	  0.004
5.7	  0.004
5.8	  0.004
5.9	  0.003
6.0	  0.003
6.1	  0.003
6.2	  0.002
6.3	  0.002
6.4	  0.001
6.5	  0.001
6.6	  0.001
6.7	  0.001
6.8	  0.001
6.9	  0.001
7.0	  0.001
7.1	  0.001
7.2	  0.0
7.3	  0.0
7.4	  0.0
7.5	  0.0
7.6	  0.0
7.7	  0.0
7.8	  0.0
7.9	  0.0
8.0	  0.0
8.1	  0.0
8.2	  0.0
8.3	  0.0
8.4	  0.0
8.5	  0.0
8.6	  0.0
8.7	  0.0
8.8	  0.0
8.9	  0.0
9.0	  0.0



DATASET #7

Name: 95% Conf
Num Points: 41
Info: 

X, Y Data:
5.0	0.026	[0.017396446	0.03841198]
5.1	0.02	[0.012589504	0.031291023]
5.2	0.015	[0.008733168	0.025217677]
5.3	0.011	[0.0057953	0.020224951]
5.4	0.007	[0.0030706925	0.015045025]
5.5	0.007	[0.0030706925	0.015045025]
5.6	0.004	[0.0012821096	0.010950263]
5.7	0.004	[0.0012821096	0.010950263]
5.8	0.004	[0.0012821096	0.010950263]
5.9	0.003	[7.75095E-4	0.009518]
6.0	0.003	[7.75095E-4	0.009518]
6.1	0.003	[7.75095E-4	0.009518]
6.2	0.002	[3.464852E-4	0.008032669]
6.3	0.002	[3.464852E-4	0.008032669]
6.4	0.001	[5.22008E-5	0.0064689326]
6.5	0.001	[5.22008E-5	0.0064689326]
6.6	0.001	[5.22008E-5	0.0064689326]
6.7	0.001	[5.22008E-5	0.0064689326]
6.8	0.001	[5.22008E-5	0.0064689326]
6.9	0.001	[5.22008E-5	0.0064689326]
7.0	0.001	[5.22008E-5	0.0064689326]
7.1	0.001	[5.22008E-5	0.0064689326]
7.2	0.0	[0.0	0.004770871]
7.3	0.0	[0.0	0.004770871]
7.4	0.0	[0.0	0.004770871]
7.5	0.0	[0.0	0.004770871]
7.6	0.0	[0.0	0.004770871]
7.7	0.0	[0.0	0.004770871]
7.8	0.0	[0.0	0.004770871]
7.9	0.0	[0.0	0.004770871]
8.0	0.0	[0.0	0.004770871]
8.1	0.0	[0.0	0.004770871]
8.2	0.0	[0.0	0.004770871]
8.3	0.0	[0.0	0.004770871]
8.4	0.0	[0.0	0.0]
8.5	0.0	[0.0	0.0]
8.6	0.0	[0.0	0.0]
8.7	0.0	[0.0	0.0]
8.8	0.0	[0.0	0.0]
8.9	0.0	[0.0	0.0]
9.0	0.0	[0.0	0.0]



DATASET #8

     Name: Supra
   Points: 41
     Info: 

Data[x,y]:
5.0	  0.002
5.1	  0.002
5.2	  0.002
5.3	  0.002
5.4	  0.002
5.5	  0.002
5.6	  0.002
5.7	  0.002
5.8	  0.002
5.9	  0.002
6.0	  0.002
6.1	  0.002
6.2	  0.002
6.3	  0.002
6.4	  0.001
6.5	  0.001
6.6	  0.001
6.7	  0.001
6.8	  0.001
6.9	  0.001
7.0	  0.001
7.1	  0.001
7.2	  0.0
7.3	  0.0
7.4	  0.0
7.5	  0.0
7.6	  0.0
7.7	  0.0
7.8	  0.0
7.9	  0.0
8.0	  0.0
8.1	  0.0
8.2	  0.0
8.3	  0.0
8.4	  0.0
8.5	  0.0
8.6	  0.0
8.7	  0.0
8.8	  0.0
8.9	  0.0
9.0	  0.0



DATASET #9

     Name: Primary
   Points: 41
     Info: 

Data[x,y]:
5.0	  0.02
5.1	  0.015
5.2	  0.013
5.3	  0.009
5.4	  0.005
5.5	  0.005
5.6	  0.002
5.7	  0.002
5.8	  0.002
5.9	  0.002
6.0	  0.002
6.1	  0.002
6.2	  0.001
6.3	  0.001
6.4	  0.001
6.5	  0.001
6.6	  0.001
6.7	  0.001
6.8	  0.001
6.9	  0.001
7.0	  0.001
7.1	  0.001
7.2	  0.0
7.3	  0.0
7.4	  0.0
7.5	  0.0
7.6	  0.0
7.7	  0.0
7.8	  0.0
7.9	  0.0
8.0	  0.0
8.1	  0.0
8.2	  0.0
8.3	  0.0
8.4	  0.0
8.5	  0.0
8.6	  0.0
8.7	  0.0
8.8	  0.0
8.9	  0.0
9.0	  0.0


