
X-Axis: Magnitude
Y-Axis: 1 Year Cumulative Number
Number of Data Sets: 9


DATASET #1

     Name: Mean
   Points: 66
     Info: 

Data[x,y]:
2.5	  582.89795
2.6	  464.61224
2.7	  369.40817
2.8	  293.5102
2.9	  233.20409
3.0	  185.67346
3.1	  148.57143
3.2	  117.63265
3.3	  93.53061
3.4	  75.0
3.5	  59.489796
3.6	  46.877552
3.7	  37.469387
3.8	  29.632652
3.9	  22.938776
4.0	  18.693878
4.1	  14.67347
4.2	  11.693877
4.3	  9.408163
4.4	  7.5306125
4.5	  5.9591837
4.6	  4.755102
4.7	  3.857143
4.8	  3.0612245
4.9	  2.3877552
5.0	  1.9387755
5.1	  1.5102041
5.2	  1.0204082
5.3	  0.7346939
5.4	  0.5714286
5.5	  0.40816328
5.6	  0.3469388
5.7	  0.30612245
5.8	  0.20408164
5.9	  0.20408164
6.0	  0.18367347
6.1	  0.1632653
6.2	  0.14285715
6.3	  0.10204082
6.4	  0.10204082
6.5	  0.08163265
6.6	  0.08163265
6.7	  0.040816326
6.8	  0.0
6.9	  0.0
7.0	  0.0
7.1	  0.0
7.2	  0.0
7.3	  0.0
7.4	  0.0
7.5	  0.0
7.6	  0.0
7.7	  0.0
7.8	  0.0
7.9	  0.0
8.0	  0.0
8.1	  0.0
8.2	  0.0
8.3	  0.0
8.4	  0.0
8.5	  0.0
8.6	  0.0
8.7	  0.0
8.8	  0.0
8.9	  0.0
9.0	  0.0



DATASET #2

     Name: 2.5%,97.5%
   Points: 66
     Info: 

Data[x,y]:
2.5	  324.0
2.6	  261.0
2.7	  204.0
2.8	  161.0
2.9	  128.0
3.0	  102.0
3.1	  80.0
3.2	  61.0
3.3	  50.0
3.4	  35.0
3.5	  30.0
3.6	  22.0
3.7	  16.0
3.8	  12.0
3.9	  9.0
4.0	  5.0
4.1	  5.0
4.2	  3.0
4.3	  3.0
4.4	  2.0
4.5	  1.0
4.6	  0.0
4.7	  0.0
4.8	  0.0
4.9	  0.0
5.0	  0.0
5.1	  0.0
5.2	  0.0
5.3	  0.0
5.4	  0.0
5.5	  0.0
5.6	  0.0
5.7	  0.0
5.8	  0.0
5.9	  0.0
6.0	  0.0
6.1	  0.0
6.2	  0.0
6.3	  0.0
6.4	  0.0
6.5	  0.0
6.6	  0.0
6.7	  0.0
6.8	  0.0
6.9	  0.0
7.0	  0.0
7.1	  0.0
7.2	  0.0
7.3	  0.0
7.4	  0.0
7.5	  0.0
7.6	  0.0
7.7	  0.0
7.8	  0.0
7.9	  0.0
8.0	  0.0
8.1	  0.0
8.2	  0.0
8.3	  0.0
8.4	  0.0
8.5	  0.0
8.6	  0.0
8.7	  0.0
8.8	  0.0
8.9	  0.0
9.0	  0.0



DATASET #3

     Name: null
   Points: 66
     Info: 

Data[x,y]:
2.5	  1025.0
2.6	  833.0
2.7	  652.0
2.8	  502.0
2.9	  414.0
3.0	  323.0
3.1	  255.0
3.2	  200.0
3.3	  156.0
3.4	  120.0
3.5	  100.0
3.6	  83.0
3.7	  61.0
3.8	  51.0
3.9	  40.0
4.0	  34.0
4.1	  24.0
4.2	  21.0
4.3	  18.0
4.4	  14.0
4.5	  14.0
4.6	  10.0
4.7	  10.0
4.8	  10.0
4.9	  8.0
5.0	  7.0
5.1	  6.0
5.2	  4.0
5.3	  3.0
5.4	  2.0
5.5	  2.0
5.6	  2.0
5.7	  2.0
5.8	  1.0
5.9	  1.0
6.0	  1.0
6.1	  1.0
6.2	  1.0
6.3	  1.0
6.4	  1.0
6.5	  1.0
6.6	  1.0
6.7	  1.0
6.8	  0.0
6.9	  0.0
7.0	  0.0
7.1	  0.0
7.2	  0.0
7.3	  0.0
7.4	  0.0
7.5	  0.0
7.6	  0.0
7.7	  0.0
7.8	  0.0
7.9	  0.0
8.0	  0.0
8.1	  0.0
8.2	  0.0
8.3	  0.0
8.4	  0.0
8.5	  0.0
8.6	  0.0
8.7	  0.0
8.8	  0.0
8.9	  0.0
9.0	  0.0



DATASET #4

     Name: Median
   Points: 66
     Info: 

Data[x,y]:
2.5	  440.0
2.6	  345.0
2.7	  277.0
2.8	  223.0
2.9	  179.0
3.0	  146.0
3.1	  119.0
3.2	  92.0
3.3	  73.0
3.4	  55.0
3.5	  45.0
3.6	  37.0
3.7	  30.0
3.8	  23.0
3.9	  18.0
4.0	  16.0
4.1	  11.0
4.2	  9.0
4.3	  7.0
4.4	  6.0
4.5	  5.0
4.6	  3.0
4.7	  3.0
4.8	  2.0
4.9	  1.0
5.0	  1.0
5.1	  1.0
5.2	  0.0
5.3	  0.0
5.4	  0.0
5.5	  0.0
5.6	  0.0
5.7	  0.0
5.8	  0.0
5.9	  0.0
6.0	  0.0
6.1	  0.0
6.2	  0.0
6.3	  0.0
6.4	  0.0
6.5	  0.0
6.6	  0.0
6.7	  0.0
6.8	  0.0
6.9	  0.0
7.0	  0.0
7.1	  0.0
7.2	  0.0
7.3	  0.0
7.4	  0.0
7.5	  0.0
7.6	  0.0
7.7	  0.0
7.8	  0.0
7.9	  0.0
8.0	  0.0
8.1	  0.0
8.2	  0.0
8.3	  0.0
8.4	  0.0
8.5	  0.0
8.6	  0.0
8.7	  0.0
8.8	  0.0
8.9	  0.0
9.0	  0.0



DATASET #5

     Name: Mode
   Points: 66
     Info: 

Data[x,y]:
2.5	  408.0
2.6	  329.0
2.7	  229.0
2.8	  240.0
2.9	  199.0
3.0	  134.0
3.1	  104.0
3.2	  80.0
3.3	  64.0
3.4	  55.0
3.5	  71.0
3.6	  29.0
3.7	  22.0
3.8	  19.0
3.9	  14.0
4.0	  16.0
4.1	  11.0
4.2	  6.0
4.3	  6.0
4.4	  3.0
4.5	  5.0
4.6	  2.0
4.7	  2.0
4.8	  2.0
4.9	  0.0
5.0	  0.0
5.1	  0.0
5.2	  0.0
5.3	  0.0
5.4	  0.0
5.5	  0.0
5.6	  0.0
5.7	  0.0
5.8	  0.0
5.9	  0.0
6.0	  0.0
6.1	  0.0
6.2	  0.0
6.3	  0.0
6.4	  0.0
6.5	  0.0
6.6	  0.0
6.7	  0.0
6.8	  0.0
6.9	  0.0
7.0	  0.0
7.1	  0.0
7.2	  0.0
7.3	  0.0
7.4	  0.0
7.5	  0.0
7.6	  0.0
7.7	  0.0
7.8	  0.0
7.9	  0.0
8.0	  0.0
8.1	  0.0
8.2	  0.0
8.3	  0.0
8.4	  0.0
8.5	  0.0
8.6	  0.0
8.7	  0.0
8.8	  0.0
8.9	  0.0
9.0	  0.0



DATASET #6

     Name: 1 yr Prob
   Points: 66
     Info: 

Data[x,y]:
2.5	  1.0
2.6	  1.0
2.7	  1.0
2.8	  1.0
2.9	  1.0
3.0	  1.0
3.1	  1.0
3.2	  1.0
3.3	  1.0
3.4	  1.0
3.5	  1.0
3.6	  1.0
3.7	  1.0
3.8	  1.0
3.9	  1.0
4.0	  1.0
4.1	  1.0
4.2	  1.0
4.3	  1.0
4.4	  1.0
4.5	  0.97959185
4.6	  0.9183673
4.7	  0.877551
4.8	  0.81632656
4.9	  0.6938776
5.0	  0.63265306
5.1	  0.53061223
5.2	  0.4489796
5.3	  0.3877551
5.4	  0.3265306
5.5	  0.26530612
5.6	  0.2244898
5.7	  0.2244898
5.8	  0.14285715
5.9	  0.14285715
6.0	  0.12244898
6.1	  0.12244898
6.2	  0.10204082
6.3	  0.06122449
6.4	  0.06122449
6.5	  0.06122449
6.6	  0.06122449
6.7	  0.040816326
6.8	  0.0
6.9	  0.0
7.0	  0.0
7.1	  0.0
7.2	  0.0
7.3	  0.0
7.4	  0.0
7.5	  0.0
7.6	  0.0
7.7	  0.0
7.8	  0.0
7.9	  0.0
8.0	  0.0
8.1	  0.0
8.2	  0.0
8.3	  0.0
8.4	  0.0
8.5	  0.0
8.6	  0.0
8.7	  0.0
8.8	  0.0
8.9	  0.0
9.0	  0.0



DATASET #7

Name: 95% Conf
Num Points: 66
Info: 

X, Y Data:
2.5	1.0	[1.0	1.0]
2.6	1.0	[1.0	1.0]
2.7	1.0	[1.0	1.0]
2.8	1.0	[1.0	1.0]
2.9	1.0	[1.0	1.0]
3.0	1.0	[1.0	1.0]
3.1	1.0	[1.0	1.0]
3.2	1.0	[1.0	1.0]
3.3	1.0	[1.0	1.0]
3.4	1.0	[1.0	1.0]
3.5	1.0	[1.0	1.0]
3.6	1.0	[1.0	1.0]
3.7	1.0	[1.0	1.0]
3.8	1.0	[1.0	1.0]
3.9	1.0	[1.0	1.0]
4.0	1.0	[1.0	1.0]
4.1	1.0	[1.0	1.0]
4.2	1.0	[1.0	1.0]
4.3	1.0	[1.0	1.0]
4.4	1.0	[1.0	1.0]
4.5	0.97959185	[0.8776274	0.9989338]
4.6	0.9183673	[0.79515946	0.97352415]
4.7	0.877551	[0.745363	0.9492255]
4.8	0.81632656	[0.67497486	0.9076113]
4.9	0.6938776	[0.5442221	0.8132097]
5.0	0.63265306	[0.4825344	0.76208335]
5.1	0.53061223	[0.3842137	0.67224675]
5.2	0.4489796	[0.30935207	0.5965488]
5.3	0.3877551	[0.25544062	0.53756356]
5.4	0.3265306	[0.20358141	0.47658104]
5.5	0.26530612	[0.15402868	0.41339403]
5.6	0.2244898	[0.12248808	0.36986923]
5.7	0.2244898	[0.12248808	0.36986923]
5.8	0.14285715	[0.06408157	0.27858618]
5.9	0.14285715	[0.06408157	0.27858618]
6.0	0.12244898	[0.05077454	0.254637]
6.1	0.12244898	[0.05077454	0.254637]
6.2	0.10204082	[0.038180098	0.23009507]
6.3	0.06122449	[0.015945883	0.17869586]
6.4	0.06122449	[0.015945883	0.17869586]
6.5	0.06122449	[0.015945883	0.17869586]
6.6	0.06122449	[0.015945883	0.17869586]
6.7	0.040816326	[0.0071011083	0.15137683]
6.8	0.0	[0.0	0.09055858]
6.9	0.0	[0.0	0.09055858]
7.0	0.0	[0.0	0.09055858]
7.1	0.0	[0.0	0.09055858]
7.2	0.0	[0.0	0.09055858]
7.3	0.0	[0.0	0.09055858]
7.4	0.0	[0.0	0.09055858]
7.5	0.0	[0.0	0.09055858]
7.6	0.0	[0.0	0.09055858]
7.7	0.0	[0.0	0.09055858]
7.8	0.0	[0.0	0.09055858]
7.9	0.0	[0.0	0.09055858]
8.0	0.0	[0.0	0.09055858]
8.1	0.0	[0.0	0.09055858]
8.2	0.0	[0.0	0.09055858]
8.3	0.0	[0.0	0.09055858]
8.4	0.0	[0.0	0.0]
8.5	0.0	[0.0	0.0]
8.6	0.0	[0.0	0.0]
8.7	0.0	[0.0	0.0]
8.8	0.0	[0.0	0.0]
8.9	0.0	[0.0	0.0]
9.0	0.0	[0.0	0.0]



DATASET #8

     Name: Supra
   Points: 66
     Info: 

Data[x,y]:
2.5	  0.06122449
2.6	  0.06122449
2.7	  0.06122449
2.8	  0.06122449
2.9	  0.06122449
3.0	  0.06122449
3.1	  0.06122449
3.2	  0.06122449
3.3	  0.06122449
3.4	  0.06122449
3.5	  0.06122449
3.6	  0.06122449
3.7	  0.06122449
3.8	  0.06122449
3.9	  0.06122449
4.0	  0.06122449
4.1	  0.06122449
4.2	  0.06122449
4.3	  0.06122449
4.4	  0.06122449
4.5	  0.06122449
4.6	  0.06122449
4.7	  0.06122449
4.8	  0.06122449
4.9	  0.06122449
5.0	  0.06122449
5.1	  0.06122449
5.2	  0.06122449
5.3	  0.06122449
5.4	  0.06122449
5.5	  0.06122449
5.6	  0.06122449
5.7	  0.06122449
5.8	  0.06122449
5.9	  0.06122449
6.0	  0.06122449
6.1	  0.06122449
6.2	  0.06122449
6.3	  0.040816326
6.4	  0.040816326
6.5	  0.040816326
6.6	  0.040816326
6.7	  0.040816326
6.8	  0.0
6.9	  0.0
7.0	  0.0
7.1	  0.0
7.2	  0.0
7.3	  0.0
7.4	  0.0
7.5	  0.0
7.6	  0.0
7.7	  0.0
7.8	  0.0
7.9	  0.0
8.0	  0.0
8.1	  0.0
8.2	  0.0
8.3	  0.0
8.4	  0.0
8.5	  0.0
8.6	  0.0
8.7	  0.0
8.8	  0.0
8.9	  0.0
9.0	  0.0



DATASET #9

     Name: Primary
   Points: 66
     Info: 

Data[x,y]:
2.5	  308.10205
2.6	  245.06122
2.7	  195.71428
2.8	  155.34694
2.9	  123.18367
3.0	  98.36735
3.1	  78.83673
3.2	  62.408165
3.3	  50.122448
3.4	  40.163265
3.5	  31.571428
3.6	  24.469387
3.7	  19.67347
3.8	  15.551021
3.9	  11.77551
4.0	  9.612245
4.1	  7.5102043
4.2	  6.0816326
4.3	  5.020408
4.4	  3.877551
4.5	  3.0408163
4.6	  2.3061225
4.7	  1.8367347
4.8	  1.4285715
4.9	  1.1020408
5.0	  0.9183673
5.1	  0.7346939
5.2	  0.5510204
5.3	  0.42857143
5.4	  0.2857143
5.5	  0.20408164
5.6	  0.18367347
5.7	  0.18367347
5.8	  0.10204082
5.9	  0.10204082
6.0	  0.08163265
6.1	  0.08163265
6.2	  0.08163265
6.3	  0.06122449
6.4	  0.06122449
6.5	  0.040816326
6.6	  0.040816326
6.7	  0.020408163
6.8	  0.0
6.9	  0.0
7.0	  0.0
7.1	  0.0
7.2	  0.0
7.3	  0.0
7.4	  0.0
7.5	  0.0
7.6	  0.0
7.7	  0.0
7.8	  0.0
7.9	  0.0
8.0	  0.0
8.1	  0.0
8.2	  0.0
8.3	  0.0
8.4	  0.0
8.5	  0.0
8.6	  0.0
8.7	  0.0
8.8	  0.0
8.9	  0.0
9.0	  0.0


