
X-Axis: Magnitude
Y-Axis: 500 Year Cumulative Number
Number of Data Sets: 9


DATASET #1

     Name: Mean
   Points: 41
     Info: 

Data[x,y]:
5.0	  172.715
5.1	  136.794
5.2	  108.082
5.3	  85.416
5.4	  67.084
5.5	  52.838
5.6	  41.482
5.7	  32.356
5.8	  25.107
5.9	  18.812
6.0	  14.715
6.1	  11.15
6.2	  8.956
6.3	  7.223
6.4	  5.593
6.5	  4.297
6.6	  3.348
6.7	  2.571
6.8	  2.045
6.9	  1.625
7.0	  1.329
7.1	  1.026
7.2	  0.799
7.3	  0.664
7.4	  0.498
7.5	  0.382
7.6	  0.311
7.7	  0.232
7.8	  0.171
7.9	  0.096
8.0	  0.051
8.1	  0.021
8.2	  0.013
8.3	  0.003
8.4	  0.0
8.5	  0.0
8.6	  0.0
8.7	  0.0
8.8	  0.0
8.9	  0.0
9.0	  0.0



DATASET #2

     Name: 2.5%,97.5%
   Points: 41
     Info: 

Data[x,y]:
5.0	  79.0
5.1	  60.0
5.2	  47.0
5.3	  36.0
5.4	  28.0
5.5	  21.0
5.6	  16.0
5.7	  12.0
5.8	  9.0
5.9	  6.0
6.0	  5.0
6.1	  3.0
6.2	  2.0
6.3	  1.0
6.4	  1.0
6.5	  0.0
6.6	  0.0
6.7	  0.0
6.8	  0.0
6.9	  0.0
7.0	  0.0
7.1	  0.0
7.2	  0.0
7.3	  0.0
7.4	  0.0
7.5	  0.0
7.6	  0.0
7.7	  0.0
7.8	  0.0
7.9	  0.0
8.0	  0.0
8.1	  0.0
8.2	  0.0
8.3	  0.0
8.4	  0.0
8.5	  0.0
8.6	  0.0
8.7	  0.0
8.8	  0.0
8.9	  0.0
9.0	  0.0



DATASET #3

     Name: null
   Points: 41
     Info: 

Data[x,y]:
5.0	  480.0
5.1	  383.0
5.2	  303.0
5.3	  239.0
5.4	  183.0
5.5	  143.0
5.6	  111.0
5.7	  86.0
5.8	  64.0
5.9	  47.0
6.0	  37.0
6.1	  27.0
6.2	  22.0
6.3	  18.0
6.4	  14.0
6.5	  11.0
6.6	  9.0
6.7	  7.0
6.8	  6.0
6.9	  5.0
7.0	  5.0
7.1	  4.0
7.2	  3.0
7.3	  3.0
7.4	  2.0
7.5	  2.0
7.6	  2.0
7.7	  2.0
7.8	  1.0
7.9	  1.0
8.0	  1.0
8.1	  0.0
8.2	  0.0
8.3	  0.0
8.4	  0.0
8.5	  0.0
8.6	  0.0
8.7	  0.0
8.8	  0.0
8.9	  0.0
9.0	  0.0



DATASET #4

     Name: Median
   Points: 41
     Info: 

Data[x,y]:
5.0	  138.0
5.1	  111.0
5.2	  87.0
5.3	  70.0
5.4	  55.0
5.5	  44.0
5.6	  35.0
5.7	  27.0
5.8	  21.0
5.9	  16.0
6.0	  13.0
6.1	  10.0
6.2	  8.0
6.3	  6.0
6.4	  5.0
6.5	  4.0
6.6	  3.0
6.7	  2.0
6.8	  2.0
6.9	  1.0
7.0	  1.0
7.1	  1.0
7.2	  1.0
7.3	  0.0
7.4	  0.0
7.5	  0.0
7.6	  0.0
7.7	  0.0
7.8	  0.0
7.9	  0.0
8.0	  0.0
8.1	  0.0
8.2	  0.0
8.3	  0.0
8.4	  0.0
8.5	  0.0
8.6	  0.0
8.7	  0.0
8.8	  0.0
8.9	  0.0
9.0	  0.0



DATASET #5

     Name: Mode
   Points: 41
     Info: 

Data[x,y]:
5.0	  117.0
5.1	  90.0
5.2	  77.0
5.3	  61.0
5.4	  50.0
5.5	  42.0
5.6	  32.0
5.7	  25.0
5.8	  17.0
5.9	  13.0
6.0	  12.0
6.1	  8.0
6.2	  6.0
6.3	  5.0
6.4	  4.0
6.5	  4.0
6.6	  2.0
6.7	  2.0
6.8	  1.0
6.9	  1.0
7.0	  0.0
7.1	  0.0
7.2	  0.0
7.3	  0.0
7.4	  0.0
7.5	  0.0
7.6	  0.0
7.7	  0.0
7.8	  0.0
7.9	  0.0
8.0	  0.0
8.1	  0.0
8.2	  0.0
8.3	  0.0
8.4	  0.0
8.5	  0.0
8.6	  0.0
8.7	  0.0
8.8	  0.0
8.9	  0.0
9.0	  0.0



DATASET #6

     Name: 500 yr Prob
   Points: 41
     Info: 

Data[x,y]:
5.0	  1.0
5.1	  1.0
5.2	  1.0
5.3	  1.0
5.4	  1.0
5.5	  1.0
5.6	  1.0
5.7	  1.0
5.8	  1.0
5.9	  1.0
6.0	  1.0
6.1	  0.999
6.2	  0.998
6.3	  0.994
6.4	  0.987
6.5	  0.969
6.6	  0.934
6.7	  0.877
6.8	  0.811
6.9	  0.742
7.0	  0.664
7.1	  0.574
7.2	  0.503
7.3	  0.448
7.4	  0.354
7.5	  0.297
7.6	  0.252
7.7	  0.201
7.8	  0.152
7.9	  0.09
8.0	  0.049
8.1	  0.021
8.2	  0.013
8.3	  0.003
8.4	  0.0
8.5	  0.0
8.6	  0.0
8.7	  0.0
8.8	  0.0
8.9	  0.0
9.0	  0.0



DATASET #7

Name: 95% Conf
Num Points: 41
Info: 

X, Y Data:
5.0	1.0	[1.0	1.0]
5.1	1.0	[1.0	1.0]
5.2	1.0	[1.0	1.0]
5.3	1.0	[1.0	1.0]
5.4	1.0	[1.0	1.0]
5.5	1.0	[1.0	1.0]
5.6	1.0	[1.0	1.0]
5.7	1.0	[1.0	1.0]
5.8	1.0	[1.0	1.0]
5.9	1.0	[1.0	1.0]
6.0	1.0	[1.0	1.0]
6.1	0.999	[0.99353105	0.9999478]
6.2	0.998	[0.9919673	0.9996535]
6.3	0.994	[0.98629355	0.9975587]
6.4	0.987	[0.9772604	0.9927561]
6.5	0.969	[0.9557543	0.9784916]
6.6	0.934	[0.91633886	0.9482323]
6.7	0.877	[0.854655	0.89638895]
6.8	0.811	[0.78503865	0.83453214]
6.9	0.742	[0.71347624	0.7686375]
7.0	0.664	[0.6336371	0.69308627]
7.1	0.574	[0.5426225	0.6048019]
7.2	0.503	[0.47155985	0.5344168]
7.3	0.448	[0.41694027	0.47946417]
7.4	0.354	[0.32448184	0.38465443]
7.5	0.297	[0.26901484	0.32656625]
7.6	0.252	[0.22559378	0.28033954]
7.7	0.201	[0.1768517	0.2274827]
7.8	0.152	[0.13061391	0.17610924]
7.9	0.09	[0.07334185	0.10988416]
8.0	0.049	[0.036826793	0.06475276]
8.1	0.021	[0.013378973	0.03248882]
8.2	0.013	[0.0072439006	0.022739585]
8.3	0.003	[7.75095E-4	0.009518]
8.4	0.0	[0.0	0.0]
8.5	0.0	[0.0	0.0]
8.6	0.0	[0.0	0.0]
8.7	0.0	[0.0	0.0]
8.8	0.0	[0.0	0.0]
8.9	0.0	[0.0	0.0]
9.0	0.0	[0.0	0.0]



DATASET #8

     Name: Supra
   Points: 41
     Info: 

Data[x,y]:
5.0	  0.996
5.1	  0.996
5.2	  0.996
5.3	  0.996
5.4	  0.996
5.5	  0.996
5.6	  0.996
5.7	  0.996
5.8	  0.996
5.9	  0.994
6.0	  0.994
6.1	  0.991
6.2	  0.987
6.3	  0.98
6.4	  0.968
6.5	  0.938
6.6	  0.894
6.7	  0.838
6.8	  0.768
6.9	  0.703
7.0	  0.635
7.1	  0.559
7.2	  0.494
7.3	  0.445
7.4	  0.352
7.5	  0.297
7.6	  0.252
7.7	  0.201
7.8	  0.152
7.9	  0.09
8.0	  0.049
8.1	  0.021
8.2	  0.013
8.3	  0.003
8.4	  0.0
8.5	  0.0
8.6	  0.0
8.7	  0.0
8.8	  0.0
8.9	  0.0
9.0	  0.0



DATASET #9

     Name: Primary
   Points: 41
     Info: 

Data[x,y]:
5.0	  46.945
5.1	  37.405
5.2	  29.812
5.3	  23.891
5.4	  19.091
5.5	  15.369
5.6	  12.341
5.7	  9.941
5.8	  8.05
5.9	  6.284
6.0	  5.14
6.1	  3.976
6.2	  3.319
6.3	  2.722
6.4	  2.152
6.5	  1.682
6.6	  1.32
6.7	  1.035
6.8	  0.835
6.9	  0.665
7.0	  0.552
7.1	  0.43
7.2	  0.347
7.3	  0.292
7.4	  0.222
7.5	  0.18
7.6	  0.146
7.7	  0.112
7.8	  0.082
7.9	  0.049
8.0	  0.024
8.1	  0.01
8.2	  0.007
8.3	  0.001
8.4	  0.0
8.5	  0.0
8.6	  0.0
8.7	  0.0
8.8	  0.0
8.9	  0.0
9.0	  0.0


