
X-Axis: Magnitude
Y-Axis: Cumulative Annual Rate (1/yr)
Number of Data Sets: 8


DATASET #1

     Name: Mean
   Points: 41
     Info: 

Data[x,y]:
5.0	  7.781777
5.1	  6.1555147
5.2	  4.8629875
5.3	  3.834323
5.4	  3.0175896
5.5	  2.3704772
5.6	  1.859027
5.7	  1.4488938
5.8	  1.1241105
5.9	  0.8546271
6.0	  0.6759604
6.1	  0.520025
6.2	  0.40997708
6.3	  0.3227146
6.4	  0.25282082
6.5	  0.19548959
6.6	  0.15238333
6.7	  0.11818958
6.8	  0.093389586
6.9	  0.072922915
7.0	  0.057058334
7.1	  0.043504167
7.2	  0.03289167
7.3	  0.025952084
7.4	  0.019970834
7.5	  0.0143
7.6	  0.010839583
7.7	  0.0077729165
7.8	  0.005485417
7.9	  0.0030395833
8.0	  0.00163125
8.1	  7.9583336E-4
8.2	  3.2708334E-4
8.3	  6.666667E-5
8.4	  0.0
8.5	  0.0
8.6	  0.0
8.7	  0.0
8.8	  0.0
8.9	  0.0
9.0	  0.0



DATASET #2

     Name: 2.5%,16%,84%,97.5%
   Points: 41
     Info: 

Data[x,y]:
5.0	  5.7
5.1	  4.4875
5.2	  3.525
5.3	  2.7625
5.4	  2.15
5.5	  1.675
5.6	  1.3
5.7	  1.0
5.8	  0.7625
5.9	  0.575
6.0	  0.4375
6.1	  0.325
6.2	  0.25
6.3	  0.1875
6.4	  0.1375
6.5	  0.1
6.6	  0.075
6.7	  0.05
6.8	  0.0375
6.9	  0.025
7.0	  0.0125
7.1	  0.0
7.2	  0.0
7.3	  0.0
7.4	  0.0
7.5	  0.0
7.6	  0.0
7.7	  0.0
7.8	  0.0
7.9	  0.0
8.0	  0.0
8.1	  0.0
8.2	  0.0
8.3	  0.0
8.4	  0.0
8.5	  0.0
8.6	  0.0
8.7	  0.0
8.8	  0.0
8.9	  0.0
9.0	  0.0



DATASET #3

     Name: 
   Points: 41
     Info: 

Data[x,y]:
5.0	  6.4
5.1	  5.0625
5.2	  4.0
5.3	  3.15
5.4	  2.475
5.5	  1.9375
5.6	  1.525
5.7	  1.175
5.8	  0.9125
5.9	  0.6875
6.0	  0.5375
6.1	  0.4125
6.2	  0.325
6.3	  0.25
6.4	  0.1875
6.5	  0.1375
6.6	  0.1125
6.7	  0.075
6.8	  0.0625
6.9	  0.0375
7.0	  0.025
7.1	  0.025
7.2	  0.0125
7.3	  0.0125
7.4	  0.0
7.5	  0.0
7.6	  0.0
7.7	  0.0
7.8	  0.0
7.9	  0.0
8.0	  0.0
8.1	  0.0
8.2	  0.0
8.3	  0.0
8.4	  0.0
8.5	  0.0
8.6	  0.0
8.7	  0.0
8.8	  0.0
8.9	  0.0
9.0	  0.0



DATASET #4

     Name: 
   Points: 41
     Info: 

Data[x,y]:
5.0	  9.0625
5.1	  7.1625
5.2	  5.65
5.3	  4.475
5.4	  3.5375
5.5	  2.7875
5.6	  2.1875
5.7	  1.7125
5.8	  1.325
5.9	  1.0125
6.0	  0.8
6.1	  0.625
6.2	  0.5
6.3	  0.4
6.4	  0.3125
6.5	  0.25
6.6	  0.2
6.7	  0.1625
6.8	  0.125
6.9	  0.1
7.0	  0.0875
7.1	  0.0625
7.2	  0.05
7.3	  0.0375
7.4	  0.0375
7.5	  0.025
7.6	  0.025
7.7	  0.0125
7.8	  0.0125
7.9	  0.0125
8.0	  0.0
8.1	  0.0
8.2	  0.0
8.3	  0.0
8.4	  0.0
8.5	  0.0
8.6	  0.0
8.7	  0.0
8.8	  0.0
8.9	  0.0
9.0	  0.0



DATASET #5

     Name: 
   Points: 41
     Info: 

Data[x,y]:
5.0	  11.7875
5.1	  9.3625
5.2	  7.3125
5.3	  5.75
5.4	  4.5125
5.5	  3.5125
5.6	  2.75
5.7	  2.15
5.8	  1.6375
5.9	  1.2375
6.0	  0.9875
6.1	  0.7625
6.2	  0.6125
6.3	  0.4875
6.4	  0.3875
6.5	  0.3125
6.6	  0.25
6.7	  0.2
6.8	  0.1625
6.9	  0.1375
7.0	  0.1125
7.1	  0.0875
7.2	  0.075
7.3	  0.0625
7.4	  0.05
7.5	  0.0375
7.6	  0.0375
7.7	  0.025
7.8	  0.025
7.9	  0.0125
8.0	  0.0125
8.1	  0.0125
8.2	  0.0125
8.3	  0.0
8.4	  0.0
8.5	  0.0
8.6	  0.0
8.7	  0.0
8.8	  0.0
8.9	  0.0
9.0	  0.0



DATASET #6

     Name: Median
   Points: 41
     Info: 

Data[x,y]:
5.0	  7.45
5.1	  5.9
5.2	  4.675
5.3	  3.6875
5.4	  2.9125
5.5	  2.2875
5.6	  1.8
5.7	  1.4125
5.8	  1.1
5.9	  0.8375
6.0	  0.6625
6.1	  0.5125
6.2	  0.4
6.3	  0.3125
6.4	  0.25
6.5	  0.1875
6.6	  0.15
6.7	  0.1125
6.8	  0.0875
6.9	  0.075
7.0	  0.05
7.1	  0.0375
7.2	  0.025
7.3	  0.025
7.4	  0.0125
7.5	  0.0125
7.6	  0.0125
7.7	  0.0125
7.8	  0.0
7.9	  0.0
8.0	  0.0
8.1	  0.0
8.2	  0.0
8.3	  0.0
8.4	  0.0
8.5	  0.0
8.6	  0.0
8.7	  0.0
8.8	  0.0
8.9	  0.0
9.0	  0.0



DATASET #7

     Name: Mode
   Points: 41
     Info: 

Data[x,y]:
5.0	  7.1625
5.1	  5.55
5.2	  4.45
5.3	  3.4125
5.4	  2.8375
5.5	  2.3
5.6	  1.8125
5.7	  1.2875
5.8	  1.025
5.9	  0.85
6.0	  0.6125
6.1	  0.4625
6.2	  0.4
6.3	  0.325
6.4	  0.2375
6.5	  0.1875
6.6	  0.1375
6.7	  0.1
6.8	  0.075
6.9	  0.0625
7.0	  0.05
7.1	  0.0375
7.2	  0.025
7.3	  0.025
7.4	  0.0125
7.5	  0.0125
7.6	  0.0125
7.7	  0.0
7.8	  0.0
7.9	  0.0
8.0	  0.0
8.1	  0.0
8.2	  0.0
8.3	  0.0
8.4	  0.0
8.5	  0.0
8.6	  0.0
8.7	  0.0
8.8	  0.0
8.9	  0.0
9.0	  0.0



DATASET #8

     Name: Std. Dev.
   Points: 41
     Info: 

Data[x,y]:
5.0	  1.6844485
5.1	  1.3322529
5.2	  1.0484248
5.3	  0.8255036
5.4	  0.6476517
5.5	  0.50587225
5.6	  0.38959515
5.7	  0.3031727
5.8	  0.2317895
5.9	  0.17617425
6.0	  0.14044568
6.1	  0.11267088
6.2	  0.09191292
6.3	  0.07693484
6.4	  0.06449452
6.5	  0.05487291
6.6	  0.04643933
6.7	  0.03963109
6.8	  0.03447939
6.9	  0.029832575
7.0	  0.026379101
7.1	  0.022905875
7.2	  0.019487249
7.3	  0.016741129
7.4	  0.014597702
7.5	  0.012208672
7.6	  0.01049942
7.7	  0.008784071
7.8	  0.00732709
7.9	  0.005595338
8.0	  0.0042537316
8.1	  0.0030604983
8.2	  0.0019953842
8.3	  9.1043336E-4
8.4	  0.0
8.5	  0.0
8.6	  0.0
8.7	  0.0
8.8	  0.0
8.9	  0.0
9.0	  0.0


