
X-Axis: Magnitude
Y-Axis: 10 Year Cumulative Number
Number of Data Sets: 9


DATASET #1

     Name: Mean
   Points: 66
     Info: 

Data[x,y]:
2.5	  556.79266
2.6	  442.1045
2.7	  351.14386
2.8	  278.88077
2.9	  221.53627
3.0	  176.05959
3.1	  139.86076
3.2	  111.1589
3.3	  88.32662
3.4	  70.16069
3.5	  55.704483
3.6	  44.257725
3.7	  35.145172
3.8	  27.884415
3.9	  22.135654
4.0	  17.545448
4.1	  13.929931
4.2	  11.065793
4.3	  8.778069
4.4	  6.962
4.5	  5.5151033
4.6	  4.356207
4.7	  3.4490345
4.8	  2.7271724
4.9	  2.1492414
5.0	  1.704
5.1	  1.3452414
5.2	  1.0557241
5.3	  0.82986206
5.4	  0.6492414
5.5	  0.50572413
5.6	  0.38986206
5.7	  0.29868966
5.8	  0.22682759
5.9	  0.17193103
6.0	  0.13082759
6.1	  0.096551724
6.2	  0.06275862
6.3	  0.047310345
6.4	  0.036413793
6.5	  0.028
6.6	  0.024137931
6.7	  0.019793103
6.8	  0.015793104
6.9	  0.012758621
7.0	  0.009655172
7.1	  0.007862069
7.2	  0.0059310347
7.3	  0.0043448275
7.4	  0.003862069
7.5	  0.0030344827
7.6	  0.0014482759
7.7	  5.5172417E-4
7.8	  4.137931E-4
7.9	  1.3793104E-4
8.0	  6.896552E-5
8.1	  0.0
8.2	  0.0
8.3	  0.0
8.4	  0.0
8.5	  0.0
8.6	  0.0
8.7	  0.0
8.8	  0.0
8.9	  0.0
9.0	  0.0



DATASET #2

     Name: 2.5%,97.5%
   Points: 66
     Info: 

Data[x,y]:
2.5	  475.0
2.6	  373.0
2.7	  293.0
2.8	  229.0
2.9	  179.0
3.0	  140.0
3.1	  109.0
3.2	  84.0
3.3	  65.0
3.4	  50.0
3.5	  38.0
3.6	  29.0
3.7	  22.0
3.8	  16.0
3.9	  12.0
4.0	  9.0
4.1	  6.0
4.2	  4.0
4.3	  3.0
4.4	  2.0
4.5	  1.0
4.6	  1.0
4.7	  0.0
4.8	  0.0
4.9	  0.0
5.0	  0.0
5.1	  0.0
5.2	  0.0
5.3	  0.0
5.4	  0.0
5.5	  0.0
5.6	  0.0
5.7	  0.0
5.8	  0.0
5.9	  0.0
6.0	  0.0
6.1	  0.0
6.2	  0.0
6.3	  0.0
6.4	  0.0
6.5	  0.0
6.6	  0.0
6.7	  0.0
6.8	  0.0
6.9	  0.0
7.0	  0.0
7.1	  0.0
7.2	  0.0
7.3	  0.0
7.4	  0.0
7.5	  0.0
7.6	  0.0
7.7	  0.0
7.8	  0.0
7.9	  0.0
8.0	  0.0
8.1	  0.0
8.2	  0.0
8.3	  0.0
8.4	  0.0
8.5	  0.0
8.6	  0.0
8.7	  0.0
8.8	  0.0
8.9	  0.0
9.0	  0.0



DATASET #3

     Name: null
   Points: 66
     Info: 

Data[x,y]:
2.5	  741.0
2.6	  588.0
2.7	  468.0
2.8	  373.0
2.9	  298.0
3.0	  237.0
3.1	  190.0
3.2	  152.0
3.3	  123.0
3.4	  99.0
3.5	  80.0
3.6	  65.0
3.7	  53.0
3.8	  43.0
3.9	  35.0
4.0	  29.0
4.1	  24.0
4.2	  20.0
4.3	  16.0
4.4	  14.0
4.5	  12.0
4.6	  10.0
4.7	  8.0
4.8	  7.0
4.9	  6.0
5.0	  5.0
5.1	  4.0
5.2	  4.0
5.3	  3.0
5.4	  3.0
5.5	  2.0
5.6	  2.0
5.7	  2.0
5.8	  2.0
5.9	  1.0
6.0	  1.0
6.1	  1.0
6.2	  1.0
6.3	  1.0
6.4	  1.0
6.5	  1.0
6.6	  0.0
6.7	  0.0
6.8	  0.0
6.9	  0.0
7.0	  0.0
7.1	  0.0
7.2	  0.0
7.3	  0.0
7.4	  0.0
7.5	  0.0
7.6	  0.0
7.7	  0.0
7.8	  0.0
7.9	  0.0
8.0	  0.0
8.1	  0.0
8.2	  0.0
8.3	  0.0
8.4	  0.0
8.5	  0.0
8.6	  0.0
8.7	  0.0
8.8	  0.0
8.9	  0.0
9.0	  0.0



DATASET #4

     Name: Median
   Points: 66
     Info: 

Data[x,y]:
2.5	  534.0
2.6	  425.0
2.7	  338.0
2.8	  268.0
2.9	  213.0
3.0	  170.0
3.1	  135.0
3.2	  107.0
3.3	  85.0
3.4	  68.0
3.5	  54.0
3.6	  43.0
3.7	  34.0
3.8	  27.0
3.9	  21.0
4.0	  17.0
4.1	  13.0
4.2	  11.0
4.3	  8.0
4.4	  7.0
4.5	  5.0
4.6	  4.0
4.7	  3.0
4.8	  2.0
4.9	  2.0
5.0	  1.0
5.1	  1.0
5.2	  1.0
5.3	  1.0
5.4	  0.0
5.5	  0.0
5.6	  0.0
5.7	  0.0
5.8	  0.0
5.9	  0.0
6.0	  0.0
6.1	  0.0
6.2	  0.0
6.3	  0.0
6.4	  0.0
6.5	  0.0
6.6	  0.0
6.7	  0.0
6.8	  0.0
6.9	  0.0
7.0	  0.0
7.1	  0.0
7.2	  0.0
7.3	  0.0
7.4	  0.0
7.5	  0.0
7.6	  0.0
7.7	  0.0
7.8	  0.0
7.9	  0.0
8.0	  0.0
8.1	  0.0
8.2	  0.0
8.3	  0.0
8.4	  0.0
8.5	  0.0
8.6	  0.0
8.7	  0.0
8.8	  0.0
8.9	  0.0
9.0	  0.0



DATASET #5

     Name: Mode
   Points: 66
     Info: 

Data[x,y]:
2.5	  529.0
2.6	  412.0
2.7	  331.0
2.8	  261.0
2.9	  212.0
3.0	  172.0
3.1	  134.0
3.2	  108.0
3.3	  88.0
3.4	  65.0
3.5	  53.0
3.6	  44.0
3.7	  33.0
3.8	  26.0
3.9	  20.0
4.0	  16.0
4.1	  13.0
4.2	  10.0
4.3	  8.0
4.4	  6.0
4.5	  5.0
4.6	  4.0
4.7	  3.0
4.8	  2.0
4.9	  1.0
5.0	  1.0
5.1	  1.0
5.2	  0.0
5.3	  0.0
5.4	  0.0
5.5	  0.0
5.6	  0.0
5.7	  0.0
5.8	  0.0
5.9	  0.0
6.0	  0.0
6.1	  0.0
6.2	  0.0
6.3	  0.0
6.4	  0.0
6.5	  0.0
6.6	  0.0
6.7	  0.0
6.8	  0.0
6.9	  0.0
7.0	  0.0
7.1	  0.0
7.2	  0.0
7.3	  0.0
7.4	  0.0
7.5	  0.0
7.6	  0.0
7.7	  0.0
7.8	  0.0
7.9	  0.0
8.0	  0.0
8.1	  0.0
8.2	  0.0
8.3	  0.0
8.4	  0.0
8.5	  0.0
8.6	  0.0
8.7	  0.0
8.8	  0.0
8.9	  0.0
9.0	  0.0



DATASET #6

     Name: 10 yr Prob
   Points: 66
     Info: 

Data[x,y]:
2.5	  1.0
2.6	  1.0
2.7	  1.0
2.8	  1.0
2.9	  1.0
3.0	  1.0
3.1	  1.0
3.2	  1.0
3.3	  1.0
3.4	  1.0
3.5	  1.0
3.6	  1.0
3.7	  1.0
3.8	  1.0
3.9	  1.0
4.0	  1.0
4.1	  1.0
4.2	  1.0
4.3	  0.9997931
4.4	  0.9986207
4.5	  0.99331033
4.6	  0.9795172
4.7	  0.95648277
4.8	  0.9189655
4.9	  0.86241376
5.0	  0.79386204
5.1	  0.71193105
5.2	  0.62268966
5.3	  0.5374483
5.4	  0.45455173
5.5	  0.37882757
5.6	  0.3064138
5.7	  0.24475862
5.8	  0.19468966
5.9	  0.15103449
6.0	  0.11717241
6.1	  0.08841379
6.2	  0.05937931
6.3	  0.04551724
6.4	  0.035103448
6.5	  0.027241379
6.6	  0.023586206
6.7	  0.019310344
6.8	  0.015517241
6.9	  0.012689655
7.0	  0.009586207
7.1	  0.007862069
7.2	  0.0059310347
7.3	  0.0043448275
7.4	  0.003862069
7.5	  0.0030344827
7.6	  0.0014482759
7.7	  5.5172417E-4
7.8	  4.137931E-4
7.9	  1.3793104E-4
8.0	  6.896552E-5
8.1	  0.0
8.2	  0.0
8.3	  0.0
8.4	  0.0
8.5	  0.0
8.6	  0.0
8.7	  0.0
8.8	  0.0
8.9	  0.0
9.0	  0.0



DATASET #7

Name: 95% Conf
Num Points: 66
Info: 

X, Y Data:
2.5	1.0	[1.0	1.0]
2.6	1.0	[1.0	1.0]
2.7	1.0	[1.0	1.0]
2.8	1.0	[1.0	1.0]
2.9	1.0	[1.0	1.0]
3.0	1.0	[1.0	1.0]
3.1	1.0	[1.0	1.0]
3.2	1.0	[1.0	1.0]
3.3	1.0	[1.0	1.0]
3.4	1.0	[1.0	1.0]
3.5	1.0	[1.0	1.0]
3.6	1.0	[1.0	1.0]
3.7	1.0	[1.0	1.0]
3.8	1.0	[1.0	1.0]
3.9	1.0	[1.0	1.0]
4.0	1.0	[1.0	1.0]
4.1	1.0	[1.0	1.0]
4.2	1.0	[1.0	1.0]
4.3	0.9997931	[0.9993409	0.9999466]
4.4	0.9986207	[0.99782854	0.99913394]
4.5	0.99331033	[0.9918088	0.99454385]
4.6	0.9795172	[0.9770451	0.98173153]
4.7	0.95648277	[0.9530036	0.95971763]
4.8	0.9189655	[0.9143766	0.9233307]
4.9	0.86241376	[0.8566758	0.8679586]
5.0	0.79386204	[0.7871652	0.8004024]
5.1	0.71193105	[0.7044697	0.7192796]
5.2	0.62268966	[0.6147339	0.6305801]
5.3	0.5374483	[0.5292893	0.5455873]
5.4	0.45455173	[0.44642565	0.46270198]
5.5	0.37882757	[0.37093046	0.38678917]
5.6	0.3064138	[0.29892793	0.31400266]
5.7	0.24475862	[0.23779452	0.2518586]
5.8	0.19468966	[0.18829179	0.20125012]
5.9	0.15103449	[0.14526455	0.15699036]
6.0	0.11717241	[0.112004645	0.12254432]
6.1	0.08841379	[0.08386753	0.09317972]
6.2	0.05937931	[0.055614553	0.06337957]
6.3	0.04551724	[0.042209994	0.04906769]
6.4	0.035103448	[0.03219577	0.038260233]
6.5	0.027241379	[0.024681492	0.030054959]
6.6	0.023586206	[0.021206666	0.02622164]
6.7	0.019310344	[0.017161906	0.021717334]
6.8	0.015517241	[0.013597672	0.017697848]
6.9	0.012689655	[0.01096047	0.014681859]
7.0	0.009586207	[0.008093342	0.011344491]
7.1	0.007862069	[0.006517794	0.009473274]
7.2	0.0059310347	[0.0047745374	0.0073564383]
7.3	0.0043448275	[0.0033673986	0.005593216]
7.4	0.003862069	[0.0029455	0.00505036]
7.5	0.0030344827	[0.0022318903	0.0041103666]
7.6	0.0014482759	[9.2025E-4	0.00225479]
7.7	5.5172417E-4	[2.5655967E-4	0.001134026]
7.8	4.137931E-4	[1.6821822E-4	9.496274E-4]
7.9	1.3793104E-4	[2.3890716E-5	5.561695E-4]
8.0	6.896552E-5	[3.5999133E-6	4.478188E-4]
8.1	0.0	[0.0	3.302151E-4]
8.2	0.0	[0.0	3.302151E-4]
8.3	0.0	[0.0	3.302151E-4]
8.4	0.0	[0.0	0.0]
8.5	0.0	[0.0	0.0]
8.6	0.0	[0.0	0.0]
8.7	0.0	[0.0	0.0]
8.8	0.0	[0.0	0.0]
8.9	0.0	[0.0	0.0]
9.0	0.0	[0.0	0.0]



DATASET #8

     Name: Supra
   Points: 66
     Info: 

Data[x,y]:
2.5	  0.04075862
2.6	  0.04075862
2.7	  0.04075862
2.8	  0.04075862
2.9	  0.04075862
3.0	  0.04075862
3.1	  0.04075862
3.2	  0.04075862
3.3	  0.04075862
3.4	  0.04075862
3.5	  0.04075862
3.6	  0.04075862
3.7	  0.04075862
3.8	  0.04075862
3.9	  0.04075862
4.0	  0.04075862
4.1	  0.04075862
4.2	  0.04075862
4.3	  0.04075862
4.4	  0.04075862
4.5	  0.04075862
4.6	  0.04075862
4.7	  0.04075862
4.8	  0.04075862
4.9	  0.04075862
5.0	  0.04075862
5.1	  0.04075862
5.2	  0.04075862
5.3	  0.04075862
5.4	  0.04075862
5.5	  0.04075862
5.6	  0.04075862
5.7	  0.04075862
5.8	  0.04075862
5.9	  0.04075862
6.0	  0.04075862
6.1	  0.036689654
6.2	  0.02848276
6.3	  0.02489655
6.4	  0.021448275
6.5	  0.018344827
6.6	  0.017103449
6.7	  0.01475862
6.8	  0.012551724
6.9	  0.010413793
7.0	  0.0082068965
7.1	  0.007034483
7.2	  0.0053793103
7.3	  0.0040689656
7.4	  0.0036551724
7.5	  0.0028965517
7.6	  0.0014482759
7.7	  5.5172417E-4
7.8	  4.137931E-4
7.9	  1.3793104E-4
8.0	  6.896552E-5
8.1	  0.0
8.2	  0.0
8.3	  0.0
8.4	  0.0
8.5	  0.0
8.6	  0.0
8.7	  0.0
8.8	  0.0
8.9	  0.0
9.0	  0.0



DATASET #9

     Name: Primary
   Points: 66
     Info: 

Data[x,y]:
2.5	  471.97662
2.6	  374.7911
2.7	  297.68655
2.8	  236.424
2.9	  187.8378
3.0	  149.27124
3.1	  118.57179
3.2	  94.234344
3.3	  74.88076
3.4	  59.466
3.5	  47.19338
3.6	  37.491863
3.7	  29.772621
3.8	  23.616896
3.9	  18.753311
4.0	  14.867311
4.1	  11.808276
4.2	  9.383724
4.3	  7.4526896
4.4	  5.913379
4.5	  4.6795864
4.6	  3.692069
4.7	  2.9222758
4.8	  2.3102758
4.9	  1.8216552
5.0	  1.447931
5.1	  1.1426207
5.2	  0.8985517
5.3	  0.70496553
5.4	  0.5521379
5.5	  0.42965516
5.6	  0.33096552
5.7	  0.2542069
5.8	  0.1926207
5.9	  0.146
6.0	  0.11103448
6.1	  0.082
6.2	  0.05386207
6.3	  0.04048276
6.4	  0.031034483
6.5	  0.024137931
6.6	  0.020965517
6.7	  0.016965518
6.8	  0.013655173
6.9	  0.011034483
7.0	  0.008344827
7.1	  0.006965517
7.2	  0.005310345
7.3	  0.004
7.4	  0.0035172415
7.5	  0.0027586208
7.6	  0.0014482759
7.7	  5.5172417E-4
7.8	  4.137931E-4
7.9	  1.3793104E-4
8.0	  6.896552E-5
8.1	  0.0
8.2	  0.0
8.3	  0.0
8.4	  0.0
8.5	  0.0
8.6	  0.0
8.7	  0.0
8.8	  0.0
8.9	  0.0
9.0	  0.0


