
X-Axis: Magnitude
Y-Axis: 1 Month Cumulative Number
Number of Data Sets: 9


DATASET #1

     Name: Mean
   Points: 66
     Info: 

Data[x,y]:
2.5	  107.88248
2.6	  85.69793
2.7	  68.06844
2.8	  54.08619
2.9	  42.96833
3.0	  34.14841
3.1	  27.123499
3.2	  21.54313
3.3	  17.106792
3.4	  13.574966
3.5	  10.783112
3.6	  8.560932
3.7	  6.798389
3.8	  5.3954635
3.9	  4.2902675
4.0	  3.4025543
4.1	  2.7042193
4.2	  2.1434352
4.3	  1.7053331
4.4	  1.3528986
4.5	  1.0710586
4.6	  0.8479887
4.7	  0.6716972
4.8	  0.5306566
4.9	  0.41888958
5.0	  0.3293423
5.1	  0.25876632
5.2	  0.20404299
5.3	  0.15999332
5.4	  0.12498376
5.5	  0.0964712
5.6	  0.07384307
5.7	  0.056913737
5.8	  0.04284309
5.9	  0.03267064
6.0	  0.025134116
6.1	  0.017783223
6.2	  0.011249095
6.3	  0.008408977
6.4	  0.0064227507
6.5	  0.0050676614
6.6	  0.00421377
6.7	  0.0035826326
6.8	  0.0030628724
6.9	  0.0023203578
7.0	  0.0017820349
7.1	  0.0015035919
7.2	  0.0011137718
7.3	  7.610774E-4
7.4	  6.1257445E-4
7.5	  5.011973E-4
7.6	  2.2275436E-4
7.7	  7.425145E-5
7.8	  0.0
7.9	  0.0
8.0	  0.0
8.1	  0.0
8.2	  0.0
8.3	  0.0
8.4	  0.0
8.5	  0.0
8.6	  0.0
8.7	  0.0
8.8	  0.0
8.9	  0.0
9.0	  0.0



DATASET #2

     Name: 2.5%,97.5%
   Points: 66
     Info: 

Data[x,y]:
2.5	  81.0
2.6	  63.0
2.7	  48.0
2.8	  37.0
2.9	  28.0
3.0	  21.0
3.1	  16.0
3.2	  12.0
3.3	  9.0
3.4	  6.0
3.5	  4.0
3.6	  3.0
3.7	  2.0
3.8	  1.0
3.9	  1.0
4.0	  0.0
4.1	  0.0
4.2	  0.0
4.3	  0.0
4.4	  0.0
4.5	  0.0
4.6	  0.0
4.7	  0.0
4.8	  0.0
4.9	  0.0
5.0	  0.0
5.1	  0.0
5.2	  0.0
5.3	  0.0
5.4	  0.0
5.5	  0.0
5.6	  0.0
5.7	  0.0
5.8	  0.0
5.9	  0.0
6.0	  0.0
6.1	  0.0
6.2	  0.0
6.3	  0.0
6.4	  0.0
6.5	  0.0
6.6	  0.0
6.7	  0.0
6.8	  0.0
6.9	  0.0
7.0	  0.0
7.1	  0.0
7.2	  0.0
7.3	  0.0
7.4	  0.0
7.5	  0.0
7.6	  0.0
7.7	  0.0
7.8	  0.0
7.9	  0.0
8.0	  0.0
8.1	  0.0
8.2	  0.0
8.3	  0.0
8.4	  0.0
8.5	  0.0
8.6	  0.0
8.7	  0.0
8.8	  0.0
8.9	  0.0
9.0	  0.0



DATASET #3

     Name: null
   Points: 66
     Info: 

Data[x,y]:
2.5	  148.0
2.6	  119.0
2.7	  96.0
2.8	  77.0
2.9	  63.0
3.0	  51.0
3.1	  42.0
3.2	  34.0
3.3	  28.0
3.4	  23.0
3.5	  19.0
3.6	  16.0
3.7	  13.0
3.8	  11.0
3.9	  9.0
4.0	  8.0
4.1	  7.0
4.2	  6.0
4.3	  5.0
4.4	  4.0
4.5	  4.0
4.6	  3.0
4.7	  3.0
4.8	  2.0
4.9	  2.0
5.0	  2.0
5.1	  2.0
5.2	  1.0
5.3	  1.0
5.4	  1.0
5.5	  1.0
5.6	  1.0
5.7	  1.0
5.8	  1.0
5.9	  1.0
6.0	  0.0
6.1	  0.0
6.2	  0.0
6.3	  0.0
6.4	  0.0
6.5	  0.0
6.6	  0.0
6.7	  0.0
6.8	  0.0
6.9	  0.0
7.0	  0.0
7.1	  0.0
7.2	  0.0
7.3	  0.0
7.4	  0.0
7.5	  0.0
7.6	  0.0
7.7	  0.0
7.8	  0.0
7.9	  0.0
8.0	  0.0
8.1	  0.0
8.2	  0.0
8.3	  0.0
8.4	  0.0
8.5	  0.0
8.6	  0.0
8.7	  0.0
8.8	  0.0
8.9	  0.0
9.0	  0.0



DATASET #4

     Name: Median
   Points: 66
     Info: 

Data[x,y]:
2.5	  103.0
2.6	  82.0
2.7	  65.0
2.8	  52.0
2.9	  41.0
3.0	  33.0
3.1	  26.0
3.2	  21.0
3.3	  16.0
3.4	  13.0
3.5	  10.0
3.6	  8.0
3.7	  6.0
3.8	  5.0
3.9	  4.0
4.0	  3.0
4.1	  2.0
4.2	  2.0
4.3	  1.0
4.4	  1.0
4.5	  1.0
4.6	  1.0
4.7	  0.0
4.8	  0.0
4.9	  0.0
5.0	  0.0
5.1	  0.0
5.2	  0.0
5.3	  0.0
5.4	  0.0
5.5	  0.0
5.6	  0.0
5.7	  0.0
5.8	  0.0
5.9	  0.0
6.0	  0.0
6.1	  0.0
6.2	  0.0
6.3	  0.0
6.4	  0.0
6.5	  0.0
6.6	  0.0
6.7	  0.0
6.8	  0.0
6.9	  0.0
7.0	  0.0
7.1	  0.0
7.2	  0.0
7.3	  0.0
7.4	  0.0
7.5	  0.0
7.6	  0.0
7.7	  0.0
7.8	  0.0
7.9	  0.0
8.0	  0.0
8.1	  0.0
8.2	  0.0
8.3	  0.0
8.4	  0.0
8.5	  0.0
8.6	  0.0
8.7	  0.0
8.8	  0.0
8.9	  0.0
9.0	  0.0



DATASET #5

     Name: Mode
   Points: 66
     Info: 

Data[x,y]:
2.5	  101.0
2.6	  81.0
2.7	  65.0
2.8	  50.0
2.9	  40.0
3.0	  32.0
3.1	  25.0
3.2	  21.0
3.3	  15.0
3.4	  12.0
3.5	  10.0
3.6	  8.0
3.7	  6.0
3.8	  5.0
3.9	  3.0
4.0	  3.0
4.1	  2.0
4.2	  1.0
4.3	  1.0
4.4	  1.0
4.5	  0.0
4.6	  0.0
4.7	  0.0
4.8	  0.0
4.9	  0.0
5.0	  0.0
5.1	  0.0
5.2	  0.0
5.3	  0.0
5.4	  0.0
5.5	  0.0
5.6	  0.0
5.7	  0.0
5.8	  0.0
5.9	  0.0
6.0	  0.0
6.1	  0.0
6.2	  0.0
6.3	  0.0
6.4	  0.0
6.5	  0.0
6.6	  0.0
6.7	  0.0
6.8	  0.0
6.9	  0.0
7.0	  0.0
7.1	  0.0
7.2	  0.0
7.3	  0.0
7.4	  0.0
7.5	  0.0
7.6	  0.0
7.7	  0.0
7.8	  0.0
7.9	  0.0
8.0	  0.0
8.1	  0.0
8.2	  0.0
8.3	  0.0
8.4	  0.0
8.5	  0.0
8.6	  0.0
8.7	  0.0
8.8	  0.0
8.9	  0.0
9.0	  0.0



DATASET #6

     Name: 1 mo Prob
   Points: 66
     Info: 

Data[x,y]:
2.5	  1.0
2.6	  1.0
2.7	  1.0
2.8	  1.0
2.9	  1.0
3.0	  1.0
3.1	  1.0
3.2	  1.0
3.3	  1.0
3.4	  1.0
3.5	  0.99987006
3.6	  0.9994988
3.7	  0.99767965
3.8	  0.9921293
3.9	  0.97993356
4.0	  0.9559318
4.1	  0.91600305
4.2	  0.86101985
4.3	  0.79302406
4.4	  0.71517146
4.5	  0.63098884
4.6	  0.54580384
4.7	  0.46436858
4.8	  0.39041415
4.9	  0.32329082
5.0	  0.26494774
5.1	  0.2147909
5.2	  0.17406397
5.3	  0.13957417
5.4	  0.111432865
5.5	  0.08733827
5.6	  0.06794008
5.7	  0.052885596
5.8	  0.0403371
5.9	  0.031148484
6.0	  0.024205973
6.1	  0.01711496
6.2	  0.010914964
6.3	  0.008204785
6.4	  0.0062742475
6.5	  0.0049377214
6.6	  0.0041395184
6.7	  0.003508381
6.8	  0.002988621
6.9	  0.002283232
7.0	  0.0017449091
7.1	  0.001485029
7.2	  0.0010952089
7.3	  7.425145E-4
7.4	  5.940116E-4
7.5	  4.8263444E-4
7.6	  2.2275436E-4
7.7	  7.425145E-5
7.8	  0.0
7.9	  0.0
8.0	  0.0
8.1	  0.0
8.2	  0.0
8.3	  0.0
8.4	  0.0
8.5	  0.0
8.6	  0.0
8.7	  0.0
8.8	  0.0
8.9	  0.0
9.0	  0.0



DATASET #7

Name: 95% Conf
Num Points: 66
Info: 

X, Y Data:
2.5	1.0	[1.0	1.0]
2.6	1.0	[1.0	1.0]
2.7	1.0	[1.0	1.0]
2.8	1.0	[1.0	1.0]
2.9	1.0	[1.0	1.0]
3.0	1.0	[1.0	1.0]
3.1	1.0	[1.0	1.0]
3.2	1.0	[1.0	1.0]
3.3	1.0	[1.0	1.0]
3.4	1.0	[1.0	1.0]
3.5	0.99987006	[0.9997193	0.9999431]
3.6	0.9994988	[0.9992599	0.99966305]
3.7	0.99767965	[0.99722624	0.99806046]
3.8	0.9921293	[0.99133754	0.9928501]
3.9	0.97993356	[0.97870517	0.98109293]
4.0	0.9559318	[0.95415634	0.95764184]
4.1	0.91600305	[0.9136215	0.918325]
4.2	0.86101985	[0.8580635	0.8639245]
4.3	0.79302406	[0.78957266	0.79643357]
4.4	0.71517146	[0.71133554	0.71897656]
4.5	0.63098884	[0.6268955	0.63506347]
4.6	0.54580384	[0.54158694	0.55001426]
4.7	0.46436858	[0.46015045	0.4685918]
4.8	0.39041415	[0.3862932	0.39455074]
4.9	0.32329082	[0.3193445	0.32726243]
5.0	0.26494774	[0.2612287	0.2687004]
5.1	0.2147909	[0.21133406	0.2182885]
5.2	0.17406397	[0.17087613	0.17729841]
5.3	0.13957417	[0.13666423	0.14253567]
5.4	0.111432865	[0.1087941	0.11412724]
5.5	0.08733827	[0.084974274	0.08976135]
5.6	0.06794008	[0.06583657	0.07010547]
5.7	0.052885596	[0.051018212	0.05481706]
5.8	0.0403371	[0.038699057	0.042041067]
5.9	0.031148484	[0.029705534	0.032658722]
6.0	0.024205973	[0.022932632	0.025547653]
6.1	0.01711496	[0.016044639	0.018254729]
6.2	0.010914964	[0.010062846	0.011837567]
6.3	0.008204785	[0.0074684513	0.00901211]
6.4	0.0062742475	[0.0056329616	0.006986924]
6.5	0.0049377214	[0.0043713385	0.0055758115]
6.6	0.0041395184	[0.003622876	0.0047280844]
6.7	0.003508381	[0.0030346161	0.0040542646]
6.8	0.002988621	[0.0025531873	0.0034963572]
6.9	0.002283232	[0.0019056629	0.00273341]
7.0	0.0017449091	[0.0014178749	0.0021448624]
7.1	0.001485029	[0.0011852003	0.0018579692]
7.2	0.0010952089	[8.4111997E-4	0.001422793]
7.3	7.425145E-4	[5.37505E-4	0.0010215632]
7.4	5.940116E-4	[4.1312526E-4	8.4928493E-4]
7.5	4.8263444E-4	[3.2187425E-4	7.181327E-4]
7.6	2.2275436E-4	[1.2070236E-4	4.011326E-4]
7.7	7.425145E-5	[2.3785728E-5	2.041894E-4]
7.8	0.0	[0.0	8.8898596E-5]
7.9	0.0	[0.0	8.8898596E-5]
8.0	0.0	[0.0	8.8898596E-5]
8.1	0.0	[0.0	8.8898596E-5]
8.2	0.0	[0.0	8.8898596E-5]
8.3	0.0	[0.0	8.8898596E-5]
8.4	0.0	[0.0	0.0]
8.5	0.0	[0.0	0.0]
8.6	0.0	[0.0	0.0]
8.7	0.0	[0.0	0.0]
8.8	0.0	[0.0	0.0]
8.9	0.0	[0.0	0.0]
9.0	0.0	[0.0	0.0]



DATASET #8

     Name: Supra
   Points: 66
     Info: 

Data[x,y]:
2.5	  0.007814965
2.6	  0.007814965
2.7	  0.007814965
2.8	  0.007814965
2.9	  0.007814965
3.0	  0.007814965
3.1	  0.007814965
3.2	  0.007814965
3.3	  0.007814965
3.4	  0.007814965
3.5	  0.007814965
3.6	  0.007814965
3.7	  0.007814965
3.8	  0.007814965
3.9	  0.007814965
4.0	  0.007814965
4.1	  0.007814965
4.2	  0.007814965
4.3	  0.007814965
4.4	  0.007814965
4.5	  0.007814965
4.6	  0.007814965
4.7	  0.007814965
4.8	  0.007814965
4.9	  0.007814965
5.0	  0.007814965
5.1	  0.007814965
5.2	  0.007814965
5.3	  0.007814965
5.4	  0.007814965
5.5	  0.007814965
5.6	  0.007814965
5.7	  0.007814965
5.8	  0.007814965
5.9	  0.007814965
6.0	  0.007814965
6.1	  0.0067197564
6.2	  0.0050676614
6.3	  0.0043251473
6.4	  0.0037868242
6.5	  0.0034341298
6.6	  0.003118561
6.7	  0.0026916151
6.8	  0.0023946094
6.9	  0.001763472
7.0	  0.0015035919
7.1	  0.0013365261
7.2	  9.838317E-4
7.3	  6.6826306E-4
7.4	  5.7544874E-4
7.5	  4.6407158E-4
7.6	  2.2275436E-4
7.7	  7.425145E-5
7.8	  0.0
7.9	  0.0
8.0	  0.0
8.1	  0.0
8.2	  0.0
8.3	  0.0
8.4	  0.0
8.5	  0.0
8.6	  0.0
8.7	  0.0
8.8	  0.0
8.9	  0.0
9.0	  0.0



DATASET #9

     Name: Primary
   Points: 66
     Info: 

Data[x,y]:
2.5	  94.5559
2.6	  75.11667
2.7	  59.66854
2.8	  47.415047
2.9	  37.669247
3.0	  29.941788
3.1	  23.778526
3.2	  18.885895
3.3	  14.996826
3.4	  11.896326
3.5	  9.450354
3.6	  7.5003805
3.7	  5.9608693
3.8	  4.731488
3.9	  3.7612631
4.0	  2.9832006
4.1	  2.3720555
4.2	  1.8795642
4.3	  1.4949973
4.4	  1.1871693
4.5	  0.939021
4.6	  0.74373966
4.7	  0.5889811
4.8	  0.4647213
4.9	  0.36611536
5.0	  0.28809562
5.1	  0.2261328
5.2	  0.17811067
5.3	  0.13953704
5.4	  0.10911251
5.5	  0.08401552
5.6	  0.064357445
5.7	  0.049544282
5.8	  0.037237104
5.9	  0.028512558
6.0	  0.021959867
6.1	  0.015555679
6.2	  0.009819754
6.3	  0.007313768
6.4	  0.0055317334
6.5	  0.0043251473
6.6	  0.003638321
6.7	  0.0030628724
6.8	  0.002580238
6.9	  0.0019119749
7.0	  0.0014479033
7.1	  0.0012437118
7.2	  9.0958027E-4
7.3	  6.3113734E-4
7.4	  5.011973E-4
7.5	  3.8982014E-4
7.6	  2.041915E-4
7.7	  7.425145E-5
7.8	  0.0
7.9	  0.0
8.0	  0.0
8.1	  0.0
8.2	  0.0
8.3	  0.0
8.4	  0.0
8.5	  0.0
8.6	  0.0
8.7	  0.0
8.8	  0.0
8.9	  0.0
9.0	  0.0


