
X-Axis: Magnitude
Y-Axis: 1 Week Cumulative Number
Number of Data Sets: 9


DATASET #1

     Name: Mean
   Points: 66
     Info: 

Data[x,y]:
2.5	  33.874367
2.6	  26.919308
2.7	  21.387556
2.8	  17.00295
2.9	  13.50697
3.0	  10.740138
3.1	  8.53294
3.2	  6.778229
3.3	  5.380409
3.4	  4.2678623
3.5	  3.388632
3.6	  2.693917
3.7	  2.1408737
3.8	  1.7025858
3.9	  1.3542908
4.0	  1.0765532
4.1	  0.85769707
4.2	  0.67878824
4.3	  0.53895414
4.4	  0.42880213
4.5	  0.33903214
4.6	  0.26931003
4.7	  0.21388131
4.8	  0.16871786
4.9	  0.13352267
5.0	  0.10534425
5.1	  0.08273468
5.2	  0.06530415
5.3	  0.051196378
5.4	  0.03976165
5.5	  0.0307401
5.6	  0.0235934
5.7	  0.01828442
5.8	  0.0136622675
5.9	  0.010580832
6.0	  0.007963468
6.1	  0.0053461045
6.2	  0.0032856269
6.3	  0.0024502978
6.4	  0.0017820349
6.5	  0.0013922148
6.6	  0.0011694604
6.7	  9.838317E-4
6.8	  8.7245455E-4
6.9	  7.2395167E-4
7.0	  5.197602E-4
7.1	  4.2694586E-4
7.2	  2.598801E-4
7.3	  1.485029E-4
7.4	  7.425145E-5
7.5	  3.7125727E-5
7.6	  1.8562863E-5
7.7	  1.8562863E-5
7.8	  0.0
7.9	  0.0
8.0	  0.0
8.1	  0.0
8.2	  0.0
8.3	  0.0
8.4	  0.0
8.5	  0.0
8.6	  0.0
8.7	  0.0
8.8	  0.0
8.9	  0.0
9.0	  0.0



DATASET #2

     Name: 2.5%,97.5%
   Points: 66
     Info: 

Data[x,y]:
2.5	  21.0
2.6	  16.0
2.7	  12.0
2.8	  8.0
2.9	  6.0
3.0	  4.0
3.1	  3.0
3.2	  2.0
3.3	  1.0
3.4	  1.0
3.5	  0.0
3.6	  0.0
3.7	  0.0
3.8	  0.0
3.9	  0.0
4.0	  0.0
4.1	  0.0
4.2	  0.0
4.3	  0.0
4.4	  0.0
4.5	  0.0
4.6	  0.0
4.7	  0.0
4.8	  0.0
4.9	  0.0
5.0	  0.0
5.1	  0.0
5.2	  0.0
5.3	  0.0
5.4	  0.0
5.5	  0.0
5.6	  0.0
5.7	  0.0
5.8	  0.0
5.9	  0.0
6.0	  0.0
6.1	  0.0
6.2	  0.0
6.3	  0.0
6.4	  0.0
6.5	  0.0
6.6	  0.0
6.7	  0.0
6.8	  0.0
6.9	  0.0
7.0	  0.0
7.1	  0.0
7.2	  0.0
7.3	  0.0
7.4	  0.0
7.5	  0.0
7.6	  0.0
7.7	  0.0
7.8	  0.0
7.9	  0.0
8.0	  0.0
8.1	  0.0
8.2	  0.0
8.3	  0.0
8.4	  0.0
8.5	  0.0
8.6	  0.0
8.7	  0.0
8.8	  0.0
8.9	  0.0
9.0	  0.0



DATASET #3

     Name: null
   Points: 66
     Info: 

Data[x,y]:
2.5	  51.0
2.6	  41.0
2.7	  34.0
2.8	  28.0
2.9	  23.0
3.0	  19.0
3.1	  16.0
3.2	  13.0
3.3	  11.0
3.4	  9.0
3.5	  8.0
3.6	  7.0
3.7	  6.0
3.8	  5.0
3.9	  4.0
4.0	  4.0
4.1	  3.0
4.2	  3.0
4.3	  2.0
4.4	  2.0
4.5	  2.0
4.6	  2.0
4.7	  2.0
4.8	  1.0
4.9	  1.0
5.0	  1.0
5.1	  1.0
5.2	  1.0
5.3	  1.0
5.4	  1.0
5.5	  1.0
5.6	  0.0
5.7	  0.0
5.8	  0.0
5.9	  0.0
6.0	  0.0
6.1	  0.0
6.2	  0.0
6.3	  0.0
6.4	  0.0
6.5	  0.0
6.6	  0.0
6.7	  0.0
6.8	  0.0
6.9	  0.0
7.0	  0.0
7.1	  0.0
7.2	  0.0
7.3	  0.0
7.4	  0.0
7.5	  0.0
7.6	  0.0
7.7	  0.0
7.8	  0.0
7.9	  0.0
8.0	  0.0
8.1	  0.0
8.2	  0.0
8.3	  0.0
8.4	  0.0
8.5	  0.0
8.6	  0.0
8.7	  0.0
8.8	  0.0
8.9	  0.0
9.0	  0.0



DATASET #4

     Name: Median
   Points: 66
     Info: 

Data[x,y]:
2.5	  32.0
2.6	  26.0
2.7	  20.0
2.8	  16.0
2.9	  13.0
3.0	  10.0
3.1	  8.0
3.2	  6.0
3.3	  5.0
3.4	  4.0
3.5	  3.0
3.6	  2.0
3.7	  2.0
3.8	  1.0
3.9	  1.0
4.0	  1.0
4.1	  1.0
4.2	  0.0
4.3	  0.0
4.4	  0.0
4.5	  0.0
4.6	  0.0
4.7	  0.0
4.8	  0.0
4.9	  0.0
5.0	  0.0
5.1	  0.0
5.2	  0.0
5.3	  0.0
5.4	  0.0
5.5	  0.0
5.6	  0.0
5.7	  0.0
5.8	  0.0
5.9	  0.0
6.0	  0.0
6.1	  0.0
6.2	  0.0
6.3	  0.0
6.4	  0.0
6.5	  0.0
6.6	  0.0
6.7	  0.0
6.8	  0.0
6.9	  0.0
7.0	  0.0
7.1	  0.0
7.2	  0.0
7.3	  0.0
7.4	  0.0
7.5	  0.0
7.6	  0.0
7.7	  0.0
7.8	  0.0
7.9	  0.0
8.0	  0.0
8.1	  0.0
8.2	  0.0
8.3	  0.0
8.4	  0.0
8.5	  0.0
8.6	  0.0
8.7	  0.0
8.8	  0.0
8.9	  0.0
9.0	  0.0



DATASET #5

     Name: Mode
   Points: 66
     Info: 

Data[x,y]:
2.5	  31.0
2.6	  25.0
2.7	  19.0
2.8	  15.0
2.9	  13.0
3.0	  9.0
3.1	  7.0
3.2	  6.0
3.3	  5.0
3.4	  3.0
3.5	  3.0
3.6	  2.0
3.7	  1.0
3.8	  1.0
3.9	  1.0
4.0	  0.0
4.1	  0.0
4.2	  0.0
4.3	  0.0
4.4	  0.0
4.5	  0.0
4.6	  0.0
4.7	  0.0
4.8	  0.0
4.9	  0.0
5.0	  0.0
5.1	  0.0
5.2	  0.0
5.3	  0.0
5.4	  0.0
5.5	  0.0
5.6	  0.0
5.7	  0.0
5.8	  0.0
5.9	  0.0
6.0	  0.0
6.1	  0.0
6.2	  0.0
6.3	  0.0
6.4	  0.0
6.5	  0.0
6.6	  0.0
6.7	  0.0
6.8	  0.0
6.9	  0.0
7.0	  0.0
7.1	  0.0
7.2	  0.0
7.3	  0.0
7.4	  0.0
7.5	  0.0
7.6	  0.0
7.7	  0.0
7.8	  0.0
7.9	  0.0
8.0	  0.0
8.1	  0.0
8.2	  0.0
8.3	  0.0
8.4	  0.0
8.5	  0.0
8.6	  0.0
8.7	  0.0
8.8	  0.0
8.9	  0.0
9.0	  0.0



DATASET #6

     Name: 1 wk Prob
   Points: 66
     Info: 

Data[x,y]:
2.5	  1.0
2.6	  1.0
2.7	  1.0
2.8	  1.0
2.9	  0.99998146
3.0	  0.9998515
3.1	  0.9994246
3.2	  0.9975311
3.3	  0.9922222
3.4	  0.97982216
3.5	  0.95608026
3.6	  0.9160216
3.7	  0.8613354
3.8	  0.79337674
3.9	  0.71647084
4.0	  0.6351655
4.1	  0.55237514
4.2	  0.47112545
4.3	  0.396577
4.4	  0.33127287
4.5	  0.27259564
4.6	  0.22342262
4.7	  0.1821945
4.8	  0.14701788
4.9	  0.118171185
5.0	  0.0950233
5.1	  0.07558798
5.2	  0.060310744
5.3	  0.047502365
5.4	  0.03716285
5.5	  0.029013755
5.6	  0.022479627
5.7	  0.017541906
5.8	  0.013253884
5.9	  0.0103580775
6.0	  0.007833528
6.1	  0.0052532903
6.2	  0.003248501
6.3	  0.0024131723
6.4	  0.0017449091
6.5	  0.001355089
6.6	  0.0011508975
6.7	  9.652689E-4
6.8	  8.538917E-4
6.9	  7.053888E-4
7.0	  5.011973E-4
7.1	  4.2694586E-4
7.2	  2.598801E-4
7.3	  1.485029E-4
7.4	  7.425145E-5
7.5	  3.7125727E-5
7.6	  1.8562863E-5
7.7	  1.8562863E-5
7.8	  0.0
7.9	  0.0
8.0	  0.0
8.1	  0.0
8.2	  0.0
8.3	  0.0
8.4	  0.0
8.5	  0.0
8.6	  0.0
8.7	  0.0
8.8	  0.0
8.9	  0.0
9.0	  0.0



DATASET #7

Name: 95% Conf
Num Points: 66
Info: 

X, Y Data:
2.5	1.0	[1.0	1.0]
2.6	1.0	[1.0	1.0]
2.7	1.0	[1.0	1.0]
2.8	1.0	[1.0	1.0]
2.9	0.99998146	[0.9998794	0.99999905]
3.0	0.9998515	[0.9996947	0.999931]
3.1	0.9994246	[0.99917245	0.9996022]
3.2	0.9975311	[0.99706507	0.99792475]
3.3	0.9922222	[0.9914347	0.9929386]
3.4	0.97982216	[0.97859055	0.9809848]
3.5	0.95608026	[0.9543076	0.9577875]
3.6	0.9160216	[0.91364026	0.91834337]
3.7	0.8613354	[0.85838187	0.86423725]
3.8	0.79337674	[0.7899275	0.7967841]
3.9	0.71647084	[0.7126401	0.7202706]
4.0	0.6351655	[0.6310816	0.6392301]
4.1	0.55237514	[0.5481632	0.5565796]
4.2	0.47112545	[0.46690315	0.4753519]
4.3	0.396577	[0.39244428	0.40072453]
4.4	0.33127287	[0.32730114	0.3352687]
4.5	0.27259564	[0.2688424	0.2763814]
4.6	0.22342262	[0.21991569	0.22696911]
4.7	0.1821945	[0.17894833	0.18548612]
4.8	0.14701788	[0.14404342	0.15004283]
4.9	0.118171185	[0.11546318	0.12093383]
5.0	0.0950233	[0.09256657	0.097537994]
5.1	0.07558798	[0.07337674	0.07786]
5.2	0.060310744	[0.058322452	0.062362026]
5.3	0.047502365	[0.045729037	0.04934056]
5.4	0.03716285	[0.0355891	0.038802996]
5.5	0.029013755	[0.027620548	0.03047457]
5.6	0.022479627	[0.021252427	0.023775432]
5.7	0.017541906	[0.016458223	0.018694969]
5.8	0.013253884	[0.012313332	0.014264519]
5.9	0.0103580775	[0.0095284255	0.011258316]
6.0	0.007833528	[0.007114505	0.008623615]
6.1	0.0052532903	[0.0046683764	0.005909832]
6.2	0.003248501	[0.0027935156	0.003775694]
6.3	0.0024131723	[0.0020243316	0.0028745583]
6.4	0.0017449091	[0.0014178749	0.0021448624]
6.5	0.001355089	[0.0010697569	0.0017136446]
6.6	0.0011508975	[8.8982645E-4	0.001485399]
6.7	9.652689E-4	[7.281928E-4	0.0012760093]
6.8	8.538917E-4	[6.3232856E-4	0.0011492901]
6.9	7.053888E-4	[5.0616765E-4	9.787265E-4]
7.0	5.011973E-4	[3.369349E-4	7.401318E-4]
7.1	4.2694586E-4	[2.7711E-4	6.5174076E-4]
7.2	2.598801E-4	[1.47906E-4	4.4782483E-4]
7.3	1.485029E-4	[6.905163E-5	3.053168E-4]
7.4	7.425145E-5	[2.3785728E-5	2.041894E-4]
7.5	3.7125727E-5	[6.430391E-6	1.497315E-4]
7.6	1.8562863E-5	[9.68956E-7	1.2056024E-4]
7.7	1.8562863E-5	[9.68956E-7	1.2056024E-4]
7.8	0.0	[0.0	8.8898596E-5]
7.9	0.0	[0.0	8.8898596E-5]
8.0	0.0	[0.0	8.8898596E-5]
8.1	0.0	[0.0	8.8898596E-5]
8.2	0.0	[0.0	8.8898596E-5]
8.3	0.0	[0.0	8.8898596E-5]
8.4	0.0	[0.0	0.0]
8.5	0.0	[0.0	0.0]
8.6	0.0	[0.0	0.0]
8.7	0.0	[0.0	0.0]
8.8	0.0	[0.0	0.0]
8.9	0.0	[0.0	0.0]
9.0	0.0	[0.0	0.0]



DATASET #8

     Name: Supra
   Points: 66
     Info: 

Data[x,y]:
2.5	  0.0026359265
2.6	  0.0026359265
2.7	  0.0026359265
2.8	  0.0026359265
2.9	  0.0026359265
3.0	  0.0026359265
3.1	  0.0026359265
3.2	  0.0026359265
3.3	  0.0026359265
3.4	  0.0026359265
3.5	  0.0026359265
3.6	  0.0026359265
3.7	  0.0026359265
3.8	  0.0026359265
3.9	  0.0026359265
4.0	  0.0026359265
4.1	  0.0026359265
4.2	  0.0026359265
4.3	  0.0026359265
4.4	  0.0026359265
4.5	  0.0026359265
4.6	  0.0026359265
4.7	  0.0026359265
4.8	  0.0026359265
4.9	  0.0026359265
5.0	  0.0026359265
5.1	  0.0026359265
5.2	  0.0026359265
5.3	  0.0026359265
5.4	  0.0026359265
5.5	  0.0026359265
5.6	  0.0026359265
5.7	  0.0026359265
5.8	  0.0026359265
5.9	  0.0026359265
6.0	  0.0026359265
6.1	  0.002153292
6.2	  0.0015778433
6.3	  0.0012994005
6.4	  0.0010952089
6.5	  9.4670604E-4
6.6	  8.9101744E-4
6.7	  7.796403E-4
6.8	  7.2395167E-4
6.9	  5.940116E-4
7.0	  4.6407158E-4
7.1	  3.8982014E-4
7.2	  2.2275436E-4
7.3	  1.2994005E-4
7.4	  7.425145E-5
7.5	  3.7125727E-5
7.6	  1.8562863E-5
7.7	  1.8562863E-5
7.8	  0.0
7.9	  0.0
8.0	  0.0
8.1	  0.0
8.2	  0.0
8.3	  0.0
8.4	  0.0
8.5	  0.0
8.6	  0.0
8.7	  0.0
8.8	  0.0
8.9	  0.0
9.0	  0.0



DATASET #9

     Name: Primary
   Points: 66
     Info: 

Data[x,y]:
2.5	  30.212841
2.6	  24.008223
2.7	  19.078094
2.8	  15.165395
2.9	  12.043882
3.0	  9.575857
3.1	  7.605762
3.2	  6.0429173
3.3	  4.7957344
3.4	  3.804236
3.5	  3.021533
3.6	  2.401459
3.7	  1.9094318
3.8	  1.5195931
3.9	  1.2082753
4.0	  0.9615377
4.1	  0.76575524
4.2	  0.6052607
4.3	  0.47960868
4.4	  0.38170815
4.5	  0.30177647
4.6	  0.23996213
4.7	  0.19039929
4.8	  0.15013644
4.9	  0.11852388
5.0	  0.0938724
5.1	  0.07373169
5.2	  0.05828739
5.3	  0.045608956
5.4	  0.035547882
5.5	  0.027398786
5.6	  0.021031724
5.7	  0.016298193
5.8	  0.012195801
5.9	  0.009392809
6.0	  0.0069610737
6.1	  0.004622153
6.2	  0.0028029922
6.3	  0.0020604779
6.4	  0.0015035919
6.5	  0.0012065861
6.6	  0.0010395204
6.7	  8.9101744E-4
6.8	  7.796403E-4
6.9	  6.3113734E-4
7.0	  4.4550872E-4
7.1	  3.8982014E-4
7.2	  2.4131722E-4
7.3	  1.485029E-4
7.4	  7.425145E-5
7.5	  3.7125727E-5
7.6	  1.8562863E-5
7.7	  1.8562863E-5
7.8	  0.0
7.9	  0.0
8.0	  0.0
8.1	  0.0
8.2	  0.0
8.3	  0.0
8.4	  0.0
8.5	  0.0
8.6	  0.0
8.7	  0.0
8.8	  0.0
8.9	  0.0
9.0	  0.0


