
X-Axis: Magnitude
Y-Axis: 1 Year Cumulative Number
Number of Data Sets: 9


DATASET #1

     Name: Mean
   Points: 66
     Info: 

Data[x,y]:
2.5	  347.44327
2.6	  275.94376
2.7	  219.1342
2.8	  174.04663
2.9	  138.24428
3.0	  109.85712
3.1	  87.283356
3.2	  69.34397
3.3	  55.063187
3.4	  43.71456
3.5	  34.712074
3.6	  27.567614
3.7	  21.90141
3.8	  17.390945
3.9	  13.809688
4.0	  10.959378
4.1	  8.703911
4.2	  6.9042764
4.3	  5.4793267
4.4	  4.344715
4.5	  3.439525
4.6	  2.7239852
4.7	  2.1575382
4.8	  1.7038006
4.9	  1.3474883
5.0	  1.0623031
5.1	  0.83609605
5.2	  0.65727025
5.3	  0.51550484
5.4	  0.40485945
5.5	  0.314509
5.6	  0.24256271
5.7	  0.18553826
5.8	  0.1401582
5.9	  0.10572923
6.0	  0.08021871
6.1	  0.058363795
6.2	  0.03843124
6.3	  0.0290716
6.4	  0.021760369
6.5	  0.01697025
6.6	  0.014732762
6.7	  0.012022564
6.8	  0.009974158
6.9	  0.0079415105
7.0	  0.00617673
7.1	  0.005231312
7.2	  0.0039707553
7.3	  0.002631413
7.4	  0.0023477876
7.5	  0.0018593218
7.6	  9.1390393E-4
7.7	  2.993823E-4
7.8	  1.7332661E-4
7.9	  1.1029875E-4
8.0	  4.7270893E-5
8.1	  1.5756965E-5
8.2	  0.0
8.3	  0.0
8.4	  0.0
8.5	  0.0
8.6	  0.0
8.7	  0.0
8.8	  0.0
8.9	  0.0
9.0	  0.0



DATASET #2

     Name: 2.5%,97.5%
   Points: 66
     Info: 

Data[x,y]:
2.5	  290.0
2.6	  227.0
2.7	  177.0
2.8	  138.0
2.9	  107.0
3.0	  83.0
3.1	  64.0
3.2	  49.0
3.3	  38.0
3.4	  29.0
3.5	  22.0
3.6	  16.0
3.7	  12.0
3.8	  9.0
3.9	  6.0
4.0	  4.0
4.1	  3.0
4.2	  2.0
4.3	  1.0
4.4	  1.0
4.5	  0.0
4.6	  0.0
4.7	  0.0
4.8	  0.0
4.9	  0.0
5.0	  0.0
5.1	  0.0
5.2	  0.0
5.3	  0.0
5.4	  0.0
5.5	  0.0
5.6	  0.0
5.7	  0.0
5.8	  0.0
5.9	  0.0
6.0	  0.0
6.1	  0.0
6.2	  0.0
6.3	  0.0
6.4	  0.0
6.5	  0.0
6.6	  0.0
6.7	  0.0
6.8	  0.0
6.9	  0.0
7.0	  0.0
7.1	  0.0
7.2	  0.0
7.3	  0.0
7.4	  0.0
7.5	  0.0
7.6	  0.0
7.7	  0.0
7.8	  0.0
7.9	  0.0
8.0	  0.0
8.1	  0.0
8.2	  0.0
8.3	  0.0
8.4	  0.0
8.5	  0.0
8.6	  0.0
8.7	  0.0
8.8	  0.0
8.9	  0.0
9.0	  0.0



DATASET #3

     Name: null
   Points: 66
     Info: 

Data[x,y]:
2.5	  451.0
2.6	  360.0
2.7	  287.0
2.8	  229.0
2.9	  183.0
3.0	  147.0
3.1	  119.0
3.2	  96.0
3.3	  77.0
3.4	  63.0
3.5	  51.0
3.6	  42.0
3.7	  35.0
3.8	  28.0
3.9	  24.0
4.0	  19.0
4.1	  16.0
4.2	  14.0
4.3	  11.0
4.4	  10.0
4.5	  8.0
4.6	  7.0
4.7	  6.0
4.8	  5.0
4.9	  4.0
5.0	  4.0
5.1	  3.0
5.2	  3.0
5.3	  2.0
5.4	  2.0
5.5	  2.0
5.6	  2.0
5.7	  1.0
5.8	  1.0
5.9	  1.0
6.0	  1.0
6.1	  1.0
6.2	  1.0
6.3	  1.0
6.4	  0.0
6.5	  0.0
6.6	  0.0
6.7	  0.0
6.8	  0.0
6.9	  0.0
7.0	  0.0
7.1	  0.0
7.2	  0.0
7.3	  0.0
7.4	  0.0
7.5	  0.0
7.6	  0.0
7.7	  0.0
7.8	  0.0
7.9	  0.0
8.0	  0.0
8.1	  0.0
8.2	  0.0
8.3	  0.0
8.4	  0.0
8.5	  0.0
8.6	  0.0
8.7	  0.0
8.8	  0.0
8.9	  0.0
9.0	  0.0



DATASET #4

     Name: Median
   Points: 66
     Info: 

Data[x,y]:
2.5	  333.0
2.6	  265.0
2.7	  211.0
2.8	  167.0
2.9	  133.0
3.0	  106.0
3.1	  84.0
3.2	  67.0
3.3	  53.0
3.4	  42.0
3.5	  33.0
3.6	  27.0
3.7	  21.0
3.8	  17.0
3.9	  13.0
4.0	  10.0
4.1	  8.0
4.2	  7.0
4.3	  5.0
4.4	  4.0
4.5	  3.0
4.6	  2.0
4.7	  2.0
4.8	  1.0
4.9	  1.0
5.0	  1.0
5.1	  1.0
5.2	  0.0
5.3	  0.0
5.4	  0.0
5.5	  0.0
5.6	  0.0
5.7	  0.0
5.8	  0.0
5.9	  0.0
6.0	  0.0
6.1	  0.0
6.2	  0.0
6.3	  0.0
6.4	  0.0
6.5	  0.0
6.6	  0.0
6.7	  0.0
6.8	  0.0
6.9	  0.0
7.0	  0.0
7.1	  0.0
7.2	  0.0
7.3	  0.0
7.4	  0.0
7.5	  0.0
7.6	  0.0
7.7	  0.0
7.8	  0.0
7.9	  0.0
8.0	  0.0
8.1	  0.0
8.2	  0.0
8.3	  0.0
8.4	  0.0
8.5	  0.0
8.6	  0.0
8.7	  0.0
8.8	  0.0
8.9	  0.0
9.0	  0.0



DATASET #5

     Name: Mode
   Points: 66
     Info: 

Data[x,y]:
2.5	  333.0
2.6	  258.0
2.7	  210.0
2.8	  166.0
2.9	  133.0
3.0	  102.0
3.1	  84.0
3.2	  64.0
3.3	  52.0
3.4	  42.0
3.5	  32.0
3.6	  25.0
3.7	  21.0
3.8	  16.0
3.9	  13.0
4.0	  10.0
4.1	  8.0
4.2	  6.0
4.3	  5.0
4.4	  4.0
4.5	  3.0
4.6	  2.0
4.7	  1.0
4.8	  1.0
4.9	  1.0
5.0	  0.0
5.1	  0.0
5.2	  0.0
5.3	  0.0
5.4	  0.0
5.5	  0.0
5.6	  0.0
5.7	  0.0
5.8	  0.0
5.9	  0.0
6.0	  0.0
6.1	  0.0
6.2	  0.0
6.3	  0.0
6.4	  0.0
6.5	  0.0
6.6	  0.0
6.7	  0.0
6.8	  0.0
6.9	  0.0
7.0	  0.0
7.1	  0.0
7.2	  0.0
7.3	  0.0
7.4	  0.0
7.5	  0.0
7.6	  0.0
7.7	  0.0
7.8	  0.0
7.9	  0.0
8.0	  0.0
8.1	  0.0
8.2	  0.0
8.3	  0.0
8.4	  0.0
8.5	  0.0
8.6	  0.0
8.7	  0.0
8.8	  0.0
8.9	  0.0
9.0	  0.0



DATASET #6

     Name: 1 yr Prob
   Points: 66
     Info: 

Data[x,y]:
2.5	  1.0
2.6	  1.0
2.7	  1.0
2.8	  1.0
2.9	  1.0
3.0	  1.0
3.1	  1.0
3.2	  1.0
3.3	  1.0
3.4	  1.0
3.5	  1.0
3.6	  1.0
3.7	  1.0
3.8	  1.0
3.9	  1.0
4.0	  0.99995273
4.1	  0.9997006
4.2	  0.9982352
4.3	  0.9933033
4.4	  0.9814068
4.5	  0.9567629
4.6	  0.9184104
4.7	  0.86239445
4.8	  0.79241776
4.9	  0.71275055
5.0	  0.6269066
5.1	  0.54070026
5.2	  0.45852765
5.3	  0.38391843
5.4	  0.3184955
5.5	  0.2580518
5.6	  0.20630594
5.7	  0.16228098
5.8	  0.12603997
5.9	  0.09714168
6.0	  0.074735284
6.1	  0.054897264
6.2	  0.036760997
6.3	  0.02803164
6.4	  0.020988276
6.5	  0.016324215
6.6	  0.014291567
6.7	  0.011675911
6.8	  0.0097220475
6.9	  0.007831211
7.0	  0.0061137024
7.1	  0.0051840413
7.2	  0.003939241
7.3	  0.002615656
7.4	  0.0023320308
7.5	  0.0018435649
7.6	  9.1390393E-4
7.7	  2.993823E-4
7.8	  1.7332661E-4
7.9	  1.1029875E-4
8.0	  4.7270893E-5
8.1	  1.5756965E-5
8.2	  0.0
8.3	  0.0
8.4	  0.0
8.5	  0.0
8.6	  0.0
8.7	  0.0
8.8	  0.0
8.9	  0.0
9.0	  0.0



DATASET #7

Name: 95% Conf
Num Points: 66
Info: 

X, Y Data:
2.5	1.0	[1.0	1.0]
2.6	1.0	[1.0	1.0]
2.7	1.0	[1.0	1.0]
2.8	1.0	[1.0	1.0]
2.9	1.0	[1.0	1.0]
3.0	1.0	[1.0	1.0]
3.1	1.0	[1.0	1.0]
3.2	1.0	[1.0	1.0]
3.3	1.0	[1.0	1.0]
3.4	1.0	[1.0	1.0]
3.5	1.0	[1.0	1.0]
3.6	1.0	[1.0	1.0]
3.7	1.0	[1.0	1.0]
3.8	1.0	[1.0	1.0]
3.9	1.0	[1.0	1.0]
4.0	0.99995273	[0.9998494	0.9999878]
4.1	0.9997006	[0.9995228	0.99981445]
4.2	0.9982352	[0.99786854	0.99854016]
4.3	0.9933033	[0.99262995	0.99391615]
4.4	0.9814068	[0.9803182	0.98243666]
4.5	0.9567629	[0.9551446	0.9583256]
4.6	0.9184104	[0.9162473	0.92052275]
4.7	0.86239445	[0.85968435	0.8650605]
4.8	0.79241776	[0.7892367	0.79556334]
4.9	0.71275055	[0.70920944	0.7162658]
5.0	0.6269066	[0.6231284	0.6306694]
5.1	0.54070026	[0.5368128	0.5445827]
5.2	0.45852765	[0.45464572	0.46241465]
5.3	0.38391843	[0.3801339	0.38771707]
5.4	0.3184955	[0.314874	0.32213908]
5.5	0.2580518	[0.25465435	0.26147863]
5.6	0.20630594	[0.20316763	0.20947988]
5.7	0.16228098	[0.15942498	0.16517797]
5.8	0.12603997	[0.12347255	0.12865278]
5.9	0.09714168	[0.094854094	0.09947821]
6.0	0.074735284	[0.07270723	0.07681502]
6.1	0.054897264	[0.05314412	0.056704532]
6.2	0.036760997	[0.035317045	0.03826133]
6.3	0.02803164	[0.026767997	0.02935277]
6.4	0.020988276	[0.019893998	0.022140952]
6.5	0.016324215	[0.015359539	0.017347911]
6.6	0.014291567	[0.013389464	0.01525297]
6.7	0.011675911	[0.0108616	0.012549893]
6.8	0.0097220475	[0.008980202	0.010523856]
6.9	0.007831211	[0.007167036	0.008555651]
7.0	0.0061137024	[0.0055289133	0.006759055]
7.1	0.0051840413	[0.0046470254	0.0057818014]
7.2	0.003939241	[0.0034736136	0.004465889]
7.3	0.002615656	[0.0022399656	0.0030527487]
7.4	0.0023320308	[0.0019784335	0.0027471348]
7.5	0.0018435649	[0.0015314501	0.0022174024]
7.6	9.1390393E-4	[7.0021977E-4	0.001190014]
7.7	2.993823E-4	[1.8553752E-4	4.77174E-4]
7.8	1.7332661E-4	[9.1165435E-5	3.2045966E-4]
7.9	1.1029875E-4	[4.833231E-5	2.3825464E-4]
8.0	4.7270893E-5	[1.22082365E-5	1.5063005E-4]
8.1	1.5756965E-5	[8.2249187E-7	1.0233793E-4]
8.2	0.0	[0.0	7.546181E-5]
8.3	0.0	[0.0	7.546181E-5]
8.4	0.0	[0.0	0.0]
8.5	0.0	[0.0	0.0]
8.6	0.0	[0.0	0.0]
8.7	0.0	[0.0	0.0]
8.8	0.0	[0.0	0.0]
8.9	0.0	[0.0	0.0]
9.0	0.0	[0.0	0.0]



DATASET #8

     Name: Supra
   Points: 66
     Info: 

Data[x,y]:
2.5	  0.025668096
2.6	  0.025668096
2.7	  0.025668096
2.8	  0.025668096
2.9	  0.025668096
3.0	  0.025668096
3.1	  0.025668096
3.2	  0.025668096
3.3	  0.025668096
3.4	  0.025668096
3.5	  0.025668096
3.6	  0.025668096
3.7	  0.025668096
3.8	  0.025668096
3.9	  0.025668096
4.0	  0.025668096
4.1	  0.025668096
4.2	  0.025668096
4.3	  0.025668096
4.4	  0.025668096
4.5	  0.025668096
4.6	  0.025668096
4.7	  0.025668096
4.8	  0.025668096
4.9	  0.025668096
5.0	  0.025668096
5.1	  0.025668096
5.2	  0.025668096
5.3	  0.025668096
5.4	  0.025668096
5.5	  0.025668096
5.6	  0.025668096
5.7	  0.025668096
5.8	  0.025668096
5.9	  0.025668096
6.0	  0.025652338
6.1	  0.022248834
6.2	  0.017253876
6.3	  0.014953359
6.4	  0.012857683
6.5	  0.011455313
6.6	  0.010730493
6.7	  0.009154797
6.8	  0.008004538
6.9	  0.006491869
7.0	  0.005278583
7.1	  0.0047270893
7.2	  0.0036241019
7.3	  0.0024580865
7.4	  0.002253246
7.5	  0.0018120509
7.6	  9.1390393E-4
7.7	  2.993823E-4
7.8	  1.7332661E-4
7.9	  1.1029875E-4
8.0	  4.7270893E-5
8.1	  1.5756965E-5
8.2	  0.0
8.3	  0.0
8.4	  0.0
8.5	  0.0
8.6	  0.0
8.7	  0.0
8.8	  0.0
8.9	  0.0
9.0	  0.0



DATASET #9

     Name: Primary
   Points: 66
     Info: 

Data[x,y]:
2.5	  297.9575
2.6	  236.63033
2.7	  187.9223
2.8	  149.26476
2.9	  118.56303
3.0	  94.2223
3.1	  74.86046
3.2	  59.472614
3.3	  47.22893
3.4	  37.48779
3.5	  29.766718
3.6	  23.636944
3.7	  18.784098
3.8	  14.912643
3.9	  11.840524
4.0	  9.39695
4.1	  7.4672256
4.2	  5.925107
4.3	  4.703454
4.4	  3.7304614
4.5	  2.951248
4.6	  2.3367736
4.7	  1.8511913
4.8	  1.4626403
4.9	  1.1568449
5.0	  0.91265917
5.1	  0.71765095
5.2	  0.5651393
5.3	  0.44313312
5.4	  0.34848103
5.5	  0.2703265
5.6	  0.20835434
5.7	  0.15947624
5.8	  0.12036745
5.9	  0.0909492
6.0	  0.06929913
6.1	  0.050627127
6.2	  0.033341736
6.3	  0.0252269
6.4	  0.01868776
6.5	  0.0145121645
6.6	  0.012668599
6.7	  0.010257784
6.8	  0.008477247
6.9	  0.00669671
7.0	  0.0051840413
7.1	  0.004427707
7.2	  0.0033404764
7.3	  0.002221732
7.4	  0.0019853776
7.5	  0.0016072104
7.6	  8.508761E-4
7.7	  2.993823E-4
7.8	  1.7332661E-4
7.9	  1.1029875E-4
8.0	  4.7270893E-5
8.1	  1.5756965E-5
8.2	  0.0
8.3	  0.0
8.4	  0.0
8.5	  0.0
8.6	  0.0
8.7	  0.0
8.8	  0.0
8.9	  0.0
9.0	  0.0


