
X-Axis: Magnitude
Y-Axis: 1 Week Cumulative Number
Number of Data Sets: 9


DATASET #1

     Name: Mean
   Points: 66
     Info: 

Data[x,y]:
2.5	  2425.3115
2.6	  1926.6108
2.7	  1530.2705
2.8	  1215.5509
2.9	  965.47003
3.0	  766.8623
3.1	  609.03973
3.2	  483.68896
3.3	  384.12778
3.4	  305.11206
3.5	  242.29814
3.6	  192.41684
3.7	  152.79897
3.8	  121.28882
3.9	  96.30089
4.0	  76.45656
4.1	  60.64823
4.2	  48.146156
4.3	  38.190624
4.4	  30.309652
4.5	  24.014038
4.6	  19.021208
4.7	  15.065997
4.8	  11.917091
4.9	  9.416467
5.0	  7.433453
5.1	  5.85002
5.2	  4.602343
5.3	  3.6131344
5.4	  2.823891
5.5	  2.197517
5.6	  1.7022882
5.7	  1.3053057
5.8	  0.9879097
5.9	  0.7435551
6.0	  0.56432354
6.1	  0.41097122
6.2	  0.26818547
6.3	  0.20243806
6.4	  0.15240307
6.5	  0.11680655
6.6	  0.09789668
6.7	  0.08026079
6.8	  0.06519784
6.9	  0.05040967
7.0	  0.038619105
7.1	  0.03204936
7.2	  0.024155676
7.3	  0.016936451
7.4	  0.01466327
7.5	  0.0112659875
7.6	  0.006220024
7.7	  0.0016237011
7.8	  0.0011241008
7.9	  6.4948044E-4
8.0	  3.2474022E-4
8.1	  2.4980016E-5
8.2	  0.0
8.3	  0.0
8.4	  0.0
8.5	  0.0
8.6	  0.0
8.7	  0.0
8.8	  0.0
8.9	  0.0
9.0	  0.0



DATASET #2

     Name: 2.5%,97.5%
   Points: 66
     Info: 

Data[x,y]:
2.5	  373.0
2.6	  295.0
2.7	  235.0
2.8	  187.0
2.9	  149.0
3.0	  118.0
3.1	  94.0
3.2	  74.0
3.3	  58.0
3.4	  46.0
3.5	  36.0
3.6	  29.0
3.7	  22.0
3.8	  17.0
3.9	  13.0
4.0	  10.0
4.1	  8.0
4.2	  6.0
4.3	  4.0
4.4	  3.0
4.5	  2.0
4.6	  1.0
4.7	  1.0
4.8	  0.0
4.9	  0.0
5.0	  0.0
5.1	  0.0
5.2	  0.0
5.3	  0.0
5.4	  0.0
5.5	  0.0
5.6	  0.0
5.7	  0.0
5.8	  0.0
5.9	  0.0
6.0	  0.0
6.1	  0.0
6.2	  0.0
6.3	  0.0
6.4	  0.0
6.5	  0.0
6.6	  0.0
6.7	  0.0
6.8	  0.0
6.9	  0.0
7.0	  0.0
7.1	  0.0
7.2	  0.0
7.3	  0.0
7.4	  0.0
7.5	  0.0
7.6	  0.0
7.7	  0.0
7.8	  0.0
7.9	  0.0
8.0	  0.0
8.1	  0.0
8.2	  0.0
8.3	  0.0
8.4	  0.0
8.5	  0.0
8.6	  0.0
8.7	  0.0
8.8	  0.0
8.9	  0.0
9.0	  0.0



DATASET #3

     Name: null
   Points: 66
     Info: 

Data[x,y]:
2.5	  14404.0
2.6	  11429.0
2.7	  9084.0
2.8	  7218.0
2.9	  5740.0
3.0	  4558.0
3.1	  3619.0
3.2	  2884.0
3.3	  2290.0
3.4	  1824.0
3.5	  1452.0
3.6	  1157.0
3.7	  919.0
3.8	  732.0
3.9	  583.0
4.0	  462.0
4.1	  366.0
4.2	  293.0
4.3	  234.0
4.4	  188.0
4.5	  149.0
4.6	  119.0
4.7	  95.0
4.8	  75.0
4.9	  60.0
5.0	  47.0
5.1	  37.0
5.2	  29.0
5.3	  22.0
5.4	  18.0
5.5	  14.0
5.6	  11.0
5.7	  8.0
5.8	  6.0
5.9	  5.0
6.0	  4.0
6.1	  3.0
6.2	  2.0
6.3	  2.0
6.4	  1.0
6.5	  1.0
6.6	  1.0
6.7	  1.0
6.8	  1.0
6.9	  1.0
7.0	  1.0
7.1	  1.0
7.2	  0.0
7.3	  0.0
7.4	  0.0
7.5	  0.0
7.6	  0.0
7.7	  0.0
7.8	  0.0
7.9	  0.0
8.0	  0.0
8.1	  0.0
8.2	  0.0
8.3	  0.0
8.4	  0.0
8.5	  0.0
8.6	  0.0
8.7	  0.0
8.8	  0.0
8.9	  0.0
9.0	  0.0



DATASET #4

     Name: Median
   Points: 66
     Info: 

Data[x,y]:
2.5	  1287.0
2.6	  1022.0
2.7	  812.0
2.8	  646.0
2.9	  513.0
3.0	  408.0
3.1	  324.0
3.2	  258.0
3.3	  204.0
3.4	  163.0
3.5	  130.0
3.6	  103.0
3.7	  82.0
3.8	  65.0
3.9	  52.0
4.0	  41.0
4.1	  32.0
4.2	  26.0
4.3	  21.0
4.4	  16.0
4.5	  13.0
4.6	  10.0
4.7	  8.0
4.8	  6.0
4.9	  5.0
5.0	  4.0
5.1	  3.0
5.2	  2.0
5.3	  2.0
5.4	  1.0
5.5	  1.0
5.6	  1.0
5.7	  1.0
5.8	  0.0
5.9	  0.0
6.0	  0.0
6.1	  0.0
6.2	  0.0
6.3	  0.0
6.4	  0.0
6.5	  0.0
6.6	  0.0
6.7	  0.0
6.8	  0.0
6.9	  0.0
7.0	  0.0
7.1	  0.0
7.2	  0.0
7.3	  0.0
7.4	  0.0
7.5	  0.0
7.6	  0.0
7.7	  0.0
7.8	  0.0
7.9	  0.0
8.0	  0.0
8.1	  0.0
8.2	  0.0
8.3	  0.0
8.4	  0.0
8.5	  0.0
8.6	  0.0
8.7	  0.0
8.8	  0.0
8.9	  0.0
9.0	  0.0



DATASET #5

     Name: Mode
   Points: 66
     Info: 

Data[x,y]:
2.5	  645.0
2.6	  561.0
2.7	  388.0
2.8	  351.0
2.9	  245.0
3.0	  202.0
3.1	  168.0
3.2	  140.0
3.3	  109.0
3.4	  82.0
3.5	  71.0
3.6	  53.0
3.7	  41.0
3.8	  30.0
3.9	  30.0
4.0	  22.0
4.1	  15.0
4.2	  16.0
4.3	  11.0
4.4	  8.0
4.5	  6.0
4.6	  6.0
4.7	  5.0
4.8	  3.0
4.9	  3.0
5.0	  2.0
5.1	  1.0
5.2	  1.0
5.3	  1.0
5.4	  0.0
5.5	  0.0
5.6	  0.0
5.7	  0.0
5.8	  0.0
5.9	  0.0
6.0	  0.0
6.1	  0.0
6.2	  0.0
6.3	  0.0
6.4	  0.0
6.5	  0.0
6.6	  0.0
6.7	  0.0
6.8	  0.0
6.9	  0.0
7.0	  0.0
7.1	  0.0
7.2	  0.0
7.3	  0.0
7.4	  0.0
7.5	  0.0
7.6	  0.0
7.7	  0.0
7.8	  0.0
7.9	  0.0
8.0	  0.0
8.1	  0.0
8.2	  0.0
8.3	  0.0
8.4	  0.0
8.5	  0.0
8.6	  0.0
8.7	  0.0
8.8	  0.0
8.9	  0.0
9.0	  0.0



DATASET #6

     Name: 1 wk Prob
   Points: 66
     Info: 

Data[x,y]:
2.5	  1.0
2.6	  1.0
2.7	  1.0
2.8	  1.0
2.9	  1.0
3.0	  1.0
3.1	  1.0
3.2	  1.0
3.3	  1.0
3.4	  1.0
3.5	  1.0
3.6	  1.0
3.7	  1.0
3.8	  1.0
3.9	  1.0
4.0	  1.0
4.1	  1.0
4.2	  0.9998751
4.3	  0.9996253
4.4	  0.9988759
4.5	  0.9971273
4.6	  0.9936301
4.7	  0.9871103
4.8	  0.97497004
4.9	  0.9575839
5.0	  0.9306305
5.1	  0.8944095
5.2	  0.8478717
5.3	  0.79316545
5.4	  0.73116505
5.5	  0.66316944
5.6	  0.5932254
5.7	  0.52155775
5.8	  0.44739208
5.9	  0.37624902
6.0	  0.3163469
6.1	  0.25701937
6.2	  0.18929856
6.3	  0.1530026
6.4	  0.12115308
6.5	  0.09627298
6.6	  0.083932854
6.7	  0.07056855
6.8	  0.058728017
6.9	  0.04731215
7.0	  0.037170265
7.1	  0.03127498
7.2	  0.023681056
7.3	  0.01666167
7.4	  0.014438449
7.5	  0.011141087
7.6	  0.006145084
7.7	  0.0016237011
7.8	  0.0011241008
7.9	  6.4948044E-4
8.0	  3.2474022E-4
8.1	  2.4980016E-5
8.2	  0.0
8.3	  0.0
8.4	  0.0
8.5	  0.0
8.6	  0.0
8.7	  0.0
8.8	  0.0
8.9	  0.0
9.0	  0.0



DATASET #7

Name: 95% Conf
Num Points: 66
Info: 

X, Y Data:
2.5	1.0	[1.0	1.0]
2.6	1.0	[1.0	1.0]
2.7	1.0	[1.0	1.0]
2.8	1.0	[1.0	1.0]
2.9	1.0	[1.0	1.0]
3.0	1.0	[1.0	1.0]
3.1	1.0	[1.0	1.0]
3.2	1.0	[1.0	1.0]
3.3	1.0	[1.0	1.0]
3.4	1.0	[1.0	1.0]
3.5	1.0	[1.0	1.0]
3.6	1.0	[1.0	1.0]
3.7	1.0	[1.0	1.0]
3.8	1.0	[1.0	1.0]
3.9	1.0	[1.0	1.0]
4.0	1.0	[1.0	1.0]
4.1	1.0	[1.0	1.0]
4.2	0.9998751	[0.99969023	0.99995404]
4.3	0.9996253	[0.9993663	0.9997823]
4.4	0.9988759	[0.99848205	0.9991704]
4.5	0.9971273	[0.99653953	0.99761736]
4.6	0.9936301	[0.99278873	0.9943752]
4.7	0.9871103	[0.9859446	0.9881815]
4.8	0.97497004	[0.9733807	0.9764675]
4.9	0.9575839	[0.9555526	0.9595269]
5.0	0.9306305	[0.92808723	0.9330907]
5.1	0.8944095	[0.8913484	0.89739454]
5.2	0.8478717	[0.8443075	0.8513689]
5.3	0.79316545	[0.7891571	0.7971174]
5.4	0.73116505	[0.7267873	0.7354983]
5.5	0.66316944	[0.6585116	0.66779596]
5.6	0.5932254	[0.588392	0.5980409]
5.7	0.52155775	[0.51664996	0.5264614]
5.8	0.44739208	[0.44251403	0.45228025]
5.9	0.37624902	[0.37150297	0.38101885]
6.0	0.3163469	[0.3117966	0.32093257]
6.1	0.25701937	[0.25274962	0.2613359]
6.2	0.18929856	[0.18547848	0.19317846]
6.3	0.1530026	[0.14949705	0.15657498]
6.4	0.12115308	[0.11798052	0.12439863]
6.5	0.09627298	[0.09340978	0.099214]
6.6	0.083932854	[0.081243984	0.08670194]
6.7	0.07056855	[0.06808844	0.073131464]
6.8	0.058728017	[0.056454618	0.06108656]
6.9	0.04731215	[0.045263242	0.049448457]
7.0	0.037170265	[0.03534883	0.039081115]
7.1	0.03127498	[0.02960218	0.03303839]
7.2	0.023681056	[0.022224495	0.02522979]
7.3	0.01666167	[0.015441324	0.017975697]
7.4	0.014438449	[0.013303608	0.015667468]
7.5	0.011141087	[0.010146841	0.012230286]
7.6	0.006145084	[0.0054137683	0.0069727176]
7.7	0.0016237011	[0.0012632556	0.0020827954]
7.8	0.0011241008	[8.295773E-4	0.0015179671]
7.9	6.4948044E-4	[4.3315484E-4	9.663452E-4]
8.0	3.2474022E-4	[1.8061098E-4	5.7131023E-4]
8.1	2.4980016E-5	[1.303923E-6	1.622335E-4]
8.2	0.0	[0.0	1.19627715E-4]
8.3	0.0	[0.0	1.19627715E-4]
8.4	0.0	[0.0	0.0]
8.5	0.0	[0.0	0.0]
8.6	0.0	[0.0	0.0]
8.7	0.0	[0.0	0.0]
8.8	0.0	[0.0	0.0]
8.9	0.0	[0.0	0.0]
9.0	0.0	[0.0	0.0]



DATASET #8

     Name: Supra
   Points: 66
     Info: 

Data[x,y]:
2.5	  0.14530875
2.6	  0.14530875
2.7	  0.14530875
2.8	  0.14530875
2.9	  0.14530875
3.0	  0.14530875
3.1	  0.14530875
3.2	  0.14530875
3.3	  0.14530875
3.4	  0.14530875
3.5	  0.14530875
3.6	  0.14530875
3.7	  0.14530875
3.8	  0.14530875
3.9	  0.14530875
4.0	  0.14530875
4.1	  0.14530875
4.2	  0.14530875
4.3	  0.14530875
4.4	  0.14530875
4.5	  0.14530875
4.6	  0.14530875
4.7	  0.14530875
4.8	  0.14530875
4.9	  0.14530875
5.0	  0.14530875
5.1	  0.14530875
5.2	  0.14530875
5.3	  0.14530875
5.4	  0.14530875
5.5	  0.14530875
5.6	  0.14530875
5.7	  0.14530875
5.8	  0.14530875
5.9	  0.14528377
6.0	  0.14518385
6.1	  0.12834732
6.2	  0.102193244
6.3	  0.08935352
6.4	  0.07791267
6.5	  0.06854516
6.6	  0.0636241
6.7	  0.056479815
6.8	  0.04926059
6.9	  0.041242007
7.0	  0.033523183
7.1	  0.029176658
7.2	  0.022407074
7.3	  0.01603717
7.4	  0.014213629
7.5	  0.011041167
7.6	  0.006095124
7.7	  0.001598721
7.8	  0.0010991207
7.9	  6.4948044E-4
8.0	  3.2474022E-4
8.1	  2.4980016E-5
8.2	  0.0
8.3	  0.0
8.4	  0.0
8.5	  0.0
8.6	  0.0
8.7	  0.0
8.8	  0.0
8.9	  0.0
9.0	  0.0



DATASET #9

     Name: Primary
   Points: 66
     Info: 

Data[x,y]:
2.5	  1571.4794
2.6	  1248.3577
2.7	  991.61127
2.8	  787.67615
2.9	  625.6385
3.0	  496.94623
3.1	  394.69415
3.2	  313.51025
3.3	  249.00874
3.4	  197.78604
3.5	  157.06584
3.6	  124.72067
3.7	  99.03915
3.8	  78.60277
3.9	  62.42913
4.0	  49.552734
4.1	  39.288395
4.2	  31.19899
4.3	  24.745953
4.4	  19.641586
4.5	  15.570418
4.6	  12.3328085
4.7	  9.772257
4.8	  7.733363
4.9	  6.1104116
5.0	  4.817371
5.1	  3.7930405
5.2	  2.9835632
5.3	  2.3408773
5.4	  1.8326089
5.5	  1.4248351
5.6	  1.104966
5.7	  0.8506195
5.8	  0.6439099
5.9	  0.48431256
6.0	  0.3665068
6.1	  0.2706085
6.2	  0.17765787
6.3	  0.13589129
6.4	  0.102418065
6.5	  0.07871203
6.6	  0.06792066
6.7	  0.056429856
6.8	  0.04626299
6.9	  0.036246
7.0	  0.027927658
7.1	  0.023106515
7.2	  0.01726119
7.3	  0.011715627
7.4	  0.010191847
7.5	  0.008018585
7.6	  0.0042715827
7.7	  0.0011490807
7.8	  7.743805E-4
7.9	  3.9968026E-4
8.0	  1.748601E-4
8.1	  0.0
8.2	  0.0
8.3	  0.0
8.4	  0.0
8.5	  0.0
8.6	  0.0
8.7	  0.0
8.8	  0.0
8.9	  0.0
9.0	  0.0


