
X-Axis: Magnitude
Y-Axis: 1 Hour Cumulative Number
Number of Data Sets: 9


DATASET #1

     Name: Mean
   Points: 66
     Info: 

Data[x,y]:
2.5	  0.39812
2.6	  0.31665
2.7	  0.25093
2.8	  0.19878
2.9	  0.15796
3.0	  0.12433
3.1	  0.09795
3.2	  0.07732
3.3	  0.06096
3.4	  0.04816
3.5	  0.03823
3.6	  0.03063
3.7	  0.02403
3.8	  0.01898
3.9	  0.01486
4.0	  0.01147
4.1	  0.00913
4.2	  0.00725
4.3	  0.00569
4.4	  0.00436
4.5	  0.00346
4.6	  0.00271
4.7	  0.00223
4.8	  0.00178
4.9	  0.00141
5.0	  0.00116
5.1	  9.5E-4
5.2	  8.1E-4
5.3	  6.0E-4
5.4	  4.7E-4
5.5	  3.7E-4
5.6	  2.8E-4
5.7	  2.0E-4
5.8	  2.0E-4
5.9	  1.7E-4
6.0	  1.0E-4
6.1	  9.0E-5
6.2	  8.0E-5
6.3	  5.0E-5
6.4	  5.0E-5
6.5	  3.0E-5
6.6	  2.0E-5
6.7	  2.0E-5
6.8	  2.0E-5
6.9	  2.0E-5
7.0	  1.0E-5
7.1	  1.0E-5
7.2	  0.0
7.3	  0.0
7.4	  0.0
7.5	  0.0
7.6	  0.0
7.7	  0.0
7.8	  0.0
7.9	  0.0
8.0	  0.0
8.1	  0.0
8.2	  0.0
8.3	  0.0
8.4	  0.0
8.5	  0.0
8.6	  0.0
8.7	  0.0
8.8	  0.0
8.9	  0.0
9.0	  0.0



DATASET #2

     Name: 2.5%,97.5%
   Points: 66
     Info: 

Data[x,y]:
2.5	  0.0
2.6	  0.0
2.7	  0.0
2.8	  0.0
2.9	  0.0
3.0	  0.0
3.1	  0.0
3.2	  0.0
3.3	  0.0
3.4	  0.0
3.5	  0.0
3.6	  0.0
3.7	  0.0
3.8	  0.0
3.9	  0.0
4.0	  0.0
4.1	  0.0
4.2	  0.0
4.3	  0.0
4.4	  0.0
4.5	  0.0
4.6	  0.0
4.7	  0.0
4.8	  0.0
4.9	  0.0
5.0	  0.0
5.1	  0.0
5.2	  0.0
5.3	  0.0
5.4	  0.0
5.5	  0.0
5.6	  0.0
5.7	  0.0
5.8	  0.0
5.9	  0.0
6.0	  0.0
6.1	  0.0
6.2	  0.0
6.3	  0.0
6.4	  0.0
6.5	  0.0
6.6	  0.0
6.7	  0.0
6.8	  0.0
6.9	  0.0
7.0	  0.0
7.1	  0.0
7.2	  0.0
7.3	  0.0
7.4	  0.0
7.5	  0.0
7.6	  0.0
7.7	  0.0
7.8	  0.0
7.9	  0.0
8.0	  0.0
8.1	  0.0
8.2	  0.0
8.3	  0.0
8.4	  0.0
8.5	  0.0
8.6	  0.0
8.7	  0.0
8.8	  0.0
8.9	  0.0
9.0	  0.0



DATASET #3

     Name: null
   Points: 66
     Info: 

Data[x,y]:
2.5	  2.0
2.6	  2.0
2.7	  2.0
2.8	  1.0
2.9	  1.0
3.0	  1.0
3.1	  1.0
3.2	  1.0
3.3	  1.0
3.4	  1.0
3.5	  1.0
3.6	  1.0
3.7	  0.0
3.8	  0.0
3.9	  0.0
4.0	  0.0
4.1	  0.0
4.2	  0.0
4.3	  0.0
4.4	  0.0
4.5	  0.0
4.6	  0.0
4.7	  0.0
4.8	  0.0
4.9	  0.0
5.0	  0.0
5.1	  0.0
5.2	  0.0
5.3	  0.0
5.4	  0.0
5.5	  0.0
5.6	  0.0
5.7	  0.0
5.8	  0.0
5.9	  0.0
6.0	  0.0
6.1	  0.0
6.2	  0.0
6.3	  0.0
6.4	  0.0
6.5	  0.0
6.6	  0.0
6.7	  0.0
6.8	  0.0
6.9	  0.0
7.0	  0.0
7.1	  0.0
7.2	  0.0
7.3	  0.0
7.4	  0.0
7.5	  0.0
7.6	  0.0
7.7	  0.0
7.8	  0.0
7.9	  0.0
8.0	  0.0
8.1	  0.0
8.2	  0.0
8.3	  0.0
8.4	  0.0
8.5	  0.0
8.6	  0.0
8.7	  0.0
8.8	  0.0
8.9	  0.0
9.0	  0.0



DATASET #4

     Name: Median
   Points: 66
     Info: 

Data[x,y]:
2.5	  0.0
2.6	  0.0
2.7	  0.0
2.8	  0.0
2.9	  0.0
3.0	  0.0
3.1	  0.0
3.2	  0.0
3.3	  0.0
3.4	  0.0
3.5	  0.0
3.6	  0.0
3.7	  0.0
3.8	  0.0
3.9	  0.0
4.0	  0.0
4.1	  0.0
4.2	  0.0
4.3	  0.0
4.4	  0.0
4.5	  0.0
4.6	  0.0
4.7	  0.0
4.8	  0.0
4.9	  0.0
5.0	  0.0
5.1	  0.0
5.2	  0.0
5.3	  0.0
5.4	  0.0
5.5	  0.0
5.6	  0.0
5.7	  0.0
5.8	  0.0
5.9	  0.0
6.0	  0.0
6.1	  0.0
6.2	  0.0
6.3	  0.0
6.4	  0.0
6.5	  0.0
6.6	  0.0
6.7	  0.0
6.8	  0.0
6.9	  0.0
7.0	  0.0
7.1	  0.0
7.2	  0.0
7.3	  0.0
7.4	  0.0
7.5	  0.0
7.6	  0.0
7.7	  0.0
7.8	  0.0
7.9	  0.0
8.0	  0.0
8.1	  0.0
8.2	  0.0
8.3	  0.0
8.4	  0.0
8.5	  0.0
8.6	  0.0
8.7	  0.0
8.8	  0.0
8.9	  0.0
9.0	  0.0



DATASET #5

     Name: Mode
   Points: 66
     Info: 

Data[x,y]:
2.5	  0.0
2.6	  0.0
2.7	  0.0
2.8	  0.0
2.9	  0.0
3.0	  0.0
3.1	  0.0
3.2	  0.0
3.3	  0.0
3.4	  0.0
3.5	  0.0
3.6	  0.0
3.7	  0.0
3.8	  0.0
3.9	  0.0
4.0	  0.0
4.1	  0.0
4.2	  0.0
4.3	  0.0
4.4	  0.0
4.5	  0.0
4.6	  0.0
4.7	  0.0
4.8	  0.0
4.9	  0.0
5.0	  0.0
5.1	  0.0
5.2	  0.0
5.3	  0.0
5.4	  0.0
5.5	  0.0
5.6	  0.0
5.7	  0.0
5.8	  0.0
5.9	  0.0
6.0	  0.0
6.1	  0.0
6.2	  0.0
6.3	  0.0
6.4	  0.0
6.5	  0.0
6.6	  0.0
6.7	  0.0
6.8	  0.0
6.9	  0.0
7.0	  0.0
7.1	  0.0
7.2	  0.0
7.3	  0.0
7.4	  0.0
7.5	  0.0
7.6	  0.0
7.7	  0.0
7.8	  0.0
7.9	  0.0
8.0	  0.0
8.1	  0.0
8.2	  0.0
8.3	  0.0
8.4	  0.0
8.5	  0.0
8.6	  0.0
8.7	  0.0
8.8	  0.0
8.9	  0.0
9.0	  0.0



DATASET #6

     Name: 1 hr Prob
   Points: 66
     Info: 

Data[x,y]:
2.5	  0.30685
2.6	  0.2531
2.7	  0.20701
2.8	  0.16837
2.9	  0.13664
3.0	  0.10927
3.1	  0.0873
3.2	  0.06981
3.3	  0.0556
3.4	  0.04422
3.5	  0.03534
3.6	  0.0284
3.7	  0.02233
3.8	  0.01779
3.9	  0.01402
4.0	  0.01091
4.1	  0.00876
4.2	  0.007
4.3	  0.00549
4.4	  0.00421
4.5	  0.00333
4.6	  0.0026
4.7	  0.00213
4.8	  0.00169
4.9	  0.00136
5.0	  0.00113
5.1	  9.3E-4
5.2	  8.0E-4
5.3	  6.0E-4
5.4	  4.7E-4
5.5	  3.7E-4
5.6	  2.8E-4
5.7	  2.0E-4
5.8	  2.0E-4
5.9	  1.7E-4
6.0	  1.0E-4
6.1	  9.0E-5
6.2	  8.0E-5
6.3	  5.0E-5
6.4	  5.0E-5
6.5	  3.0E-5
6.6	  2.0E-5
6.7	  2.0E-5
6.8	  2.0E-5
6.9	  2.0E-5
7.0	  1.0E-5
7.1	  1.0E-5
7.2	  0.0
7.3	  0.0
7.4	  0.0
7.5	  0.0
7.6	  0.0
7.7	  0.0
7.8	  0.0
7.9	  0.0
8.0	  0.0
8.1	  0.0
8.2	  0.0
8.3	  0.0
8.4	  0.0
8.5	  0.0
8.6	  0.0
8.7	  0.0
8.8	  0.0
8.9	  0.0
9.0	  0.0



DATASET #7

Name: 95% Conf
Num Points: 66
Info: 

X, Y Data:
2.5	0.30685	[0.303994	0.30972084]
2.6	0.2531	[0.2504097	0.2558093]
2.7	0.20701	[0.20450507	0.20953748]
2.8	0.16837	[0.1660585	0.17070703]
2.9	0.13664	[0.13452016	0.13878782]
3.0	0.10927	[0.10734637	0.11122373]
3.1	0.0873	[0.085561305	0.08907049]
3.2	0.06981	[0.06824209	0.071411066]
3.3	0.0556	[0.054191783	0.05704248]
3.4	0.04422	[0.042958263	0.045516893]
3.5	0.03534	[0.034208413	0.036507443]
3.6	0.0284	[0.027383488	0.029452922]
3.7	0.02233	[0.021427492	0.023269407]
3.8	0.01779	[0.016984137	0.018633137]
3.9	0.01402	[0.013304846	0.014772748]
4.0	0.01091	[0.01027982	0.011578048]
4.1	0.00876	[0.008196177	0.009361891]
4.2	0.007	[0.0064970357	0.007541207]
4.3	0.00549	[0.0050458387	0.005972569]
4.4	0.00421	[0.0038225278	0.004636037]
4.5	0.00333	[0.0029867734	0.0037119188]
4.6	0.0026	[0.0022982087	0.0029406103]
4.7	0.00213	[0.0018580781	0.0024408405]
4.8	0.00169	[0.0014492193	0.0019698152]
4.9	0.00136	[0.0011453582	0.0016137875]
5.0	0.00113	[9.3551364E-4	0.0013637304]
5.1	9.3E-4	[7.5478293E-4	0.0011445697]
5.2	8.0E-4	[6.3844107E-4	0.0010009998]
5.3	6.0E-4	[4.6183256E-4	7.7778986E-4]
5.4	4.7E-4	[3.49198E-4	6.305945E-4]
5.5	3.7E-4	[2.6425757E-4	5.157182E-4]
5.6	2.8E-4	[1.8965195E-4	4.1056133E-4]
5.7	2.0E-4	[1.2555439E-4	3.1498473E-4]
5.8	2.0E-4	[1.2555439E-4	3.1498473E-4]
5.9	1.7E-4	[1.02310594E-4	2.7840282E-4]
6.0	1.0E-4	[5.08174E-5	1.9054979E-4]
6.1	9.0E-5	[4.39234E-5	1.7758983E-4]
6.2	8.0E-5	[3.7198402E-5	1.6448459E-4]
6.3	5.0E-5	[1.8407845E-5	1.2402E-4]
6.4	5.0E-5	[1.8407845E-5	1.2402E-4]
6.5	3.0E-5	[7.747817E-6	9.559829E-5]
6.6	2.0E-5	[3.4641096E-6	8.066479E-5]
6.7	2.0E-5	[3.4641096E-6	8.066479E-5]
6.8	2.0E-5	[3.4641096E-6	8.066479E-5]
6.9	2.0E-5	[3.4641096E-6	8.066479E-5]
7.0	1.0E-5	[5.219861E-7	6.4949265E-5]
7.1	1.0E-5	[5.219861E-7	6.4949265E-5]
7.2	0.0	[0.0	4.7892154E-5]
7.3	0.0	[0.0	4.7892154E-5]
7.4	0.0	[0.0	4.7892154E-5]
7.5	0.0	[0.0	4.7892154E-5]
7.6	0.0	[0.0	4.7892154E-5]
7.7	0.0	[0.0	4.7892154E-5]
7.8	0.0	[0.0	4.7892154E-5]
7.9	0.0	[0.0	4.7892154E-5]
8.0	0.0	[0.0	4.7892154E-5]
8.1	0.0	[0.0	4.7892154E-5]
8.2	0.0	[0.0	4.7892154E-5]
8.3	0.0	[0.0	4.7892154E-5]
8.4	0.0	[0.0	0.0]
8.5	0.0	[0.0	0.0]
8.6	0.0	[0.0	0.0]
8.7	0.0	[0.0	0.0]
8.8	0.0	[0.0	0.0]
8.9	0.0	[0.0	0.0]
9.0	0.0	[0.0	0.0]



DATASET #8

     Name: Supra
   Points: 66
     Info: 

Data[x,y]:
2.5	  5.0E-5
2.6	  5.0E-5
2.7	  5.0E-5
2.8	  5.0E-5
2.9	  5.0E-5
3.0	  5.0E-5
3.1	  5.0E-5
3.2	  5.0E-5
3.3	  5.0E-5
3.4	  5.0E-5
3.5	  5.0E-5
3.6	  5.0E-5
3.7	  5.0E-5
3.8	  5.0E-5
3.9	  5.0E-5
4.0	  5.0E-5
4.1	  5.0E-5
4.2	  5.0E-5
4.3	  5.0E-5
4.4	  5.0E-5
4.5	  5.0E-5
4.6	  5.0E-5
4.7	  5.0E-5
4.8	  5.0E-5
4.9	  5.0E-5
5.0	  5.0E-5
5.1	  5.0E-5
5.2	  5.0E-5
5.3	  5.0E-5
5.4	  5.0E-5
5.5	  5.0E-5
5.6	  5.0E-5
5.7	  5.0E-5
5.8	  5.0E-5
5.9	  5.0E-5
6.0	  5.0E-5
6.1	  5.0E-5
6.2	  4.0E-5
6.3	  4.0E-5
6.4	  4.0E-5
6.5	  3.0E-5
6.6	  2.0E-5
6.7	  2.0E-5
6.8	  2.0E-5
6.9	  2.0E-5
7.0	  1.0E-5
7.1	  1.0E-5
7.2	  0.0
7.3	  0.0
7.4	  0.0
7.5	  0.0
7.6	  0.0
7.7	  0.0
7.8	  0.0
7.9	  0.0
8.0	  0.0
8.1	  0.0
8.2	  0.0
8.3	  0.0
8.4	  0.0
8.5	  0.0
8.6	  0.0
8.7	  0.0
8.8	  0.0
8.9	  0.0
9.0	  0.0



DATASET #9

     Name: Primary
   Points: 66
     Info: 

Data[x,y]:
2.5	  0.36706
2.6	  0.29181
2.7	  0.23137
2.8	  0.18346
2.9	  0.14615
3.0	  0.11495
3.1	  0.09058
3.2	  0.07163
3.3	  0.0565
3.4	  0.04461
3.5	  0.03539
3.6	  0.02836
3.7	  0.02227
3.8	  0.01767
3.9	  0.01388
4.0	  0.01069
4.1	  0.00854
4.2	  0.00678
4.3	  0.0053
4.4	  0.00407
4.5	  0.00319
4.6	  0.00247
4.7	  0.00205
4.8	  0.00165
4.9	  0.00132
5.0	  0.00108
5.1	  8.8E-4
5.2	  7.7E-4
5.3	  5.7E-4
5.4	  4.4E-4
5.5	  3.4E-4
5.6	  2.6E-4
5.7	  1.8E-4
5.8	  1.8E-4
5.9	  1.5E-4
6.0	  8.0E-5
6.1	  8.0E-5
6.2	  7.0E-5
6.3	  4.0E-5
6.4	  4.0E-5
6.5	  3.0E-5
6.6	  2.0E-5
6.7	  2.0E-5
6.8	  2.0E-5
6.9	  2.0E-5
7.0	  1.0E-5
7.1	  1.0E-5
7.2	  0.0
7.3	  0.0
7.4	  0.0
7.5	  0.0
7.6	  0.0
7.7	  0.0
7.8	  0.0
7.9	  0.0
8.0	  0.0
8.1	  0.0
8.2	  0.0
8.3	  0.0
8.4	  0.0
8.5	  0.0
8.6	  0.0
8.7	  0.0
8.8	  0.0
8.9	  0.0
9.0	  0.0


