
X-Axis: Magnitude
Y-Axis: 1 Year Cumulative Number
Number of Data Sets: 9


DATASET #1

     Name: Mean
   Points: 66
     Info: 

Data[x,y]:
2.5	  1068.9237
2.6	  849.1239
2.7	  674.4811
2.8	  535.8635
2.9	  425.63132
3.0	  338.0439
3.1	  268.49417
3.2	  213.25368
3.3	  169.3384
3.4	  134.46544
3.5	  106.74184
3.6	  84.76608
3.7	  67.33088
3.8	  53.41852
3.9	  42.3984
4.0	  33.65384
4.1	  26.70264
4.2	  21.16796
4.3	  16.77248
4.4	  13.29408
4.5	  10.52
4.6	  8.31572
4.7	  6.57316
4.8	  5.17688
4.9	  4.08428
5.0	  3.21848
5.1	  2.525
5.2	  1.97324
5.3	  1.5344
5.4	  1.18084
5.5	  0.90172
5.6	  0.67668
5.7	  0.5056
5.8	  0.36548
5.9	  0.25348
6.0	  0.16756
6.1	  0.10368
6.2	  0.065
6.3	  0.04568
6.4	  0.03388
6.5	  0.02828
6.6	  0.02356
6.7	  0.02124
6.8	  0.02
6.9	  0.01828
7.0	  0.01764
7.1	  0.01704
7.2	  0.01624
7.3	  0.015
7.4	  0.01472
7.5	  0.01416
7.6	  0.01348
7.7	  0.01212
7.8	  0.00992
7.9	  0.0058
8.0	  0.00252
8.1	  5.6E-4
8.2	  1.6E-4
8.3	  8.0E-5
8.4	  0.0
8.5	  0.0
8.6	  0.0
8.7	  0.0
8.8	  0.0
8.9	  0.0
9.0	  0.0



DATASET #2

     Name: 2.5%,97.5%
   Points: 66
     Info: 

Data[x,y]:
2.5	  582.0
2.6	  459.0
2.7	  361.0
2.8	  284.0
2.9	  223.0
3.0	  174.0
3.1	  136.0
3.2	  106.0
3.3	  82.0
3.4	  64.0
3.5	  49.0
3.6	  37.0
3.7	  28.0
3.8	  21.0
3.9	  16.0
4.0	  12.0
4.1	  9.0
4.2	  6.0
4.3	  4.0
4.4	  3.0
4.5	  2.0
4.6	  1.0
4.7	  1.0
4.8	  0.0
4.9	  0.0
5.0	  0.0
5.1	  0.0
5.2	  0.0
5.3	  0.0
5.4	  0.0
5.5	  0.0
5.6	  0.0
5.7	  0.0
5.8	  0.0
5.9	  0.0
6.0	  0.0
6.1	  0.0
6.2	  0.0
6.3	  0.0
6.4	  0.0
6.5	  0.0
6.6	  0.0
6.7	  0.0
6.8	  0.0
6.9	  0.0
7.0	  0.0
7.1	  0.0
7.2	  0.0
7.3	  0.0
7.4	  0.0
7.5	  0.0
7.6	  0.0
7.7	  0.0
7.8	  0.0
7.9	  0.0
8.0	  0.0
8.1	  0.0
8.2	  0.0
8.3	  0.0
8.4	  0.0
8.5	  0.0
8.6	  0.0
8.7	  0.0
8.8	  0.0
8.9	  0.0
9.0	  0.0



DATASET #3

     Name: null
   Points: 66
     Info: 

Data[x,y]:
2.5	  1541.0
2.6	  1227.0
2.7	  982.0
2.8	  780.0
2.9	  617.0
3.0	  490.0
3.1	  394.0
3.2	  313.0
3.3	  250.0
3.4	  201.0
3.5	  160.0
3.6	  128.0
3.7	  102.0
3.8	  83.0
3.9	  68.0
4.0	  55.0
4.1	  45.0
4.2	  37.0
4.3	  30.0
4.4	  25.0
4.5	  21.0
4.6	  17.0
4.7	  14.0
4.8	  12.0
4.9	  10.0
5.0	  9.0
5.1	  7.0
5.2	  6.0
5.3	  5.0
5.4	  5.0
5.5	  4.0
5.6	  3.0
5.7	  3.0
5.8	  2.0
5.9	  2.0
6.0	  1.0
6.1	  1.0
6.2	  1.0
6.3	  1.0
6.4	  0.0
6.5	  0.0
6.6	  0.0
6.7	  0.0
6.8	  0.0
6.9	  0.0
7.0	  0.0
7.1	  0.0
7.2	  0.0
7.3	  0.0
7.4	  0.0
7.5	  0.0
7.6	  0.0
7.7	  0.0
7.8	  0.0
7.9	  0.0
8.0	  0.0
8.1	  0.0
8.2	  0.0
8.3	  0.0
8.4	  0.0
8.5	  0.0
8.6	  0.0
8.7	  0.0
8.8	  0.0
8.9	  0.0
9.0	  0.0



DATASET #4

     Name: Median
   Points: 66
     Info: 

Data[x,y]:
2.5	  732.0
2.6	  581.0
2.7	  462.0
2.8	  368.0
2.9	  293.0
3.0	  233.0
3.1	  185.0
3.2	  147.0
3.3	  117.0
3.4	  93.0
3.5	  74.0
3.6	  59.0
3.7	  47.0
3.8	  37.0
3.9	  29.0
4.0	  23.0
4.1	  18.0
4.2	  15.0
4.3	  11.0
4.4	  9.0
4.5	  7.0
4.6	  6.0
4.7	  4.0
4.8	  3.0
4.9	  3.0
5.0	  2.0
5.1	  2.0
5.2	  1.0
5.3	  1.0
5.4	  1.0
5.5	  0.0
5.6	  0.0
5.7	  0.0
5.8	  0.0
5.9	  0.0
6.0	  0.0
6.1	  0.0
6.2	  0.0
6.3	  0.0
6.4	  0.0
6.5	  0.0
6.6	  0.0
6.7	  0.0
6.8	  0.0
6.9	  0.0
7.0	  0.0
7.1	  0.0
7.2	  0.0
7.3	  0.0
7.4	  0.0
7.5	  0.0
7.6	  0.0
7.7	  0.0
7.8	  0.0
7.9	  0.0
8.0	  0.0
8.1	  0.0
8.2	  0.0
8.3	  0.0
8.4	  0.0
8.5	  0.0
8.6	  0.0
8.7	  0.0
8.8	  0.0
8.9	  0.0
9.0	  0.0



DATASET #5

     Name: Mode
   Points: 66
     Info: 

Data[x,y]:
2.5	  658.0
2.6	  555.0
2.7	  442.0
2.8	  339.0
2.9	  273.0
3.0	  217.0
3.1	  175.0
3.2	  139.0
3.3	  107.0
3.4	  86.0
3.5	  70.0
3.6	  53.0
3.7	  43.0
3.8	  33.0
3.9	  27.0
4.0	  22.0
4.1	  16.0
4.2	  13.0
4.3	  10.0
4.4	  8.0
4.5	  6.0
4.6	  4.0
4.7	  3.0
4.8	  3.0
4.9	  2.0
5.0	  1.0
5.1	  1.0
5.2	  1.0
5.3	  0.0
5.4	  0.0
5.5	  0.0
5.6	  0.0
5.7	  0.0
5.8	  0.0
5.9	  0.0
6.0	  0.0
6.1	  0.0
6.2	  0.0
6.3	  0.0
6.4	  0.0
6.5	  0.0
6.6	  0.0
6.7	  0.0
6.8	  0.0
6.9	  0.0
7.0	  0.0
7.1	  0.0
7.2	  0.0
7.3	  0.0
7.4	  0.0
7.5	  0.0
7.6	  0.0
7.7	  0.0
7.8	  0.0
7.9	  0.0
8.0	  0.0
8.1	  0.0
8.2	  0.0
8.3	  0.0
8.4	  0.0
8.5	  0.0
8.6	  0.0
8.7	  0.0
8.8	  0.0
8.9	  0.0
9.0	  0.0



DATASET #6

     Name: 1 yr Prob
   Points: 66
     Info: 

Data[x,y]:
2.5	  1.0
2.6	  1.0
2.7	  1.0
2.8	  1.0
2.9	  1.0
3.0	  1.0
3.1	  1.0
3.2	  1.0
3.3	  1.0
3.4	  1.0
3.5	  1.0
3.6	  1.0
3.7	  1.0
3.8	  1.0
3.9	  1.0
4.0	  1.0
4.1	  1.0
4.2	  1.0
4.3	  0.99992
4.4	  0.99956
4.5	  0.99724
4.6	  0.99124
4.7	  0.97636
4.8	  0.94852
4.9	  0.90572
5.0	  0.84952
5.1	  0.77976
5.2	  0.70328
5.3	  0.6168
5.4	  0.5292
5.5	  0.438
5.6	  0.35696
5.7	  0.284
5.8	  0.21784
5.9	  0.15852
6.0	  0.10904
6.1	  0.0682
6.2	  0.04412
6.3	  0.03184
6.4	  0.02432
6.5	  0.0208
6.6	  0.01964
6.7	  0.01828
6.8	  0.01772
6.9	  0.01704
7.0	  0.01664
7.1	  0.01628
7.2	  0.0158
7.3	  0.0148
7.4	  0.01452
7.5	  0.01404
7.6	  0.01344
7.7	  0.01208
7.8	  0.00992
7.9	  0.0058
8.0	  0.00252
8.1	  5.6E-4
8.2	  1.6E-4
8.3	  8.0E-5
8.4	  0.0
8.5	  0.0
8.6	  0.0
8.7	  0.0
8.8	  0.0
8.9	  0.0
9.0	  0.0



DATASET #7

Name: 95% Conf
Num Points: 66
Info: 

X, Y Data:
2.5	1.0	[1.0	1.0]
2.6	1.0	[1.0	1.0]
2.7	1.0	[1.0	1.0]
2.8	1.0	[1.0	1.0]
2.9	1.0	[1.0	1.0]
3.0	1.0	[1.0	1.0]
3.1	1.0	[1.0	1.0]
3.2	1.0	[1.0	1.0]
3.3	1.0	[1.0	1.0]
3.4	1.0	[1.0	1.0]
3.5	1.0	[1.0	1.0]
3.6	1.0	[1.0	1.0]
3.7	1.0	[1.0	1.0]
3.8	1.0	[1.0	1.0]
3.9	1.0	[1.0	1.0]
4.0	1.0	[1.0	1.0]
4.1	1.0	[1.0	1.0]
4.2	1.0	[1.0	1.0]
4.3	0.99992	[0.99967736	0.9999862]
4.4	0.99956	[0.99918664	0.99976856]
4.5	0.99724	[0.99648654	0.99783605]
4.6	0.99124	[0.9899857	0.9923407]
4.7	0.97636	[0.9743815	0.9781906]
4.8	0.94852	[0.9456907	0.9512105]
4.9	0.90572	[0.9020147	0.90929997]
5.0	0.84952	[0.845014	0.8539182]
5.1	0.77976	[0.77456003	0.78487366]
5.2	0.70328	[0.69756633	0.708931]
5.3	0.6168	[0.61073583	0.6228281]
5.4	0.5292	[0.5229885	0.53540254]
5.5	0.438	[0.4318398	0.44417933]
5.6	0.35696	[0.35102344	0.36294064]
5.7	0.284	[0.27842376	0.28964284]
5.8	0.21784	[0.21274689	0.22302015]
5.9	0.15852	[0.15402533	0.16312006]
6.0	0.10904	[0.105216466	0.112984285]
6.1	0.0682	[0.06512138	0.07141215]
6.2	0.04412	[0.041624136	0.046757046]
6.3	0.03184	[0.029715134	0.034110043]
6.4	0.02432	[0.022463093	0.026324606]
6.5	0.0208	[0.01908396	0.022664953]
6.6	0.01964	[0.017973129	0.021456191]
6.7	0.01828	[0.016672773	0.02003703]
6.8	0.01772	[0.01613801	0.019451994]
6.9	0.01704	[0.015489225	0.018741027]
7.0	0.01664	[0.015107893	0.018322505]
7.1	0.01628	[0.014764897	0.017945634]
7.2	0.0158	[0.014307876	0.017442832]
7.3	0.0148	[0.013356951	0.01639413]
7.4	0.01452	[0.013091	0.016100189]
7.5	0.01404	[0.012635415	0.015595956]
7.6	0.01344	[0.012066552	0.01496505]
7.7	0.01208	[0.010779911	0.013532228]
7.8	0.00992	[0.008745807	0.011247233]
7.9	0.0058	[0.004913237	0.006841837]
8.0	0.00252	[0.001952751	0.0032449972]
8.1	5.6E-4	[3.187278E-4	9.648664E-4]
8.2	1.6E-4	[5.125509E-5	4.39952E-4]
8.3	8.0E-5	[1.3856528E-5	3.2261803E-4]
8.4	0.0	[0.0	0.0]
8.5	0.0	[0.0	0.0]
8.6	0.0	[0.0	0.0]
8.7	0.0	[0.0	0.0]
8.8	0.0	[0.0	0.0]
8.9	0.0	[0.0	0.0]
9.0	0.0	[0.0	0.0]



DATASET #8

     Name: Supra
   Points: 66
     Info: 

Data[x,y]:
2.5	  0.024
2.6	  0.024
2.7	  0.024
2.8	  0.024
2.9	  0.024
3.0	  0.024
3.1	  0.024
3.2	  0.024
3.3	  0.024
3.4	  0.024
3.5	  0.024
3.6	  0.024
3.7	  0.024
3.8	  0.024
3.9	  0.024
4.0	  0.024
4.1	  0.024
4.2	  0.024
4.3	  0.024
4.4	  0.024
4.5	  0.024
4.6	  0.024
4.7	  0.024
4.8	  0.024
4.9	  0.024
5.0	  0.024
5.1	  0.024
5.2	  0.024
5.3	  0.024
5.4	  0.024
5.5	  0.024
5.6	  0.024
5.7	  0.024
5.8	  0.024
5.9	  0.02396
6.0	  0.02384
6.1	  0.02352
6.2	  0.02328
6.3	  0.023
6.4	  0.02132
6.5	  0.0186
6.6	  0.01796
6.7	  0.01732
6.8	  0.01712
6.9	  0.01668
7.0	  0.0164
7.1	  0.0162
7.2	  0.01572
7.3	  0.0148
7.4	  0.01452
7.5	  0.01404
7.6	  0.01344
7.7	  0.01208
7.8	  0.00992
7.9	  0.0058
8.0	  0.00252
8.1	  5.6E-4
8.2	  1.6E-4
8.3	  8.0E-5
8.4	  0.0
8.5	  0.0
8.6	  0.0
8.7	  0.0
8.8	  0.0
8.9	  0.0
9.0	  0.0



DATASET #9

     Name: Primary
   Points: 66
     Info: 

Data[x,y]:
2.5	  465.69537
2.6	  369.9405
2.7	  293.81995
2.8	  233.48708
2.9	  185.46687
3.0	  147.30576
3.1	  116.99968
3.2	  92.91676
3.3	  73.78324
3.4	  58.58888
3.5	  46.49132
3.6	  36.89924
3.7	  29.3026
3.8	  23.23564
3.9	  18.44728
4.0	  14.64564
4.1	  11.6266
4.2	  9.22108
4.3	  7.30392
4.4	  5.79276
4.5	  4.587
4.6	  3.62984
4.7	  2.86756
4.8	  2.26324
4.9	  1.78512
5.0	  1.40056
5.1	  1.101
5.2	  0.8604
5.3	  0.67012
5.4	  0.51572
5.5	  0.3926
5.6	  0.29232
5.7	  0.21884
5.8	  0.15604
5.9	  0.10636
6.0	  0.07008
6.1	  0.04124
6.2	  0.02448
6.3	  0.01748
6.4	  0.01352
6.5	  0.0116
6.6	  0.01132
6.7	  0.0108
6.8	  0.01048
6.9	  0.0102
7.0	  0.00996
7.1	  0.00992
7.2	  0.00964
7.3	  0.0092
7.4	  0.00912
7.5	  0.00888
7.6	  0.00844
7.7	  0.00768
7.8	  0.00624
7.9	  0.00388
8.0	  0.00168
8.1	  3.6E-4
8.2	  1.2E-4
8.3	  4.0E-5
8.4	  0.0
8.5	  0.0
8.6	  0.0
8.7	  0.0
8.8	  0.0
8.9	  0.0
9.0	  0.0


