
X-Axis: Magnitude
Y-Axis: 1 Hour Cumulative Number
Number of Data Sets: 9


DATASET #1

     Name: Mean
   Points: 66
     Info: 

Data[x,y]:
2.5	  863.0349
2.6	  685.524
2.7	  544.4973
2.8	  432.4728
2.9	  343.57047
3.0	  272.8506
3.1	  216.7241
3.2	  172.14258
3.3	  136.72957
3.4	  108.59037
3.5	  86.25293
3.6	  68.4971
3.7	  54.414383
3.8	  43.2084
3.9	  34.307583
4.0	  27.23925
4.1	  21.624088
4.2	  17.159618
4.3	  13.612687
4.4	  10.797327
4.5	  8.567722
4.6	  6.7818813
4.7	  5.374314
4.8	  4.258784
4.9	  3.3681047
5.0	  2.6562517
5.1	  2.09099
5.2	  1.6454738
5.3	  1.2888684
5.4	  1.0056719
5.5	  0.7809335
5.6	  0.60719943
5.7	  0.4654314
5.8	  0.3539321
5.9	  0.26669025
6.0	  0.20428571
6.1	  0.15067892
6.2	  0.09831683
6.3	  0.07493635
6.4	  0.05652051
6.5	  0.044780765
6.6	  0.038260255
6.7	  0.03161245
6.8	  0.026421499
6.9	  0.020622348
7.0	  0.01582744
7.1	  0.013168317
7.2	  0.009490807
7.3	  0.006577086
7.4	  0.0059547382
7.5	  0.0046958984
7.6	  0.0024186703
7.7	  6.364922E-4
7.8	  4.101839E-4
7.9	  1.980198E-4
8.0	  9.90099E-5
8.1	  4.2432814E-5
8.2	  0.0
8.3	  0.0
8.4	  0.0
8.5	  0.0
8.6	  0.0
8.7	  0.0
8.8	  0.0
8.9	  0.0
9.0	  0.0



DATASET #2

     Name: 2.5%,97.5%
   Points: 66
     Info: 

Data[x,y]:
2.5	  746.0
2.6	  588.0
2.7	  463.0
2.8	  363.0
2.9	  285.0
3.0	  223.0
3.1	  174.0
3.2	  136.0
3.3	  106.0
3.4	  82.0
3.5	  63.0
3.6	  49.0
3.7	  37.0
3.8	  28.0
3.9	  21.0
4.0	  16.0
4.1	  12.0
4.2	  9.0
4.3	  6.0
4.4	  4.0
4.5	  3.0
4.6	  2.0
4.7	  1.0
4.8	  1.0
4.9	  0.0
5.0	  0.0
5.1	  0.0
5.2	  0.0
5.3	  0.0
5.4	  0.0
5.5	  0.0
5.6	  0.0
5.7	  0.0
5.8	  0.0
5.9	  0.0
6.0	  0.0
6.1	  0.0
6.2	  0.0
6.3	  0.0
6.4	  0.0
6.5	  0.0
6.6	  0.0
6.7	  0.0
6.8	  0.0
6.9	  0.0
7.0	  0.0
7.1	  0.0
7.2	  0.0
7.3	  0.0
7.4	  0.0
7.5	  0.0
7.6	  0.0
7.7	  0.0
7.8	  0.0
7.9	  0.0
8.0	  0.0
8.1	  0.0
8.2	  0.0
8.3	  0.0
8.4	  0.0
8.5	  0.0
8.6	  0.0
8.7	  0.0
8.8	  0.0
8.9	  0.0
9.0	  0.0



DATASET #3

     Name: null
   Points: 66
     Info: 

Data[x,y]:
2.5	  1207.0
2.6	  958.0
2.7	  762.0
2.8	  606.0
2.9	  481.0
3.0	  383.0
3.1	  304.0
3.2	  243.0
3.3	  194.0
3.4	  155.0
3.5	  124.0
3.6	  100.0
3.7	  80.0
3.8	  65.0
3.9	  53.0
4.0	  43.0
4.1	  35.0
4.2	  29.0
4.3	  24.0
4.4	  20.0
4.5	  16.0
4.6	  14.0
4.7	  11.0
4.8	  10.0
4.9	  8.0
5.0	  7.0
5.1	  6.0
5.2	  5.0
5.3	  4.0
5.4	  4.0
5.5	  3.0
5.6	  3.0
5.7	  2.0
5.8	  2.0
5.9	  2.0
6.0	  1.0
6.1	  1.0
6.2	  1.0
6.3	  1.0
6.4	  1.0
6.5	  1.0
6.6	  1.0
6.7	  1.0
6.8	  1.0
6.9	  0.0
7.0	  0.0
7.1	  0.0
7.2	  0.0
7.3	  0.0
7.4	  0.0
7.5	  0.0
7.6	  0.0
7.7	  0.0
7.8	  0.0
7.9	  0.0
8.0	  0.0
8.1	  0.0
8.2	  0.0
8.3	  0.0
8.4	  0.0
8.5	  0.0
8.6	  0.0
8.7	  0.0
8.8	  0.0
8.9	  0.0
9.0	  0.0



DATASET #4

     Name: Median
   Points: 66
     Info: 

Data[x,y]:
2.5	  827.0
2.6	  657.0
2.7	  523.0
2.8	  415.0
2.9	  330.0
3.0	  263.0
3.1	  209.0
3.2	  166.0
3.3	  132.0
3.4	  105.0
3.5	  83.0
3.6	  66.0
3.7	  52.0
3.8	  42.0
3.9	  33.0
4.0	  26.0
4.1	  21.0
4.2	  16.0
4.3	  13.0
4.4	  10.0
4.5	  8.0
4.6	  6.0
4.7	  5.0
4.8	  4.0
4.9	  3.0
5.0	  2.0
5.1	  2.0
5.2	  1.0
5.3	  1.0
5.4	  1.0
5.5	  1.0
5.6	  0.0
5.7	  0.0
5.8	  0.0
5.9	  0.0
6.0	  0.0
6.1	  0.0
6.2	  0.0
6.3	  0.0
6.4	  0.0
6.5	  0.0
6.6	  0.0
6.7	  0.0
6.8	  0.0
6.9	  0.0
7.0	  0.0
7.1	  0.0
7.2	  0.0
7.3	  0.0
7.4	  0.0
7.5	  0.0
7.6	  0.0
7.7	  0.0
7.8	  0.0
7.9	  0.0
8.0	  0.0
8.1	  0.0
8.2	  0.0
8.3	  0.0
8.4	  0.0
8.5	  0.0
8.6	  0.0
8.7	  0.0
8.8	  0.0
8.9	  0.0
9.0	  0.0



DATASET #5

     Name: Mode
   Points: 66
     Info: 

Data[x,y]:
2.5	  819.0
2.6	  647.0
2.7	  511.0
2.8	  408.0
2.9	  322.0
3.0	  264.0
3.1	  201.0
3.2	  163.0
3.3	  131.0
3.4	  103.0
3.5	  80.0
3.6	  65.0
3.7	  51.0
3.8	  41.0
3.9	  32.0
4.0	  25.0
4.1	  21.0
4.2	  16.0
4.3	  12.0
4.4	  10.0
4.5	  8.0
4.6	  6.0
4.7	  5.0
4.8	  3.0
4.9	  3.0
5.0	  2.0
5.1	  1.0
5.2	  1.0
5.3	  1.0
5.4	  0.0
5.5	  0.0
5.6	  0.0
5.7	  0.0
5.8	  0.0
5.9	  0.0
6.0	  0.0
6.1	  0.0
6.2	  0.0
6.3	  0.0
6.4	  0.0
6.5	  0.0
6.6	  0.0
6.7	  0.0
6.8	  0.0
6.9	  0.0
7.0	  0.0
7.1	  0.0
7.2	  0.0
7.3	  0.0
7.4	  0.0
7.5	  0.0
7.6	  0.0
7.7	  0.0
7.8	  0.0
7.9	  0.0
8.0	  0.0
8.1	  0.0
8.2	  0.0
8.3	  0.0
8.4	  0.0
8.5	  0.0
8.6	  0.0
8.7	  0.0
8.8	  0.0
8.9	  0.0
9.0	  0.0



DATASET #6

     Name: 1 hr Prob
   Points: 66
     Info: 

Data[x,y]:
2.5	  1.0
2.6	  1.0
2.7	  1.0
2.8	  1.0
2.9	  1.0
3.0	  1.0
3.1	  1.0
3.2	  1.0
3.3	  1.0
3.4	  1.0
3.5	  1.0
3.6	  1.0
3.7	  1.0
3.8	  1.0
3.9	  1.0
4.0	  1.0
4.1	  1.0
4.2	  1.0
4.3	  0.9999859
4.4	  0.99992925
4.5	  0.9995049
4.6	  0.9978784
4.7	  0.99214995
4.8	  0.97889674
4.9	  0.95288545
5.0	  0.911273
5.1	  0.85390383
5.2	  0.78206503
5.3	  0.6980057
5.4	  0.60892504
5.5	  0.51828855
5.6	  0.43472418
5.7	  0.3553607
5.8	  0.284413
5.9	  0.22461103
6.0	  0.1775106
6.1	  0.13490807
6.2	  0.09055163
6.3	  0.070254594
6.4	  0.053465348
6.5	  0.0425884
6.6	  0.03678925
6.7	  0.030664781
6.8	  0.025841584
6.9	  0.020240452
7.0	  0.015657708
7.1	  0.0130693065
7.2	  0.009434229
7.3	  0.0065346533
7.4	  0.0059123053
7.5	  0.0046676095
7.6	  0.002404526
7.7	  6.223479E-4
7.8	  4.101839E-4
7.9	  1.980198E-4
8.0	  9.90099E-5
8.1	  4.2432814E-5
8.2	  0.0
8.3	  0.0
8.4	  0.0
8.5	  0.0
8.6	  0.0
8.7	  0.0
8.8	  0.0
8.9	  0.0
9.0	  0.0



DATASET #7

Name: 95% Conf
Num Points: 66
Info: 

X, Y Data:
2.5	1.0	[1.0	1.0]
2.6	1.0	[1.0	1.0]
2.7	1.0	[1.0	1.0]
2.8	1.0	[1.0	1.0]
2.9	1.0	[1.0	1.0]
3.0	1.0	[1.0	1.0]
3.1	1.0	[1.0	1.0]
3.2	1.0	[1.0	1.0]
3.3	1.0	[1.0	1.0]
3.4	1.0	[1.0	1.0]
3.5	1.0	[1.0	1.0]
3.6	1.0	[1.0	1.0]
3.7	1.0	[1.0	1.0]
3.8	1.0	[1.0	1.0]
3.9	1.0	[1.0	1.0]
4.0	1.0	[1.0	1.0]
4.1	1.0	[1.0	1.0]
4.2	1.0	[1.0	1.0]
4.3	0.9999859	[0.99990815	0.9999993]
4.4	0.99992925	[0.9998246	0.99997395]
4.5	0.9995049	[0.9993034	0.99964994]
4.6	0.9978784	[0.99750346	0.99819803]
4.7	0.99214995	[0.99146473	0.99278104]
4.8	0.97889674	[0.9778037	0.9799374]
4.9	0.95288545	[0.9512916	0.9544298]
5.0	0.911273	[0.9091474	0.91335374]
5.1	0.85390383	[0.8512739	0.8564952]
5.2	0.78206503	[0.77899945	0.7850999]
5.3	0.6980057	[0.6946035	0.7013862]
5.4	0.60892504	[0.60531497	0.61252326]
5.5	0.51828855	[0.51459736	0.5219777]
5.6	0.43472418	[0.43106663	0.43838885]
5.7	0.3553607	[0.3518335	0.35890362]
5.8	0.284413	[0.2810923	0.28775722]
5.9	0.22461103	[0.22154276	0.22770931]
6.0	0.1775106	[0.17470454	0.18035181]
6.1	0.13490807	[0.13240264	0.13745327]
6.2	0.09055163	[0.08845146	0.092696436]
6.3	0.070254594	[0.068386935	0.07216913]
6.4	0.053465348	[0.051824253	0.05515517]
6.5	0.0425884	[0.04111766	0.044109087]
6.6	0.03678925	[0.035419673	0.03820942]
6.7	0.030664781	[0.029412255	0.031968594]
6.8	0.025841584	[0.024690624	0.027044382]
6.9	0.020240452	[0.019221282	0.021312114]
7.0	0.015657708	[0.014761671	0.016606785]
7.1	0.0130693065	[0.012251345	0.013940629]
7.2	0.009434229	[0.008741004	0.010181291]
7.3	0.0065346533	[0.0059601953	0.007163373]
7.4	0.0059123053	[0.005366678	0.006512296]
7.5	0.0046676095	[0.0041846903	0.005205112]
7.6	0.002404526	[0.0020629922	0.002801189]
7.7	6.223479E-4	[4.5762325E-4	8.434039E-4]
7.8	4.101839E-4	[2.798221E-4	5.9736555E-4]
7.9	1.980198E-4	[1.1269833E-4	3.412364E-4]
8.0	9.90099E-5	[4.3385517E-5	2.1387152E-4]
8.1	4.2432814E-5	[1.0958741E-5	1.3521433E-4]
8.2	0.0	[0.0	6.7738874E-5]
8.3	0.0	[0.0	6.7738874E-5]
8.4	0.0	[0.0	0.0]
8.5	0.0	[0.0	0.0]
8.6	0.0	[0.0	0.0]
8.7	0.0	[0.0	0.0]
8.8	0.0	[0.0	0.0]
8.9	0.0	[0.0	0.0]
9.0	0.0	[0.0	0.0]



DATASET #8

     Name: Supra
   Points: 66
     Info: 

Data[x,y]:
2.5	  0.06777935
2.6	  0.06777935
2.7	  0.06777935
2.8	  0.06777935
2.9	  0.06777935
3.0	  0.06777935
3.1	  0.06777935
3.2	  0.06777935
3.3	  0.06777935
3.4	  0.06777935
3.5	  0.06777935
3.6	  0.06777935
3.7	  0.06777935
3.8	  0.06777935
3.9	  0.06777935
4.0	  0.06777935
4.1	  0.06777935
4.2	  0.06777935
4.3	  0.06777935
4.4	  0.06777935
4.5	  0.06777935
4.6	  0.06777935
4.7	  0.06777935
4.8	  0.06777935
4.9	  0.06777935
5.0	  0.06777935
5.1	  0.06777935
5.2	  0.06777935
5.3	  0.06777935
5.4	  0.06777935
5.5	  0.06777935
5.6	  0.06777935
5.7	  0.06777935
5.8	  0.06777935
5.9	  0.067765206
6.0	  0.06775106
6.1	  0.0601273
6.2	  0.046449788
6.3	  0.039957568
6.4	  0.034922205
6.5	  0.03056577
6.6	  0.028670438
6.7	  0.025106082
6.8	  0.021782178
6.9	  0.017708628
7.0	  0.0142008485
7.1	  0.012263084
7.2	  0.009066478
7.3	  0.006364922
7.4	  0.005884017
7.5	  0.0046534655
7.6	  0.0023903819
7.7	  6.223479E-4
7.8	  4.101839E-4
7.9	  1.980198E-4
8.0	  9.90099E-5
8.1	  4.2432814E-5
8.2	  0.0
8.3	  0.0
8.4	  0.0
8.5	  0.0
8.6	  0.0
8.7	  0.0
8.8	  0.0
8.9	  0.0
9.0	  0.0



DATASET #9

     Name: Primary
   Points: 66
     Info: 

Data[x,y]:
2.5	  719.07886
2.6	  571.15857
2.7	  453.64243
2.8	  360.31616
2.9	  286.25632
3.0	  227.32816
3.1	  180.5384
3.2	  143.40527
3.3	  113.903465
3.4	  90.46366
3.5	  71.84935
3.6	  57.056973
3.7	  45.329945
3.8	  35.99707
3.9	  28.573353
4.0	  22.684216
4.1	  18.009052
4.2	  14.289434
4.3	  11.335234
4.4	  8.986026
4.5	  7.1281614
4.6	  5.6442714
4.7	  4.4713297
4.8	  3.5439887
4.9	  2.8026874
5.0	  2.2080197
5.1	  1.7401698
5.2	  1.368628
5.3	  1.0721923
5.4	  0.8362376
5.5	  0.6498303
5.6	  0.5055021
5.7	  0.38711455
5.8	  0.29493636
5.9	  0.22244696
6.0	  0.17001414
6.1	  0.12599717
6.2	  0.08227723
6.3	  0.062998585
6.4	  0.04748232
6.5	  0.03758133
6.6	  0.032432813
6.7	  0.026874116
6.8	  0.022531824
6.9	  0.017694484
7.0	  0.0136067895
7.1	  0.011230552
7.2	  0.008019802
7.3	  0.0055869874
7.4	  0.005049505
7.5	  0.0039462517
7.6	  0.0019660539
7.7	  5.0919375E-4
7.8	  3.2531825E-4
7.9	  1.6973125E-4
8.0	  8.486563E-5
8.1	  2.8288543E-5
8.2	  0.0
8.3	  0.0
8.4	  0.0
8.5	  0.0
8.6	  0.0
8.7	  0.0
8.8	  0.0
8.9	  0.0
9.0	  0.0


