
X-Axis: Magnitude
Y-Axis: 1 Week Cumulative Number
Number of Data Sets: 9


DATASET #1

     Name: Mean
   Points: 66
     Info: 

Data[x,y]:
2.5	  2799.6204
2.6	  2223.2146
2.7	  1766.5212
2.8	  1403.474
2.9	  1114.3467
3.0	  884.8868
3.1	  702.2028
3.2	  557.64856
3.3	  442.53067
3.4	  351.64624
3.5	  279.20755
3.6	  221.90802
3.7	  176.1651
3.8	  139.82076
3.9	  111.22642
4.0	  88.37264
4.1	  70.35142
4.2	  55.93868
4.3	  44.235847
4.4	  35.007076
4.5	  27.900944
4.6	  22.061321
4.7	  17.535378
4.8	  13.929245
4.9	  11.1061325
5.0	  8.771227
5.1	  6.9646225
5.2	  5.5471697
5.3	  4.408019
5.4	  3.4316037
5.5	  2.7169812
5.6	  2.1391509
5.7	  1.6650944
5.8	  1.3231132
5.9	  1.023585
6.0	  0.7924528
6.1	  0.6509434
6.2	  0.5259434
6.3	  0.4056604
6.4	  0.31132075
6.5	  0.26179245
6.6	  0.19339623
6.7	  0.14386792
6.8	  0.12264151
6.9	  0.106132075
7.0	  0.08726415
7.1	  0.070754714
7.2	  0.061320756
7.3	  0.056603774
7.4	  0.04481132
7.5	  0.04009434
7.6	  0.035377357
7.7	  0.03301887
7.8	  0.030660378
7.9	  0.021226415
8.0	  0.011792453
8.1	  0.007075472
8.2	  0.004716981
8.3	  0.0
8.4	  0.0
8.5	  0.0
8.6	  0.0
8.7	  0.0
8.8	  0.0
8.9	  0.0
9.0	  0.0



DATASET #2

     Name: 2.5%,97.5%
   Points: 66
     Info: 

Data[x,y]:
2.5	  1751.0
2.6	  1377.0
2.7	  1099.0
2.8	  866.0
2.9	  685.0
3.0	  538.0
3.1	  417.0
3.2	  323.0
3.3	  258.0
3.4	  202.0
3.5	  159.0
3.6	  125.0
3.7	  96.0
3.8	  73.0
3.9	  57.0
4.0	  44.0
4.1	  33.0
4.2	  25.0
4.3	  19.0
4.4	  14.0
4.5	  10.0
4.6	  7.0
4.7	  5.0
4.8	  4.0
4.9	  2.0
5.0	  1.0
5.1	  1.0
5.2	  0.0
5.3	  0.0
5.4	  0.0
5.5	  0.0
5.6	  0.0
5.7	  0.0
5.8	  0.0
5.9	  0.0
6.0	  0.0
6.1	  0.0
6.2	  0.0
6.3	  0.0
6.4	  0.0
6.5	  0.0
6.6	  0.0
6.7	  0.0
6.8	  0.0
6.9	  0.0
7.0	  0.0
7.1	  0.0
7.2	  0.0
7.3	  0.0
7.4	  0.0
7.5	  0.0
7.6	  0.0
7.7	  0.0
7.8	  0.0
7.9	  0.0
8.0	  0.0
8.1	  0.0
8.2	  0.0
8.3	  0.0
8.4	  0.0
8.5	  0.0
8.6	  0.0
8.7	  0.0
8.8	  0.0
8.9	  0.0
9.0	  0.0



DATASET #3

     Name: null
   Points: 66
     Info: 

Data[x,y]:
2.5	  8096.0
2.6	  6455.0
2.7	  5169.0
2.8	  4136.0
2.9	  3325.0
3.0	  2657.0
3.1	  2096.0
3.2	  1681.0
3.3	  1338.0
3.4	  1087.0
3.5	  845.0
3.6	  667.0
3.7	  542.0
3.8	  435.0
3.9	  335.0
4.0	  269.0
4.1	  216.0
4.2	  169.0
4.3	  126.0
4.4	  99.0
4.5	  76.0
4.6	  60.0
4.7	  48.0
4.8	  40.0
4.9	  32.0
5.0	  28.0
5.1	  23.0
5.2	  19.0
5.3	  15.0
5.4	  12.0
5.5	  11.0
5.6	  8.0
5.7	  6.0
5.8	  6.0
5.9	  4.0
6.0	  4.0
6.1	  3.0
6.2	  2.0
6.3	  2.0
6.4	  2.0
6.5	  2.0
6.6	  2.0
6.7	  2.0
6.8	  2.0
6.9	  1.0
7.0	  1.0
7.1	  1.0
7.2	  1.0
7.3	  1.0
7.4	  1.0
7.5	  0.0
7.6	  0.0
7.7	  0.0
7.8	  0.0
7.9	  0.0
8.0	  0.0
8.1	  0.0
8.2	  0.0
8.3	  0.0
8.4	  0.0
8.5	  0.0
8.6	  0.0
8.7	  0.0
8.8	  0.0
8.9	  0.0
9.0	  0.0



DATASET #4

     Name: Median
   Points: 66
     Info: 

Data[x,y]:
2.5	  2060.0
2.6	  1634.0
2.7	  1303.0
2.8	  1028.0
2.9	  816.0
3.0	  652.0
3.1	  518.0
3.2	  411.0
3.3	  328.0
3.4	  261.0
3.5	  207.0
3.6	  166.0
3.7	  132.0
3.8	  105.0
3.9	  83.0
4.0	  66.0
4.1	  53.0
4.2	  42.0
4.3	  33.0
4.4	  26.0
4.5	  21.0
4.6	  17.0
4.7	  13.0
4.8	  11.0
4.9	  8.0
5.0	  7.0
5.1	  5.0
5.2	  4.0
5.3	  3.0
5.4	  2.0
5.5	  2.0
5.6	  1.0
5.7	  1.0
5.8	  1.0
5.9	  1.0
6.0	  0.0
6.1	  0.0
6.2	  0.0
6.3	  0.0
6.4	  0.0
6.5	  0.0
6.6	  0.0
6.7	  0.0
6.8	  0.0
6.9	  0.0
7.0	  0.0
7.1	  0.0
7.2	  0.0
7.3	  0.0
7.4	  0.0
7.5	  0.0
7.6	  0.0
7.7	  0.0
7.8	  0.0
7.9	  0.0
8.0	  0.0
8.1	  0.0
8.2	  0.0
8.3	  0.0
8.4	  0.0
8.5	  0.0
8.6	  0.0
8.7	  0.0
8.8	  0.0
8.9	  0.0
9.0	  0.0



DATASET #5

     Name: Mode
   Points: 66
     Info: 

Data[x,y]:
2.5	  1979.0
2.6	  1507.0
2.7	  1265.0
2.8	  955.0
2.9	  803.0
3.0	  631.0
3.1	  510.0
3.2	  373.0
3.3	  294.0
3.4	  245.0
3.5	  194.0
3.6	  167.0
3.7	  121.0
3.8	  109.0
3.9	  82.0
4.0	  68.0
4.1	  53.0
4.2	  37.0
4.3	  28.0
4.4	  23.0
4.5	  22.0
4.6	  13.0
4.7	  13.0
4.8	  8.0
4.9	  9.0
5.0	  8.0
5.1	  5.0
5.2	  4.0
5.3	  3.0
5.4	  1.0
5.5	  1.0
5.6	  1.0
5.7	  1.0
5.8	  0.0
5.9	  0.0
6.0	  0.0
6.1	  0.0
6.2	  0.0
6.3	  0.0
6.4	  0.0
6.5	  0.0
6.6	  0.0
6.7	  0.0
6.8	  0.0
6.9	  0.0
7.0	  0.0
7.1	  0.0
7.2	  0.0
7.3	  0.0
7.4	  0.0
7.5	  0.0
7.6	  0.0
7.7	  0.0
7.8	  0.0
7.9	  0.0
8.0	  0.0
8.1	  0.0
8.2	  0.0
8.3	  0.0
8.4	  0.0
8.5	  0.0
8.6	  0.0
8.7	  0.0
8.8	  0.0
8.9	  0.0
9.0	  0.0



DATASET #6

     Name: 1 wk Prob
   Points: 66
     Info: 

Data[x,y]:
2.5	  1.0
2.6	  1.0
2.7	  1.0
2.8	  1.0
2.9	  1.0
3.0	  1.0
3.1	  1.0
3.2	  1.0
3.3	  1.0
3.4	  1.0
3.5	  1.0
3.6	  1.0
3.7	  1.0
3.8	  1.0
3.9	  1.0
4.0	  1.0
4.1	  1.0
4.2	  1.0
4.3	  1.0
4.4	  1.0
4.5	  1.0
4.6	  1.0
4.7	  1.0
4.8	  1.0
4.9	  1.0
5.0	  0.9929245
5.1	  0.9882075
5.2	  0.9693396
5.3	  0.9433962
5.4	  0.9268868
5.5	  0.8632075
5.6	  0.8042453
5.7	  0.7075472
5.8	  0.6179245
5.9	  0.5283019
6.0	  0.4528302
6.1	  0.375
6.2	  0.3254717
6.3	  0.254717
6.4	  0.1981132
6.5	  0.1721698
6.6	  0.13207547
6.7	  0.08962264
6.8	  0.0754717
6.9	  0.068396226
7.0	  0.051886793
7.1	  0.04245283
7.2	  0.04009434
7.3	  0.03773585
7.4	  0.028301887
7.5	  0.023584906
7.6	  0.023584906
7.7	  0.023584906
7.8	  0.021226415
7.9	  0.016509434
8.0	  0.009433962
8.1	  0.004716981
8.2	  0.004716981
8.3	  0.0
8.4	  0.0
8.5	  0.0
8.6	  0.0
8.7	  0.0
8.8	  0.0
8.9	  0.0
9.0	  0.0



DATASET #7

Name: 95% Conf
Num Points: 66
Info: 

X, Y Data:
2.5	1.0	[1.0	1.0]
2.6	1.0	[1.0	1.0]
2.7	1.0	[1.0	1.0]
2.8	1.0	[1.0	1.0]
2.9	1.0	[1.0	1.0]
3.0	1.0	[1.0	1.0]
3.1	1.0	[1.0	1.0]
3.2	1.0	[1.0	1.0]
3.3	1.0	[1.0	1.0]
3.4	1.0	[1.0	1.0]
3.5	1.0	[1.0	1.0]
3.6	1.0	[1.0	1.0]
3.7	1.0	[1.0	1.0]
3.8	1.0	[1.0	1.0]
3.9	1.0	[1.0	1.0]
4.0	1.0	[1.0	1.0]
4.1	1.0	[1.0	1.0]
4.2	1.0	[1.0	1.0]
4.3	1.0	[1.0	1.0]
4.4	1.0	[1.0	1.0]
4.5	1.0	[1.0	1.0]
4.6	1.0	[1.0	1.0]
4.7	1.0	[1.0	1.0]
4.8	1.0	[1.0	1.0]
4.9	1.0	[1.0	1.0]
5.0	0.9929245	[0.97768605	0.9981709]
5.1	0.9882075	[0.9710757	0.99565065]
5.2	0.9693396	[0.946797	0.98286986]
5.3	0.9433962	[0.9157825	0.96262926]
5.4	0.9268868	[0.896743	0.94900566]
5.5	0.8632075	[0.8259373	0.8937224]
5.6	0.8042453	[0.7625632	0.8402943]
5.7	0.7075472	[0.6613201	0.7499461]
5.8	0.6179245	[0.56961584	0.6640618]
5.9	0.5283019	[0.47956938	0.5765136]
6.0	0.4528302	[0.40492624	0.5016022]
6.1	0.375	[0.32909435	0.42320758]
6.2	0.3254717	[0.28148505	0.37267497]
6.3	0.254717	[0.21446835	0.29949492]
6.4	0.1981132	[0.16187364	0.2399414]
6.5	0.1721698	[0.1381463	0.21227218]
6.6	0.13207547	[0.10207851	0.16891906]
6.7	0.08962264	[0.064980805	0.12194935]
6.8	0.0754717	[0.05297277	0.10594623]
6.9	0.068396226	[0.047059752	0.09785729]
7.0	0.051886793	[0.03356413	0.078696206]
7.1	0.04245283	[0.026098302	0.06751544]
7.2	0.04009434	[0.024267897	0.0646867]
7.3	0.03773585	[0.022454266	0.061842475]
7.4	0.028301887	[0.015401219	0.05028172]
7.5	0.023584906	[0.01202896	0.044362973]
7.6	0.023584906	[0.01202896	0.044362973]
7.7	0.023584906	[0.01202896	0.044362973]
7.8	0.021226415	[0.010393608	0.041359022]
7.9	0.016509434	[0.007253107	0.035239518]
8.0	0.009433962	[0.003026295	0.025665471]
8.1	0.004716981	[8.1742264E-4	0.018836522]
8.2	0.004716981	[8.1742264E-4	0.018836522]
8.3	0.0	[0.0	0.011193216]
8.4	0.0	[0.0	0.0]
8.5	0.0	[0.0	0.0]
8.6	0.0	[0.0	0.0]
8.7	0.0	[0.0	0.0]
8.8	0.0	[0.0	0.0]
8.9	0.0	[0.0	0.0]
9.0	0.0	[0.0	0.0]



DATASET #8

     Name: Supra
   Points: 66
     Info: 

Data[x,y]:
2.5	  0.0
2.6	  0.0
2.7	  0.0
2.8	  0.0
2.9	  0.0
3.0	  0.0
3.1	  0.0
3.2	  0.0
3.3	  0.0
3.4	  0.0
3.5	  0.0
3.6	  0.0
3.7	  0.0
3.8	  0.0
3.9	  0.0
4.0	  0.0
4.1	  0.0
4.2	  0.0
4.3	  0.0
4.4	  0.0
4.5	  0.0
4.6	  0.0
4.7	  0.0
4.8	  0.0
4.9	  0.0
5.0	  0.0
5.1	  0.0
5.2	  0.0
5.3	  0.0
5.4	  0.0
5.5	  0.0
5.6	  0.0
5.7	  0.0
5.8	  0.0
5.9	  0.0
6.0	  0.0
6.1	  0.0
6.2	  0.0
6.3	  0.0
6.4	  0.0
6.5	  0.0
6.6	  0.0
6.7	  0.0
6.8	  0.0
6.9	  0.0
7.0	  0.0
7.1	  0.0
7.2	  0.0
7.3	  0.0
7.4	  0.0
7.5	  0.0
7.6	  0.0
7.7	  0.0
7.8	  0.0
7.9	  0.0
8.0	  0.0
8.1	  0.0
8.2	  0.0
8.3	  0.0
8.4	  0.0
8.5	  0.0
8.6	  0.0
8.7	  0.0
8.8	  0.0
8.9	  0.0
9.0	  0.0



DATASET #9

     Name: Primary
   Points: 66
     Info: 

Data[x,y]:
2.5	  1431.5731
2.6	  1136.8702
2.7	  903.1415
2.8	  716.93634
2.9	  569.0566
3.0	  451.40567
3.1	  358.90802
3.2	  285.55188
3.3	  226.40094
3.4	  179.92453
3.5	  142.78537
3.6	  113.504715
3.7	  90.08255
3.8	  71.495285
3.9	  56.747643
4.0	  45.212265
4.1	  35.99528
4.2	  28.615566
4.3	  22.573112
4.4	  17.870283
4.5	  14.294811
4.6	  11.351415
4.7	  9.014151
4.8	  7.1768866
4.9	  5.7594337
5.0	  4.6037736
5.1	  3.6485848
5.2	  2.9599056
5.3	  2.3584905
5.4	  1.8679246
5.5	  1.4457548
5.6	  1.1839622
5.7	  0.9339623
5.8	  0.740566
5.9	  0.5707547
6.0	  0.4504717
6.1	  0.36792454
6.2	  0.29245284
6.3	  0.22877358
6.4	  0.1721698
6.5	  0.13915095
6.6	  0.10377359
6.7	  0.06367925
6.8	  0.054245282
6.9	  0.04245283
7.0	  0.03301887
7.1	  0.025943397
7.2	  0.021226415
7.3	  0.018867925
7.4	  0.014150944
7.5	  0.014150944
7.6	  0.014150944
7.7	  0.014150944
7.8	  0.014150944
7.9	  0.009433962
8.0	  0.007075472
8.1	  0.004716981
8.2	  0.004716981
8.3	  0.0
8.4	  0.0
8.5	  0.0
8.6	  0.0
8.7	  0.0
8.8	  0.0
8.9	  0.0
9.0	  0.0


