
X-Axis: Magnitude
Y-Axis: 1 Year Cumulative Number
Number of Data Sets: 9


DATASET #1

     Name: Mean
   Points: 66
     Info: 

Data[x,y]:
2.5	  5807.2676
2.6	  4611.2305
2.7	  3662.7026
2.8	  2909.1152
2.9	  2311.4944
3.0	  1836.2565
3.1	  1457.4647
3.2	  1156.8513
3.3	  920.1301
3.4	  731.14124
3.5	  580.57623
3.6	  460.1933
3.7	  365.13382
3.8	  289.1487
3.9	  229.56877
4.0	  181.95538
4.1	  144.52045
4.2	  114.86617
4.3	  91.29368
4.4	  72.35688
4.5	  57.524162
4.6	  45.77695
4.7	  36.579926
4.8	  29.178438
4.9	  23.267658
5.0	  18.431227
5.1	  14.520446
5.2	  11.442379
5.3	  9.148699
5.4	  7.3197026
5.5	  5.8141265
5.6	  4.527881
5.7	  3.6505575
5.8	  2.8698885
5.9	  2.2602232
6.0	  1.7509294
6.1	  1.4052044
6.2	  1.1375464
6.3	  0.8624535
6.4	  0.7026022
6.5	  0.5650558
6.6	  0.43122676
6.7	  0.330855
6.8	  0.24535316
6.9	  0.21189591
7.0	  0.18215613
7.1	  0.14869888
7.2	  0.12267658
7.3	  0.10780669
7.4	  0.08550186
7.5	  0.059479553
7.6	  0.05204461
7.7	  0.048327137
7.8	  0.044609666
7.9	  0.026022306
8.0	  0.007434944
8.1	  0.003717472
8.2	  0.003717472
8.3	  0.0
8.4	  0.0
8.5	  0.0
8.6	  0.0
8.7	  0.0
8.8	  0.0
8.9	  0.0
9.0	  0.0



DATASET #2

     Name: 2.5%,97.5%
   Points: 66
     Info: 

Data[x,y]:
2.5	  2920.0
2.6	  2318.0
2.7	  1836.0
2.8	  1455.0
2.9	  1156.0
3.0	  904.0
3.1	  711.0
3.2	  565.0
3.3	  440.0
3.4	  350.0
3.5	  275.0
3.6	  216.0
3.7	  169.0
3.8	  133.0
3.9	  100.0
4.0	  80.0
4.1	  61.0
4.2	  47.0
4.3	  33.0
4.4	  25.0
4.5	  19.0
4.6	  14.0
4.7	  10.0
4.8	  8.0
4.9	  6.0
5.0	  3.0
5.1	  2.0
5.2	  1.0
5.3	  1.0
5.4	  1.0
5.5	  0.0
5.6	  0.0
5.7	  0.0
5.8	  0.0
5.9	  0.0
6.0	  0.0
6.1	  0.0
6.2	  0.0
6.3	  0.0
6.4	  0.0
6.5	  0.0
6.6	  0.0
6.7	  0.0
6.8	  0.0
6.9	  0.0
7.0	  0.0
7.1	  0.0
7.2	  0.0
7.3	  0.0
7.4	  0.0
7.5	  0.0
7.6	  0.0
7.7	  0.0
7.8	  0.0
7.9	  0.0
8.0	  0.0
8.1	  0.0
8.2	  0.0
8.3	  0.0
8.4	  0.0
8.5	  0.0
8.6	  0.0
8.7	  0.0
8.8	  0.0
8.9	  0.0
9.0	  0.0



DATASET #3

     Name: null
   Points: 66
     Info: 

Data[x,y]:
2.5	  28868.0
2.6	  22955.0
2.7	  18206.0
2.8	  14335.0
2.9	  11442.0
3.0	  9127.0
3.1	  7228.0
3.2	  5721.0
3.3	  4568.0
3.4	  3668.0
3.5	  2904.0
3.6	  2323.0
3.7	  1863.0
3.8	  1452.0
3.9	  1148.0
4.0	  895.0
4.1	  736.0
4.2	  581.0
4.3	  470.0
4.4	  382.0
4.5	  295.0
4.6	  243.0
4.7	  184.0
4.8	  150.0
4.9	  118.0
5.0	  98.0
5.1	  83.0
5.2	  66.0
5.3	  48.0
5.4	  40.0
5.5	  31.0
5.6	  24.0
5.7	  19.0
5.8	  16.0
5.9	  14.0
6.0	  11.0
6.1	  9.0
6.2	  6.0
6.3	  6.0
6.4	  5.0
6.5	  5.0
6.6	  4.0
6.7	  3.0
6.8	  3.0
6.9	  2.0
7.0	  2.0
7.1	  1.0
7.2	  1.0
7.3	  1.0
7.4	  1.0
7.5	  1.0
7.6	  1.0
7.7	  1.0
7.8	  1.0
7.9	  0.0
8.0	  0.0
8.1	  0.0
8.2	  0.0
8.3	  0.0
8.4	  0.0
8.5	  0.0
8.6	  0.0
8.7	  0.0
8.8	  0.0
8.9	  0.0
9.0	  0.0



DATASET #4

     Name: Median
   Points: 66
     Info: 

Data[x,y]:
2.5	  3760.0
2.6	  3007.0
2.7	  2379.0
2.8	  1883.0
2.9	  1486.0
3.0	  1188.0
3.1	  949.0
3.2	  749.0
3.3	  602.0
3.4	  478.0
3.5	  380.0
3.6	  300.0
3.7	  241.0
3.8	  192.0
3.9	  150.0
4.0	  119.0
4.1	  95.0
4.2	  75.0
4.3	  60.0
4.4	  48.0
4.5	  38.0
4.6	  31.0
4.7	  24.0
4.8	  19.0
4.9	  16.0
5.0	  13.0
5.1	  10.0
5.2	  8.0
5.3	  6.0
5.4	  5.0
5.5	  4.0
5.6	  3.0
5.7	  2.0
5.8	  2.0
5.9	  1.0
6.0	  1.0
6.1	  1.0
6.2	  0.0
6.3	  0.0
6.4	  0.0
6.5	  0.0
6.6	  0.0
6.7	  0.0
6.8	  0.0
6.9	  0.0
7.0	  0.0
7.1	  0.0
7.2	  0.0
7.3	  0.0
7.4	  0.0
7.5	  0.0
7.6	  0.0
7.7	  0.0
7.8	  0.0
7.9	  0.0
8.0	  0.0
8.1	  0.0
8.2	  0.0
8.3	  0.0
8.4	  0.0
8.5	  0.0
8.6	  0.0
8.7	  0.0
8.8	  0.0
8.9	  0.0
9.0	  0.0



DATASET #5

     Name: Mode
   Points: 66
     Info: 

Data[x,y]:
2.5	  3485.0
2.6	  2832.0
2.7	  2224.0
2.8	  1585.0
2.9	  1398.0
3.0	  952.0
3.1	  899.0
3.2	  648.0
3.3	  600.0
3.4	  421.0
3.5	  359.0
3.6	  254.0
3.7	  218.0
3.8	  188.0
3.9	  148.0
4.0	  107.0
4.1	  93.0
4.2	  60.0
4.3	  60.0
4.4	  50.0
4.5	  35.0
4.6	  31.0
4.7	  20.0
4.8	  18.0
4.9	  13.0
5.0	  9.0
5.1	  9.0
5.2	  8.0
5.3	  3.0
5.4	  3.0
5.5	  3.0
5.6	  1.0
5.7	  1.0
5.8	  1.0
5.9	  0.0
6.0	  0.0
6.1	  0.0
6.2	  0.0
6.3	  0.0
6.4	  0.0
6.5	  0.0
6.6	  0.0
6.7	  0.0
6.8	  0.0
6.9	  0.0
7.0	  0.0
7.1	  0.0
7.2	  0.0
7.3	  0.0
7.4	  0.0
7.5	  0.0
7.6	  0.0
7.7	  0.0
7.8	  0.0
7.9	  0.0
8.0	  0.0
8.1	  0.0
8.2	  0.0
8.3	  0.0
8.4	  0.0
8.5	  0.0
8.6	  0.0
8.7	  0.0
8.8	  0.0
8.9	  0.0
9.0	  0.0



DATASET #6

     Name: 1 yr Prob
   Points: 66
     Info: 

Data[x,y]:
2.5	  1.0
2.6	  1.0
2.7	  1.0
2.8	  1.0
2.9	  1.0
3.0	  1.0
3.1	  1.0
3.2	  1.0
3.3	  1.0
3.4	  1.0
3.5	  1.0
3.6	  1.0
3.7	  1.0
3.8	  1.0
3.9	  1.0
4.0	  1.0
4.1	  1.0
4.2	  1.0
4.3	  1.0
4.4	  1.0
4.5	  1.0
4.6	  1.0
4.7	  1.0
4.8	  1.0
4.9	  1.0
5.0	  1.0
5.1	  1.0
5.2	  0.9962825
5.3	  0.9888476
5.4	  0.97769517
5.5	  0.94423795
5.6	  0.91449815
5.7	  0.85130113
5.8	  0.7769517
5.9	  0.7063197
6.0	  0.6431227
6.1	  0.55018586
6.2	  0.49070632
6.3	  0.40892193
6.4	  0.3345725
6.5	  0.2825279
6.6	  0.21933086
6.7	  0.1598513
6.8	  0.12267658
6.9	  0.10780669
7.0	  0.09293681
7.1	  0.08550186
7.2	  0.078066915
7.3	  0.0669145
7.4	  0.055762082
7.5	  0.03717472
7.6	  0.03717472
7.7	  0.03717472
7.8	  0.03345725
7.9	  0.022304833
8.0	  0.007434944
8.1	  0.003717472
8.2	  0.003717472
8.3	  0.0
8.4	  0.0
8.5	  0.0
8.6	  0.0
8.7	  0.0
8.8	  0.0
8.9	  0.0
9.0	  0.0



DATASET #7

Name: 95% Conf
Num Points: 66
Info: 

X, Y Data:
2.5	1.0	[1.0	1.0]
2.6	1.0	[1.0	1.0]
2.7	1.0	[1.0	1.0]
2.8	1.0	[1.0	1.0]
2.9	1.0	[1.0	1.0]
3.0	1.0	[1.0	1.0]
3.1	1.0	[1.0	1.0]
3.2	1.0	[1.0	1.0]
3.3	1.0	[1.0	1.0]
3.4	1.0	[1.0	1.0]
3.5	1.0	[1.0	1.0]
3.6	1.0	[1.0	1.0]
3.7	1.0	[1.0	1.0]
3.8	1.0	[1.0	1.0]
3.9	1.0	[1.0	1.0]
4.0	1.0	[1.0	1.0]
4.1	1.0	[1.0	1.0]
4.2	1.0	[1.0	1.0]
4.3	1.0	[1.0	1.0]
4.4	1.0	[1.0	1.0]
4.5	1.0	[1.0	1.0]
4.6	1.0	[1.0	1.0]
4.7	1.0	[1.0	1.0]
4.8	1.0	[1.0	1.0]
4.9	1.0	[1.0	1.0]
5.0	1.0	[1.0	1.0]
5.1	1.0	[1.0	1.0]
5.2	0.9962825	[0.97621346	0.9998059]
5.3	0.9888476	[0.96503806	0.9971154]
5.4	0.97769517	[0.94972306	0.9909011]
5.5	0.94423795	[0.9078071	0.9673383]
5.6	0.91449815	[0.87282455	0.9438645]
5.7	0.85130113	[0.80180347	0.8904796]
5.8	0.7769517	[0.7215258	0.82429016]
5.9	0.7063197	[0.64736336	0.75926936]
6.0	0.6431227	[0.58232784	0.69975734]
6.1	0.55018586	[0.48859105	0.6103236]
6.2	0.49070632	[0.42968965	0.5519928]
6.3	0.40892193	[0.35006145	0.47042772]
6.4	0.3345725	[0.27910918	0.39484656]
6.5	0.2825279	[0.23035136	0.34103814]
6.6	0.21933086	[0.17233875	0.2745206]
6.7	0.1598513	[0.11926196	0.21042046]
6.8	0.12267658	[0.08711712	0.16935706]
6.9	0.10780669	[0.074557334	0.15264408]
7.0	0.09293681	[0.062212996	0.13572498]
7.1	0.08550186	[0.056135476	0.12717544]
7.2	0.078066915	[0.05013079	0.11855708]
7.3	0.0669145	[0.041281663	0.105481386]
7.4	0.055762082	[0.032661688	0.092192896]
7.5	0.03717472	[0.019000584	0.06940402]
7.6	0.03717472	[0.019000584	0.06940402]
7.7	0.03717472	[0.019000584	0.06940402]
7.8	0.03345725	[0.016414182	0.06471685]
7.9	0.022304833	[0.009098885	0.05027693]
8.0	0.007434944	[0.0012888081	0.029521015]
8.1	0.003717472	[1.9407735E-4	0.023786547]
8.2	0.003717472	[1.9407735E-4	0.023786547]
8.3	0.0	[0.0	0.017551018]
8.4	0.0	[0.0	0.0]
8.5	0.0	[0.0	0.0]
8.6	0.0	[0.0	0.0]
8.7	0.0	[0.0	0.0]
8.8	0.0	[0.0	0.0]
8.9	0.0	[0.0	0.0]
9.0	0.0	[0.0	0.0]



DATASET #8

     Name: Supra
   Points: 66
     Info: 

Data[x,y]:
2.5	  0.0
2.6	  0.0
2.7	  0.0
2.8	  0.0
2.9	  0.0
3.0	  0.0
3.1	  0.0
3.2	  0.0
3.3	  0.0
3.4	  0.0
3.5	  0.0
3.6	  0.0
3.7	  0.0
3.8	  0.0
3.9	  0.0
4.0	  0.0
4.1	  0.0
4.2	  0.0
4.3	  0.0
4.4	  0.0
4.5	  0.0
4.6	  0.0
4.7	  0.0
4.8	  0.0
4.9	  0.0
5.0	  0.0
5.1	  0.0
5.2	  0.0
5.3	  0.0
5.4	  0.0
5.5	  0.0
5.6	  0.0
5.7	  0.0
5.8	  0.0
5.9	  0.0
6.0	  0.0
6.1	  0.0
6.2	  0.0
6.3	  0.0
6.4	  0.0
6.5	  0.0
6.6	  0.0
6.7	  0.0
6.8	  0.0
6.9	  0.0
7.0	  0.0
7.1	  0.0
7.2	  0.0
7.3	  0.0
7.4	  0.0
7.5	  0.0
7.6	  0.0
7.7	  0.0
7.8	  0.0
7.9	  0.0
8.0	  0.0
8.1	  0.0
8.2	  0.0
8.3	  0.0
8.4	  0.0
8.5	  0.0
8.6	  0.0
8.7	  0.0
8.8	  0.0
8.9	  0.0
9.0	  0.0



DATASET #9

     Name: Primary
   Points: 66
     Info: 

Data[x,y]:
2.5	  2084.9739
2.6	  1654.6357
2.7	  1313.0446
2.8	  1042.4126
2.9	  827.53534
3.0	  656.88104
3.1	  522.171
3.2	  415.56134
3.3	  329.96655
3.4	  262.24908
3.5	  208.36803
3.6	  165.0855
3.7	  130.84015
3.8	  103.602234
3.9	  81.843864
4.0	  65.16729
4.1	  51.858738
4.2	  41.15985
4.3	  32.877323
4.4	  26.111525
4.5	  20.791822
4.6	  16.69145
4.7	  13.420074
4.8	  10.747211
4.9	  8.527881
5.0	  6.8215613
5.1	  5.32342
5.2	  4.2490706
5.3	  3.4460967
5.4	  2.717472
5.5	  2.0334573
5.6	  1.6356877
5.7	  1.3011153
5.8	  1.0297397
5.9	  0.8289963
6.0	  0.6319703
6.1	  0.51301116
6.2	  0.4126394
6.3	  0.31598514
6.4	  0.2527881
6.5	  0.20817845
6.6	  0.14869888
6.7	  0.10408922
6.8	  0.08550186
6.9	  0.07063197
7.0	  0.063197024
7.1	  0.05204461
7.2	  0.044609666
7.3	  0.040892195
7.4	  0.03345725
7.5	  0.026022306
7.6	  0.026022306
7.7	  0.026022306
7.8	  0.026022306
7.9	  0.0111524165
8.0	  0.007434944
8.1	  0.003717472
8.2	  0.003717472
8.3	  0.0
8.4	  0.0
8.5	  0.0
8.6	  0.0
8.7	  0.0
8.8	  0.0
8.9	  0.0
9.0	  0.0


