
X-Axis: Magnitude
Y-Axis: 1 Day Cumulative Number
Number of Data Sets: 9


DATASET #1

     Name: Mean
   Points: 66
     Info: 

Data[x,y]:
2.5	  5.3977284
2.6	  4.2840986
2.7	  3.400716
2.8	  2.6999507
2.9	  2.1468642
3.0	  1.7024444
3.1	  1.348963
3.2	  1.0678024
3.3	  0.84866667
3.4	  0.66933334
3.5	  0.5309136
3.6	  0.42182717
3.7	  0.33659258
3.8	  0.2653827
3.9	  0.20935802
4.0	  0.16488889
4.1	  0.1308889
4.2	  0.10348148
4.3	  0.08293827
4.4	  0.06641975
4.5	  0.053160492
4.6	  0.042271607
4.7	  0.03362963
4.8	  0.02617284
4.9	  0.019925926
5.0	  0.015506173
5.1	  0.012691358
5.2	  0.009925926
5.3	  0.008049383
5.4	  0.0059012347
5.5	  0.004567901
5.6	  0.0037037036
5.7	  0.0029382715
5.8	  0.0023703703
5.9	  0.0018765432
6.0	  0.0015308642
6.1	  0.0011851852
6.2	  6.419753E-4
6.3	  4.691358E-4
6.4	  3.9506174E-4
6.5	  3.2098766E-4
6.6	  2.2222222E-4
6.7	  2.2222222E-4
6.8	  1.9753087E-4
6.9	  1.9753087E-4
7.0	  1.2345679E-4
7.1	  9.8765435E-5
7.2	  7.407407E-5
7.3	  4.9382717E-5
7.4	  4.9382717E-5
7.5	  4.9382717E-5
7.6	  0.0
7.7	  0.0
7.8	  0.0
7.9	  0.0
8.0	  0.0
8.1	  0.0
8.2	  0.0
8.3	  0.0
8.4	  0.0
8.5	  0.0
8.6	  0.0
8.7	  0.0
8.8	  0.0
8.9	  0.0
9.0	  0.0



DATASET #2

     Name: 2.5%,97.5%
   Points: 66
     Info: 

Data[x,y]:
2.5	  1.0
2.6	  0.0
2.7	  0.0
2.8	  0.0
2.9	  0.0
3.0	  0.0
3.1	  0.0
3.2	  0.0
3.3	  0.0
3.4	  0.0
3.5	  0.0
3.6	  0.0
3.7	  0.0
3.8	  0.0
3.9	  0.0
4.0	  0.0
4.1	  0.0
4.2	  0.0
4.3	  0.0
4.4	  0.0
4.5	  0.0
4.6	  0.0
4.7	  0.0
4.8	  0.0
4.9	  0.0
5.0	  0.0
5.1	  0.0
5.2	  0.0
5.3	  0.0
5.4	  0.0
5.5	  0.0
5.6	  0.0
5.7	  0.0
5.8	  0.0
5.9	  0.0
6.0	  0.0
6.1	  0.0
6.2	  0.0
6.3	  0.0
6.4	  0.0
6.5	  0.0
6.6	  0.0
6.7	  0.0
6.8	  0.0
6.9	  0.0
7.0	  0.0
7.1	  0.0
7.2	  0.0
7.3	  0.0
7.4	  0.0
7.5	  0.0
7.6	  0.0
7.7	  0.0
7.8	  0.0
7.9	  0.0
8.0	  0.0
8.1	  0.0
8.2	  0.0
8.3	  0.0
8.4	  0.0
8.5	  0.0
8.6	  0.0
8.7	  0.0
8.8	  0.0
8.9	  0.0
9.0	  0.0



DATASET #3

     Name: null
   Points: 66
     Info: 

Data[x,y]:
2.5	  12.0
2.6	  10.0
2.7	  9.0
2.8	  7.0
2.9	  6.0
3.0	  5.0
3.1	  5.0
3.2	  4.0
3.3	  3.0
3.4	  3.0
3.5	  3.0
3.6	  2.0
3.7	  2.0
3.8	  2.0
3.9	  2.0
4.0	  1.0
4.1	  1.0
4.2	  1.0
4.3	  1.0
4.4	  1.0
4.5	  1.0
4.6	  1.0
4.7	  1.0
4.8	  0.0
4.9	  0.0
5.0	  0.0
5.1	  0.0
5.2	  0.0
5.3	  0.0
5.4	  0.0
5.5	  0.0
5.6	  0.0
5.7	  0.0
5.8	  0.0
5.9	  0.0
6.0	  0.0
6.1	  0.0
6.2	  0.0
6.3	  0.0
6.4	  0.0
6.5	  0.0
6.6	  0.0
6.7	  0.0
6.8	  0.0
6.9	  0.0
7.0	  0.0
7.1	  0.0
7.2	  0.0
7.3	  0.0
7.4	  0.0
7.5	  0.0
7.6	  0.0
7.7	  0.0
7.8	  0.0
7.9	  0.0
8.0	  0.0
8.1	  0.0
8.2	  0.0
8.3	  0.0
8.4	  0.0
8.5	  0.0
8.6	  0.0
8.7	  0.0
8.8	  0.0
8.9	  0.0
9.0	  0.0



DATASET #4

     Name: Median
   Points: 66
     Info: 

Data[x,y]:
2.5	  4.0
2.6	  3.0
2.7	  3.0
2.8	  2.0
2.9	  2.0
3.0	  1.0
3.1	  1.0
3.2	  1.0
3.3	  0.0
3.4	  0.0
3.5	  0.0
3.6	  0.0
3.7	  0.0
3.8	  0.0
3.9	  0.0
4.0	  0.0
4.1	  0.0
4.2	  0.0
4.3	  0.0
4.4	  0.0
4.5	  0.0
4.6	  0.0
4.7	  0.0
4.8	  0.0
4.9	  0.0
5.0	  0.0
5.1	  0.0
5.2	  0.0
5.3	  0.0
5.4	  0.0
5.5	  0.0
5.6	  0.0
5.7	  0.0
5.8	  0.0
5.9	  0.0
6.0	  0.0
6.1	  0.0
6.2	  0.0
6.3	  0.0
6.4	  0.0
6.5	  0.0
6.6	  0.0
6.7	  0.0
6.8	  0.0
6.9	  0.0
7.0	  0.0
7.1	  0.0
7.2	  0.0
7.3	  0.0
7.4	  0.0
7.5	  0.0
7.6	  0.0
7.7	  0.0
7.8	  0.0
7.9	  0.0
8.0	  0.0
8.1	  0.0
8.2	  0.0
8.3	  0.0
8.4	  0.0
8.5	  0.0
8.6	  0.0
8.7	  0.0
8.8	  0.0
8.9	  0.0
9.0	  0.0



DATASET #5

     Name: Mode
   Points: 66
     Info: 

Data[x,y]:
2.5	  4.0
2.6	  3.0
2.7	  2.0
2.8	  2.0
2.9	  1.0
3.0	  1.0
3.1	  0.0
3.2	  0.0
3.3	  0.0
3.4	  0.0
3.5	  0.0
3.6	  0.0
3.7	  0.0
3.8	  0.0
3.9	  0.0
4.0	  0.0
4.1	  0.0
4.2	  0.0
4.3	  0.0
4.4	  0.0
4.5	  0.0
4.6	  0.0
4.7	  0.0
4.8	  0.0
4.9	  0.0
5.0	  0.0
5.1	  0.0
5.2	  0.0
5.3	  0.0
5.4	  0.0
5.5	  0.0
5.6	  0.0
5.7	  0.0
5.8	  0.0
5.9	  0.0
6.0	  0.0
6.1	  0.0
6.2	  0.0
6.3	  0.0
6.4	  0.0
6.5	  0.0
6.6	  0.0
6.7	  0.0
6.8	  0.0
6.9	  0.0
7.0	  0.0
7.1	  0.0
7.2	  0.0
7.3	  0.0
7.4	  0.0
7.5	  0.0
7.6	  0.0
7.7	  0.0
7.8	  0.0
7.9	  0.0
8.0	  0.0
8.1	  0.0
8.2	  0.0
8.3	  0.0
8.4	  0.0
8.5	  0.0
8.6	  0.0
8.7	  0.0
8.8	  0.0
8.9	  0.0
9.0	  0.0



DATASET #6

     Name: 1 d Prob
   Points: 66
     Info: 

Data[x,y]:
2.5	  0.98474073
2.6	  0.9647161
2.7	  0.93046916
2.8	  0.8816543
2.9	  0.81760496
3.0	  0.7412593
3.1	  0.6577778
3.2	  0.5741481
3.3	  0.4974321
3.4	  0.41832098
3.5	  0.34953088
3.6	  0.29120988
3.7	  0.24111111
3.8	  0.1962469
3.9	  0.15901235
4.0	  0.12780248
4.1	  0.10330864
4.2	  0.08303703
4.3	  0.06733333
4.4	  0.0545679
4.5	  0.04419753
4.6	  0.03528395
4.7	  0.028370371
4.8	  0.022320988
4.9	  0.017061729
5.0	  0.013481482
5.1	  0.0112345675
5.2	  0.008864198
5.3	  0.0072839507
5.4	  0.0053580245
5.5	  0.004123457
5.6	  0.003382716
5.7	  0.0026666666
5.8	  0.0021481481
5.9	  0.0016790123
6.0	  0.0013580247
6.1	  0.0010864198
6.2	  5.925926E-4
6.3	  4.4444445E-4
6.4	  3.7037037E-4
6.5	  2.962963E-4
6.6	  1.9753087E-4
6.7	  1.9753087E-4
6.8	  1.728395E-4
6.9	  1.728395E-4
7.0	  9.8765435E-5
7.1	  7.407407E-5
7.2	  7.407407E-5
7.3	  4.9382717E-5
7.4	  4.9382717E-5
7.5	  4.9382717E-5
7.6	  0.0
7.7	  0.0
7.8	  0.0
7.9	  0.0
8.0	  0.0
8.1	  0.0
8.2	  0.0
8.3	  0.0
8.4	  0.0
8.5	  0.0
8.6	  0.0
8.7	  0.0
8.8	  0.0
8.9	  0.0
9.0	  0.0



DATASET #7

Name: 95% Conf
Num Points: 66
Info: 

X, Y Data:
2.5	0.98474073	[0.98348725	0.98590136]
2.6	0.9647161	[0.962862	0.9664813]
2.7	0.93046916	[0.9279383	0.9329179]
2.8	0.8816543	[0.87845963	0.88477635]
2.9	0.81760496	[0.8138014	0.821348]
3.0	0.7412593	[0.73695886	0.7455138]
3.1	0.6577778	[0.65312976	0.6623958]
3.2	0.5741481	[0.56931317	0.57896906]
3.3	0.4974321	[0.49255064	0.50231403]
3.4	0.41832098	[0.41351238	0.42314512]
3.5	0.34953088	[0.3448891	0.35420123]
3.6	0.29120988	[0.28679278	0.2956667]
3.7	0.24111111	[0.23695745	0.24531403]
3.8	0.1962469	[0.19239551	0.20015612]
3.9	0.15901235	[0.15547092	0.16261867]
4.0	0.12780248	[0.12457386	0.13110195]
4.1	0.10330864	[0.10036971	0.10632314]
4.2	0.08303703	[0.08037681	0.085776724]
4.3	0.06733333	[0.06492135	0.06982781]
4.4	0.0545679	[0.052385602	0.056835167]
4.5	0.04419753	[0.042226553	0.046255503]
4.6	0.03528395	[0.033518657	0.037138]
4.7	0.028370371	[0.026785553	0.030045336]
4.8	0.022320988	[0.02091495	0.023818415]
4.9	0.017061729	[0.015833609	0.018382354]
5.0	0.013481482	[0.012391712	0.014664552]
5.1	0.0112345675	[0.010241653	0.012321311]
5.2	0.008864198	[0.007985038	0.00983778]
5.3	0.0072839507	[0.006489576	0.00817318]
5.4	0.0053580245	[0.004680904	0.0061306]
5.5	0.004123457	[0.0035332208	0.004809611]
5.6	0.003382716	[0.0028510767	0.0040106084]
5.7	0.0026666666	[0.002198196	0.0032317855]
5.8	0.0021481481	[0.0017309518	0.0026623537]
5.9	0.0016790123	[0.0013138737	0.002141584]
6.0	0.0013580247	[0.0010328401	0.0017810247]
6.1	0.0010864198	[7.989034E-4	0.0014721779]
6.2	5.925926E-4	[3.883543E-4	8.964026E-4]
6.3	4.4444445E-4	[2.7161062E-4	7.1759254E-4]
6.4	3.7037037E-4	[2.1517539E-4	6.2639406E-4]
6.5	2.962963E-4	[1.605538E-4	5.335469E-4]
6.6	1.9753087E-4	[9.18496E-5	4.0610353E-4]
6.7	1.9753087E-4	[9.18496E-5	4.0610353E-4]
6.8	1.728395E-4	[7.573807E-5	3.7333096E-4]
6.9	1.728395E-4	[7.573807E-5	3.7333096E-4]
7.0	9.8765435E-5	[3.1638658E-5	2.715945E-4]
7.1	7.407407E-5	[1.9130526E-5	2.3602978E-4]
7.2	7.407407E-5	[1.9130526E-5	2.3602978E-4]
7.3	4.9382717E-5	[8.553384E-6	1.9915988E-4]
7.4	4.9382717E-5	[8.553384E-6	1.9915988E-4]
7.5	4.9382717E-5	[8.553384E-6	1.9915988E-4]
7.6	0.0	[0.0	1.1824549E-4]
7.7	0.0	[0.0	1.1824549E-4]
7.8	0.0	[0.0	1.1824549E-4]
7.9	0.0	[0.0	1.1824549E-4]
8.0	0.0	[0.0	1.1824549E-4]
8.1	0.0	[0.0	1.1824549E-4]
8.2	0.0	[0.0	1.1824549E-4]
8.3	0.0	[0.0	1.1824549E-4]
8.4	0.0	[0.0	0.0]
8.5	0.0	[0.0	0.0]
8.6	0.0	[0.0	0.0]
8.7	0.0	[0.0	0.0]
8.8	0.0	[0.0	0.0]
8.9	0.0	[0.0	0.0]
9.0	0.0	[0.0	0.0]



DATASET #8

     Name: Supra
   Points: 66
     Info: 

Data[x,y]:
2.5	  5.6790124E-4
2.6	  5.6790124E-4
2.7	  5.6790124E-4
2.8	  5.6790124E-4
2.9	  5.6790124E-4
3.0	  5.6790124E-4
3.1	  5.6790124E-4
3.2	  5.6790124E-4
3.3	  5.6790124E-4
3.4	  5.6790124E-4
3.5	  5.6790124E-4
3.6	  5.6790124E-4
3.7	  5.6790124E-4
3.8	  5.6790124E-4
3.9	  5.6790124E-4
4.0	  5.6790124E-4
4.1	  5.6790124E-4
4.2	  5.6790124E-4
4.3	  5.6790124E-4
4.4	  5.6790124E-4
4.5	  5.6790124E-4
4.6	  5.6790124E-4
4.7	  5.6790124E-4
4.8	  5.6790124E-4
4.9	  5.6790124E-4
5.0	  5.6790124E-4
5.1	  5.6790124E-4
5.2	  5.6790124E-4
5.3	  5.6790124E-4
5.4	  5.6790124E-4
5.5	  5.6790124E-4
5.6	  5.6790124E-4
5.7	  5.6790124E-4
5.8	  5.6790124E-4
5.9	  5.6790124E-4
6.0	  5.6790124E-4
6.1	  5.185185E-4
6.2	  3.2098766E-4
6.3	  2.2222222E-4
6.4	  1.9753087E-4
6.5	  1.4814814E-4
6.6	  1.2345679E-4
6.7	  1.2345679E-4
6.8	  1.2345679E-4
6.9	  1.2345679E-4
7.0	  7.407407E-5
7.1	  4.9382717E-5
7.2	  4.9382717E-5
7.3	  4.9382717E-5
7.4	  4.9382717E-5
7.5	  4.9382717E-5
7.6	  0.0
7.7	  0.0
7.8	  0.0
7.9	  0.0
8.0	  0.0
8.1	  0.0
8.2	  0.0
8.3	  0.0
8.4	  0.0
8.5	  0.0
8.6	  0.0
8.7	  0.0
8.8	  0.0
8.9	  0.0
9.0	  0.0



DATASET #9

     Name: Primary
   Points: 66
     Info: 

Data[x,y]:
2.5	  4.176593
2.6	  3.3156297
2.7	  2.6333086
2.8	  2.0914814
2.9	  1.6614568
3.0	  1.3175062
3.1	  1.0421234
3.2	  0.8255309
3.3	  0.6565432
3.4	  0.51693827
3.5	  0.40906173
3.6	  0.32525927
3.7	  0.25967902
3.8	  0.20481482
3.9	  0.16135803
4.0	  0.12748148
4.1	  0.1005679
4.2	  0.079333335
4.3	  0.063160494
4.4	  0.05019753
4.5	  0.040197533
4.6	  0.032
4.7	  0.025382716
4.8	  0.019679012
4.9	  0.014839506
5.0	  0.011654321
5.1	  0.0098518515
5.2	  0.007728395
5.3	  0.006345679
5.4	  0.0047407406
5.5	  0.0036049383
5.6	  0.0029135803
5.7	  0.0023209876
5.8	  0.0018271605
5.9	  0.0014320988
6.0	  0.0011358025
6.1	  9.382716E-4
6.2	  4.691358E-4
6.3	  3.7037037E-4
6.4	  2.962963E-4
6.5	  2.4691358E-4
6.6	  1.728395E-4
6.7	  1.728395E-4
6.8	  1.4814814E-4
6.9	  1.4814814E-4
7.0	  7.407407E-5
7.1	  4.9382717E-5
7.2	  4.9382717E-5
7.3	  4.9382717E-5
7.4	  4.9382717E-5
7.5	  4.9382717E-5
7.6	  0.0
7.7	  0.0
7.8	  0.0
7.9	  0.0
8.0	  0.0
8.1	  0.0
8.2	  0.0
8.3	  0.0
8.4	  0.0
8.5	  0.0
8.6	  0.0
8.7	  0.0
8.8	  0.0
8.9	  0.0
9.0	  0.0


