
X-Axis: Magnitude
Y-Axis: 1 Hour Cumulative Number
Number of Data Sets: 9


DATASET #1

     Name: Mean
   Points: 66
     Info: 

Data[x,y]:
2.5	  0.19275132
2.6	  0.15333334
2.7	  0.12248677
2.8	  0.09804233
2.9	  0.078888886
3.0	  0.062275134
3.1	  0.048783068
3.2	  0.037724867
3.3	  0.03079365
3.4	  0.024338624
3.5	  0.0189418
3.6	  0.014814815
3.7	  0.012486773
3.8	  0.009153439
3.9	  0.006878307
4.0	  0.0055026454
4.1	  0.0043915343
4.2	  0.0033862435
4.3	  0.002962963
4.4	  0.0023280424
4.5	  0.001957672
4.6	  0.0015343915
4.7	  0.0012169313
4.8	  8.994709E-4
4.9	  6.878307E-4
5.0	  4.7619047E-4
5.1	  4.7619047E-4
5.2	  3.174603E-4
5.3	  2.6455027E-4
5.4	  1.0582011E-4
5.5	  1.0582011E-4
5.6	  1.0582011E-4
5.7	  1.0582011E-4
5.8	  1.0582011E-4
5.9	  5.2910054E-5
6.0	  5.2910054E-5
6.1	  0.0
6.2	  0.0
6.3	  0.0
6.4	  0.0
6.5	  0.0
6.6	  0.0
6.7	  0.0
6.8	  0.0
6.9	  0.0
7.0	  0.0
7.1	  0.0
7.2	  0.0
7.3	  0.0
7.4	  0.0
7.5	  0.0
7.6	  0.0
7.7	  0.0
7.8	  0.0
7.9	  0.0
8.0	  0.0
8.1	  0.0
8.2	  0.0
8.3	  0.0
8.4	  0.0
8.5	  0.0
8.6	  0.0
8.7	  0.0
8.8	  0.0
8.9	  0.0
9.0	  0.0



DATASET #2

     Name: 2.5%,97.5%
   Points: 66
     Info: 

Data[x,y]:
2.5	  0.0
2.6	  0.0
2.7	  0.0
2.8	  0.0
2.9	  0.0
3.0	  0.0
3.1	  0.0
3.2	  0.0
3.3	  0.0
3.4	  0.0
3.5	  0.0
3.6	  0.0
3.7	  0.0
3.8	  0.0
3.9	  0.0
4.0	  0.0
4.1	  0.0
4.2	  0.0
4.3	  0.0
4.4	  0.0
4.5	  0.0
4.6	  0.0
4.7	  0.0
4.8	  0.0
4.9	  0.0
5.0	  0.0
5.1	  0.0
5.2	  0.0
5.3	  0.0
5.4	  0.0
5.5	  0.0
5.6	  0.0
5.7	  0.0
5.8	  0.0
5.9	  0.0
6.0	  0.0
6.1	  0.0
6.2	  0.0
6.3	  0.0
6.4	  0.0
6.5	  0.0
6.6	  0.0
6.7	  0.0
6.8	  0.0
6.9	  0.0
7.0	  0.0
7.1	  0.0
7.2	  0.0
7.3	  0.0
7.4	  0.0
7.5	  0.0
7.6	  0.0
7.7	  0.0
7.8	  0.0
7.9	  0.0
8.0	  0.0
8.1	  0.0
8.2	  0.0
8.3	  0.0
8.4	  0.0
8.5	  0.0
8.6	  0.0
8.7	  0.0
8.8	  0.0
8.9	  0.0
9.0	  0.0



DATASET #3

     Name: null
   Points: 66
     Info: 

Data[x,y]:
2.5	  1.0
2.6	  1.0
2.7	  1.0
2.8	  1.0
2.9	  1.0
3.0	  1.0
3.1	  1.0
3.2	  1.0
3.3	  1.0
3.4	  0.0
3.5	  0.0
3.6	  0.0
3.7	  0.0
3.8	  0.0
3.9	  0.0
4.0	  0.0
4.1	  0.0
4.2	  0.0
4.3	  0.0
4.4	  0.0
4.5	  0.0
4.6	  0.0
4.7	  0.0
4.8	  0.0
4.9	  0.0
5.0	  0.0
5.1	  0.0
5.2	  0.0
5.3	  0.0
5.4	  0.0
5.5	  0.0
5.6	  0.0
5.7	  0.0
5.8	  0.0
5.9	  0.0
6.0	  0.0
6.1	  0.0
6.2	  0.0
6.3	  0.0
6.4	  0.0
6.5	  0.0
6.6	  0.0
6.7	  0.0
6.8	  0.0
6.9	  0.0
7.0	  0.0
7.1	  0.0
7.2	  0.0
7.3	  0.0
7.4	  0.0
7.5	  0.0
7.6	  0.0
7.7	  0.0
7.8	  0.0
7.9	  0.0
8.0	  0.0
8.1	  0.0
8.2	  0.0
8.3	  0.0
8.4	  0.0
8.5	  0.0
8.6	  0.0
8.7	  0.0
8.8	  0.0
8.9	  0.0
9.0	  0.0



DATASET #4

     Name: Median
   Points: 66
     Info: 

Data[x,y]:
2.5	  0.0
2.6	  0.0
2.7	  0.0
2.8	  0.0
2.9	  0.0
3.0	  0.0
3.1	  0.0
3.2	  0.0
3.3	  0.0
3.4	  0.0
3.5	  0.0
3.6	  0.0
3.7	  0.0
3.8	  0.0
3.9	  0.0
4.0	  0.0
4.1	  0.0
4.2	  0.0
4.3	  0.0
4.4	  0.0
4.5	  0.0
4.6	  0.0
4.7	  0.0
4.8	  0.0
4.9	  0.0
5.0	  0.0
5.1	  0.0
5.2	  0.0
5.3	  0.0
5.4	  0.0
5.5	  0.0
5.6	  0.0
5.7	  0.0
5.8	  0.0
5.9	  0.0
6.0	  0.0
6.1	  0.0
6.2	  0.0
6.3	  0.0
6.4	  0.0
6.5	  0.0
6.6	  0.0
6.7	  0.0
6.8	  0.0
6.9	  0.0
7.0	  0.0
7.1	  0.0
7.2	  0.0
7.3	  0.0
7.4	  0.0
7.5	  0.0
7.6	  0.0
7.7	  0.0
7.8	  0.0
7.9	  0.0
8.0	  0.0
8.1	  0.0
8.2	  0.0
8.3	  0.0
8.4	  0.0
8.5	  0.0
8.6	  0.0
8.7	  0.0
8.8	  0.0
8.9	  0.0
9.0	  0.0



DATASET #5

     Name: Mode
   Points: 66
     Info: 

Data[x,y]:
2.5	  0.0
2.6	  0.0
2.7	  0.0
2.8	  0.0
2.9	  0.0
3.0	  0.0
3.1	  0.0
3.2	  0.0
3.3	  0.0
3.4	  0.0
3.5	  0.0
3.6	  0.0
3.7	  0.0
3.8	  0.0
3.9	  0.0
4.0	  0.0
4.1	  0.0
4.2	  0.0
4.3	  0.0
4.4	  0.0
4.5	  0.0
4.6	  0.0
4.7	  0.0
4.8	  0.0
4.9	  0.0
5.0	  0.0
5.1	  0.0
5.2	  0.0
5.3	  0.0
5.4	  0.0
5.5	  0.0
5.6	  0.0
5.7	  0.0
5.8	  0.0
5.9	  0.0
6.0	  0.0
6.1	  0.0
6.2	  0.0
6.3	  0.0
6.4	  0.0
6.5	  0.0
6.6	  0.0
6.7	  0.0
6.8	  0.0
6.9	  0.0
7.0	  0.0
7.1	  0.0
7.2	  0.0
7.3	  0.0
7.4	  0.0
7.5	  0.0
7.6	  0.0
7.7	  0.0
7.8	  0.0
7.9	  0.0
8.0	  0.0
8.1	  0.0
8.2	  0.0
8.3	  0.0
8.4	  0.0
8.5	  0.0
8.6	  0.0
8.7	  0.0
8.8	  0.0
8.9	  0.0
9.0	  0.0



DATASET #6

     Name: 1 hr Prob
   Points: 66
     Info: 

Data[x,y]:
2.5	  0.16375661
2.6	  0.13269842
2.7	  0.107301585
2.8	  0.08746032
2.9	  0.07100529
3.0	  0.056560848
3.1	  0.045079365
3.2	  0.035079364
3.3	  0.028941799
3.4	  0.022857143
3.5	  0.017724868
3.6	  0.014021164
3.7	  0.012063492
3.8	  0.008730159
3.9	  0.0065608467
4.0	  0.005291005
4.1	  0.004179894
4.2	  0.0032275133
4.3	  0.0028042328
4.4	  0.0021693122
4.5	  0.0018518518
4.6	  0.0014814815
4.7	  0.0012169313
4.8	  8.994709E-4
4.9	  6.878307E-4
5.0	  4.7619047E-4
5.1	  4.7619047E-4
5.2	  3.174603E-4
5.3	  2.6455027E-4
5.4	  1.0582011E-4
5.5	  1.0582011E-4
5.6	  1.0582011E-4
5.7	  1.0582011E-4
5.8	  1.0582011E-4
5.9	  5.2910054E-5
6.0	  5.2910054E-5
6.1	  0.0
6.2	  0.0
6.3	  0.0
6.4	  0.0
6.5	  0.0
6.6	  0.0
6.7	  0.0
6.8	  0.0
6.9	  0.0
7.0	  0.0
7.1	  0.0
7.2	  0.0
7.3	  0.0
7.4	  0.0
7.5	  0.0
7.6	  0.0
7.7	  0.0
7.8	  0.0
7.9	  0.0
8.0	  0.0
8.1	  0.0
8.2	  0.0
8.3	  0.0
8.4	  0.0
8.5	  0.0
8.6	  0.0
8.7	  0.0
8.8	  0.0
8.9	  0.0
9.0	  0.0



DATASET #7

Name: 95% Conf
Num Points: 66
Info: 

X, Y Data:
2.5	0.16375661	[0.1585231	0.16912748]
2.6	0.13269842	[0.1279103	0.13763663]
2.7	0.107301585	[0.10294269	0.11182105]
2.8	0.08746032	[0.083490096	0.09159931]
2.9	0.07100529	[0.06740433	0.074781865]
3.0	0.056560848	[0.05333097	0.059972398]
3.1	0.045079365	[0.04218705	0.04815823]
3.2	0.035079364	[0.032523923	0.037825674]
3.3	0.028941799	[0.026620392	0.031456776]
3.4	0.022857143	[0.020796206	0.025114413]
3.5	0.017724868	[0.015914248	0.019734252]
3.6	0.014021164	[0.012415997	0.015826963]
3.7	0.012063492	[0.0105784675	0.0137501955]
3.8	0.008730159	[0.0074756425	0.010188316]
3.9	0.0065608467	[0.0054817265	0.007845109]
4.0	0.005291005	[0.0043285917	0.0064596045]
4.1	0.004179894	[0.0033318694	0.005235199]
4.2	0.0032275133	[0.0024904609	0.0041730255]
4.3	0.0028042328	[0.0021217647	0.0036958067]
4.4	0.0021693122	[0.0015771199	0.0029718177]
4.5	0.0018518518	[0.0013097675	0.0026050224]
4.6	0.0014814815	[0.0010035996	0.0021715912]
4.7	0.0012169313	[7.899335E-4	0.001857224]
4.8	8.994709E-4	[5.4138165E-4	0.0014726295]
4.9	6.878307E-4	[3.8257192E-4	0.0012098902]
5.0	4.7619047E-4	[2.3241289E-4	9.3941175E-4]
5.1	4.7619047E-4	[2.3241289E-4	9.3941175E-4]
5.2	3.174603E-4	[1.2905436E-4	7.2860793E-4]
5.3	2.6455027E-4	[9.739923E-5	6.560559E-4]
5.4	1.0582011E-4	[1.8328792E-5	4.2672E-4]
5.5	1.0582011E-4	[1.8328792E-5	4.2672E-4]
5.6	1.0582011E-4	[1.8328792E-5	4.2672E-4]
5.7	1.0582011E-4	[1.8328792E-5	4.2672E-4]
5.8	1.0582011E-4	[1.8328792E-5	4.2672E-4]
5.9	5.2910054E-5	[2.7618364E-6	3.4358707E-4]
6.0	5.2910054E-5	[2.7618364E-6	3.4358707E-4]
6.1	0.0	[0.0	2.5335542E-4]
6.2	0.0	[0.0	2.5335542E-4]
6.3	0.0	[0.0	2.5335542E-4]
6.4	0.0	[0.0	2.5335542E-4]
6.5	0.0	[0.0	2.5335542E-4]
6.6	0.0	[0.0	2.5335542E-4]
6.7	0.0	[0.0	2.5335542E-4]
6.8	0.0	[0.0	2.5335542E-4]
6.9	0.0	[0.0	2.5335542E-4]
7.0	0.0	[0.0	2.5335542E-4]
7.1	0.0	[0.0	2.5335542E-4]
7.2	0.0	[0.0	2.5335542E-4]
7.3	0.0	[0.0	2.5335542E-4]
7.4	0.0	[0.0	2.5335542E-4]
7.5	0.0	[0.0	2.5335542E-4]
7.6	0.0	[0.0	2.5335542E-4]
7.7	0.0	[0.0	2.5335542E-4]
7.8	0.0	[0.0	2.5335542E-4]
7.9	0.0	[0.0	2.5335542E-4]
8.0	0.0	[0.0	2.5335542E-4]
8.1	0.0	[0.0	2.5335542E-4]
8.2	0.0	[0.0	2.5335542E-4]
8.3	0.0	[0.0	2.5335542E-4]
8.4	0.0	[0.0	0.0]
8.5	0.0	[0.0	0.0]
8.6	0.0	[0.0	0.0]
8.7	0.0	[0.0	0.0]
8.8	0.0	[0.0	0.0]
8.9	0.0	[0.0	0.0]
9.0	0.0	[0.0	0.0]



DATASET #8

     Name: Supra
   Points: 66
     Info: 

Data[x,y]:
2.5	  0.0
2.6	  0.0
2.7	  0.0
2.8	  0.0
2.9	  0.0
3.0	  0.0
3.1	  0.0
3.2	  0.0
3.3	  0.0
3.4	  0.0
3.5	  0.0
3.6	  0.0
3.7	  0.0
3.8	  0.0
3.9	  0.0
4.0	  0.0
4.1	  0.0
4.2	  0.0
4.3	  0.0
4.4	  0.0
4.5	  0.0
4.6	  0.0
4.7	  0.0
4.8	  0.0
4.9	  0.0
5.0	  0.0
5.1	  0.0
5.2	  0.0
5.3	  0.0
5.4	  0.0
5.5	  0.0
5.6	  0.0
5.7	  0.0
5.8	  0.0
5.9	  0.0
6.0	  0.0
6.1	  0.0
6.2	  0.0
6.3	  0.0
6.4	  0.0
6.5	  0.0
6.6	  0.0
6.7	  0.0
6.8	  0.0
6.9	  0.0
7.0	  0.0
7.1	  0.0
7.2	  0.0
7.3	  0.0
7.4	  0.0
7.5	  0.0
7.6	  0.0
7.7	  0.0
7.8	  0.0
7.9	  0.0
8.0	  0.0
8.1	  0.0
8.2	  0.0
8.3	  0.0
8.4	  0.0
8.5	  0.0
8.6	  0.0
8.7	  0.0
8.8	  0.0
8.9	  0.0
9.0	  0.0



DATASET #9

     Name: Primary
   Points: 66
     Info: 

Data[x,y]:
2.5	  0.17915344
2.6	  0.14222223
2.7	  0.11375661
2.8	  0.09121693
2.9	  0.07354497
3.0	  0.05820106
3.1	  0.045873016
3.2	  0.035343915
3.3	  0.029153438
3.4	  0.023068784
3.5	  0.017883599
3.6	  0.014074074
3.7	  0.012010582
3.8	  0.008730159
3.9	  0.0066137565
4.0	  0.0052380953
4.1	  0.004126984
4.2	  0.0031746032
4.3	  0.0027513227
4.4	  0.0021164021
4.5	  0.0017989418
4.6	  0.0014285714
4.7	  0.0011640212
4.8	  8.4656087E-4
4.9	  6.349206E-4
5.0	  4.2328043E-4
5.1	  4.2328043E-4
5.2	  3.174603E-4
5.3	  2.6455027E-4
5.4	  1.0582011E-4
5.5	  1.0582011E-4
5.6	  1.0582011E-4
5.7	  1.0582011E-4
5.8	  1.0582011E-4
5.9	  5.2910054E-5
6.0	  5.2910054E-5
6.1	  0.0
6.2	  0.0
6.3	  0.0
6.4	  0.0
6.5	  0.0
6.6	  0.0
6.7	  0.0
6.8	  0.0
6.9	  0.0
7.0	  0.0
7.1	  0.0
7.2	  0.0
7.3	  0.0
7.4	  0.0
7.5	  0.0
7.6	  0.0
7.7	  0.0
7.8	  0.0
7.9	  0.0
8.0	  0.0
8.1	  0.0
8.2	  0.0
8.3	  0.0
8.4	  0.0
8.5	  0.0
8.6	  0.0
8.7	  0.0
8.8	  0.0
8.9	  0.0
9.0	  0.0


