
X-Axis: Magnitude
Y-Axis: 1 Month Cumulative Number
Number of Data Sets: 9


DATASET #1

     Name: Mean
   Points: 66
     Info: 

Data[x,y]:
2.5	  156.09335
2.6	  123.985725
2.7	  98.48301
2.8	  78.20853
2.9	  62.12353
3.0	  49.330635
3.1	  39.18354
3.2	  31.108524
3.3	  24.68611
3.4	  19.614473
3.5	  15.573309
3.6	  12.36138
3.7	  9.819767
3.8	  7.800428
3.9	  6.1930285
4.0	  4.913905
4.1	  3.906191
4.2	  3.0979216
4.3	  2.4595938
4.4	  1.9498967
4.5	  1.5489426
4.6	  1.2257847
4.7	  0.97157586
4.8	  0.76915205
4.9	  0.60840476
5.0	  0.47933537
5.1	  0.37859872
5.2	  0.29897454
5.3	  0.23490596
5.4	  0.1833769
5.5	  0.14314438
5.6	  0.111338586
5.7	  0.084650956
5.8	  0.06478147
5.9	  0.04889685
6.0	  0.03756375
6.1	  0.027071489
6.2	  0.018041566
6.3	  0.013636281
6.4	  0.010126675
6.5	  0.0076955417
6.6	  0.0063428814
6.7	  0.0049536624
6.8	  0.003984865
6.9	  0.0029612298
7.0	  0.0021569452
7.1	  0.0019010365
7.2	  0.0014806149
7.3	  9.870767E-4
7.4	  9.139598E-4
7.5	  7.4944703E-4
7.6	  4.204215E-4
7.7	  1.4623358E-4
7.8	  1.2795438E-4
7.9	  9.139598E-5
8.0	  3.6558395E-5
8.1	  1.8279197E-5
8.2	  0.0
8.3	  0.0
8.4	  0.0
8.5	  0.0
8.6	  0.0
8.7	  0.0
8.8	  0.0
8.9	  0.0
9.0	  0.0



DATASET #2

     Name: 2.5%,97.5%
   Points: 66
     Info: 

Data[x,y]:
2.5	  94.0
2.6	  72.0
2.7	  56.0
2.8	  43.0
2.9	  33.0
3.0	  25.0
3.1	  18.0
3.2	  14.0
3.3	  10.0
3.4	  7.0
3.5	  5.0
3.6	  4.0
3.7	  2.0
3.8	  1.0
3.9	  1.0
4.0	  0.0
4.1	  0.0
4.2	  0.0
4.3	  0.0
4.4	  0.0
4.5	  0.0
4.6	  0.0
4.7	  0.0
4.8	  0.0
4.9	  0.0
5.0	  0.0
5.1	  0.0
5.2	  0.0
5.3	  0.0
5.4	  0.0
5.5	  0.0
5.6	  0.0
5.7	  0.0
5.8	  0.0
5.9	  0.0
6.0	  0.0
6.1	  0.0
6.2	  0.0
6.3	  0.0
6.4	  0.0
6.5	  0.0
6.6	  0.0
6.7	  0.0
6.8	  0.0
6.9	  0.0
7.0	  0.0
7.1	  0.0
7.2	  0.0
7.3	  0.0
7.4	  0.0
7.5	  0.0
7.6	  0.0
7.7	  0.0
7.8	  0.0
7.9	  0.0
8.0	  0.0
8.1	  0.0
8.2	  0.0
8.3	  0.0
8.4	  0.0
8.5	  0.0
8.6	  0.0
8.7	  0.0
8.8	  0.0
8.9	  0.0
9.0	  0.0



DATASET #3

     Name: null
   Points: 66
     Info: 

Data[x,y]:
2.5	  339.0
2.6	  270.0
2.7	  215.0
2.8	  171.0
2.9	  136.0
3.0	  109.0
3.1	  87.0
3.2	  70.0
3.3	  56.0
3.4	  45.0
3.5	  36.0
3.6	  29.0
3.7	  24.0
3.8	  20.0
3.9	  16.0
4.0	  13.0
4.1	  11.0
4.2	  9.0
4.3	  8.0
4.4	  7.0
4.5	  6.0
4.6	  5.0
4.7	  4.0
4.8	  4.0
4.9	  3.0
5.0	  3.0
5.1	  2.0
5.2	  2.0
5.3	  2.0
5.4	  2.0
5.5	  1.0
5.6	  1.0
5.7	  1.0
5.8	  1.0
5.9	  1.0
6.0	  1.0
6.1	  0.0
6.2	  0.0
6.3	  0.0
6.4	  0.0
6.5	  0.0
6.6	  0.0
6.7	  0.0
6.8	  0.0
6.9	  0.0
7.0	  0.0
7.1	  0.0
7.2	  0.0
7.3	  0.0
7.4	  0.0
7.5	  0.0
7.6	  0.0
7.7	  0.0
7.8	  0.0
7.9	  0.0
8.0	  0.0
8.1	  0.0
8.2	  0.0
8.3	  0.0
8.4	  0.0
8.5	  0.0
8.6	  0.0
8.7	  0.0
8.8	  0.0
8.9	  0.0
9.0	  0.0



DATASET #4

     Name: Median
   Points: 66
     Info: 

Data[x,y]:
2.5	  127.0
2.6	  101.0
2.7	  80.0
2.8	  64.0
2.9	  51.0
3.0	  40.0
3.1	  32.0
3.2	  25.0
3.3	  20.0
3.4	  16.0
3.5	  13.0
3.6	  10.0
3.7	  8.0
3.8	  6.0
3.9	  5.0
4.0	  4.0
4.1	  3.0
4.2	  2.0
4.3	  2.0
4.4	  1.0
4.5	  1.0
4.6	  1.0
4.7	  1.0
4.8	  0.0
4.9	  0.0
5.0	  0.0
5.1	  0.0
5.2	  0.0
5.3	  0.0
5.4	  0.0
5.5	  0.0
5.6	  0.0
5.7	  0.0
5.8	  0.0
5.9	  0.0
6.0	  0.0
6.1	  0.0
6.2	  0.0
6.3	  0.0
6.4	  0.0
6.5	  0.0
6.6	  0.0
6.7	  0.0
6.8	  0.0
6.9	  0.0
7.0	  0.0
7.1	  0.0
7.2	  0.0
7.3	  0.0
7.4	  0.0
7.5	  0.0
7.6	  0.0
7.7	  0.0
7.8	  0.0
7.9	  0.0
8.0	  0.0
8.1	  0.0
8.2	  0.0
8.3	  0.0
8.4	  0.0
8.5	  0.0
8.6	  0.0
8.7	  0.0
8.8	  0.0
8.9	  0.0
9.0	  0.0



DATASET #5

     Name: Mode
   Points: 66
     Info: 

Data[x,y]:
2.5	  117.0
2.6	  96.0
2.7	  77.0
2.8	  60.0
2.9	  46.0
3.0	  39.0
3.1	  30.0
3.2	  24.0
3.3	  19.0
3.4	  15.0
3.5	  12.0
3.6	  9.0
3.7	  7.0
3.8	  5.0
3.9	  4.0
4.0	  3.0
4.1	  2.0
4.2	  2.0
4.3	  1.0
4.4	  1.0
4.5	  0.0
4.6	  0.0
4.7	  0.0
4.8	  0.0
4.9	  0.0
5.0	  0.0
5.1	  0.0
5.2	  0.0
5.3	  0.0
5.4	  0.0
5.5	  0.0
5.6	  0.0
5.7	  0.0
5.8	  0.0
5.9	  0.0
6.0	  0.0
6.1	  0.0
6.2	  0.0
6.3	  0.0
6.4	  0.0
6.5	  0.0
6.6	  0.0
6.7	  0.0
6.8	  0.0
6.9	  0.0
7.0	  0.0
7.1	  0.0
7.2	  0.0
7.3	  0.0
7.4	  0.0
7.5	  0.0
7.6	  0.0
7.7	  0.0
7.8	  0.0
7.9	  0.0
8.0	  0.0
8.1	  0.0
8.2	  0.0
8.3	  0.0
8.4	  0.0
8.5	  0.0
8.6	  0.0
8.7	  0.0
8.8	  0.0
8.9	  0.0
9.0	  0.0



DATASET #6

     Name: 1 mo Prob
   Points: 66
     Info: 

Data[x,y]:
2.5	  1.0
2.6	  1.0
2.7	  1.0
2.8	  1.0
2.9	  1.0
3.0	  1.0
3.1	  1.0
3.2	  1.0
3.3	  1.0
3.4	  1.0
3.5	  0.99996346
3.6	  0.99963444
3.7	  0.99868387
3.8	  0.99537534
3.9	  0.98566914
4.0	  0.9670243
4.1	  0.9342863
4.2	  0.887784
4.3	  0.8255982
4.4	  0.75408995
4.5	  0.6770066
4.6	  0.5937083
4.7	  0.5153271
4.8	  0.44062003
4.9	  0.37253
5.0	  0.31061837
5.1	  0.25654852
5.2	  0.21116127
5.3	  0.17233627
5.4	  0.13859287
5.5	  0.11139342
5.6	  0.0887455
5.7	  0.06885773
5.8	  0.053850513
5.9	  0.041274425
6.0	  0.032390736
6.1	  0.02367156
6.2	  0.016231926
6.3	  0.012411575
6.4	  0.00908476
6.5	  0.0068546985
6.6	  0.0057396675
6.7	  0.0044966824
6.8	  0.003710677
6.9	  0.0028515547
7.0	  0.0020655491
7.1	  0.0018279196
7.2	  0.0014257773
7.3	  9.5051824E-4
7.4	  8.7740144E-4
7.5	  7.3116785E-4
7.6	  4.0214232E-4
7.7	  1.4623358E-4
7.8	  1.2795438E-4
7.9	  9.139598E-5
8.0	  3.6558395E-5
8.1	  1.8279197E-5
8.2	  0.0
8.3	  0.0
8.4	  0.0
8.5	  0.0
8.6	  0.0
8.7	  0.0
8.8	  0.0
8.9	  0.0
9.0	  0.0



DATASET #7

Name: 95% Conf
Num Points: 66
Info: 

X, Y Data:
2.5	1.0	[1.0	1.0]
2.6	1.0	[1.0	1.0]
2.7	1.0	[1.0	1.0]
2.8	1.0	[1.0	1.0]
2.9	1.0	[1.0	1.0]
3.0	1.0	[1.0	1.0]
3.1	1.0	[1.0	1.0]
3.2	1.0	[1.0	1.0]
3.3	1.0	[1.0	1.0]
3.4	1.0	[1.0	1.0]
3.5	0.99996346	[0.99985254	0.9999937]
3.6	0.99963444	[0.9994243	0.99977046]
3.7	0.99868387	[0.9983329	0.99896276]
3.8	0.99537534	[0.9947613	0.99591875]
3.9	0.98566914	[0.98462903	0.98664033]
4.0	0.9670243	[0.96548545	0.9684972]
4.1	0.9342863	[0.93217003	0.9363413]
4.2	0.887784	[0.88510257	0.89041084]
4.3	0.8255982	[0.8223864	0.82876414]
4.4	0.75408995	[0.7504545	0.7576897]
4.5	0.6770066	[0.67306656	0.68092173]
4.6	0.5937083	[0.589577	0.59782636]
4.7	0.5153271	[0.5111291	0.51952296]
4.8	0.44062003	[0.43645495	0.44479346]
4.9	0.37253	[0.36847854	0.37659946]
5.0	0.31061837	[0.30674496	0.31451848]
5.1	0.25654852	[0.2528969	0.26023442]
5.2	0.21116127	[0.20775245	0.21461077]
5.3	0.17233627	[0.1691854	0.17553328]
5.4	0.13859287	[0.13571377	0.14152288]
5.5	0.11139342	[0.10877517	0.11406644]
5.6	0.0887455	[0.08638224	0.091166735]
5.7	0.06885773	[0.066756986	0.07101929]
5.8	0.053850513	[0.051981147	0.055782836]
5.9	0.041274425	[0.039630473	0.042983152]
6.0	0.032390736	[0.030930797	0.03391675]
6.1	0.02367156	[0.022421781	0.024988709]
6.2	0.016231926	[0.015197614	0.017334761]
6.3	0.012411575	[0.011508649	0.0133836465]
6.4	0.00908476	[0.0083146915	0.009924563]
6.5	0.0068546985	[0.006188392	0.007591173]
6.6	0.0057396675	[0.0051317704	0.0064179758]
6.7	0.0044966824	[0.00396118	0.0051029017]
6.8	0.003710677	[0.0032263256	0.0042659706]
6.9	0.0028515547	[0.002429847	0.003344502]
7.0	0.0020655491	[0.0017101658	0.0024925317]
7.1	0.0018279196	[0.0014950132	0.0022325634]
7.2	0.0014257773	[0.0011345409	0.0017890414]
7.3	9.5051824E-4	[7.170639E-4	0.0012565134]
7.4	8.7740144E-4	[6.5402687E-4	0.0011734258]
7.5	7.3116785E-4	[5.292905E-4	0.0010059547]
7.6	4.0214232E-4	[2.5833337E-4	6.198474E-4]
7.7	1.4623358E-4	[6.79964E-5	3.006516E-4]
7.8	1.2795438E-4	[5.606906E-5	2.7638872E-4]
7.9	9.139598E-5	[3.3648277E-5	2.2668963E-4]
8.0	3.6558395E-5	[6.332125E-6	1.4744356E-4]
8.1	1.8279197E-5	[9.541491E-7	1.18718046E-4]
8.2	0.0	[0.0	8.75402E-5]
8.3	0.0	[0.0	8.75402E-5]
8.4	0.0	[0.0	0.0]
8.5	0.0	[0.0	0.0]
8.6	0.0	[0.0	0.0]
8.7	0.0	[0.0	0.0]
8.8	0.0	[0.0	0.0]
8.9	0.0	[0.0	0.0]
9.0	0.0	[0.0	0.0]



DATASET #8

     Name: Supra
   Points: 66
     Info: 

Data[x,y]:
2.5	  0.010364304
2.6	  0.010364304
2.7	  0.010364304
2.8	  0.010364304
2.9	  0.010364304
3.0	  0.010364304
3.1	  0.010364304
3.2	  0.010364304
3.3	  0.010364304
3.4	  0.010364304
3.5	  0.010364304
3.6	  0.010364304
3.7	  0.010364304
3.8	  0.010364304
3.9	  0.010364304
4.0	  0.010364304
4.1	  0.010364304
4.2	  0.010364304
4.3	  0.010364304
4.4	  0.010364304
4.5	  0.010364304
4.6	  0.010364304
4.7	  0.010364304
4.8	  0.010364304
4.9	  0.010364304
5.0	  0.010364304
5.1	  0.010364304
5.2	  0.010364304
5.3	  0.010364304
5.4	  0.010364304
5.5	  0.010364304
5.6	  0.010364304
5.7	  0.010364304
5.8	  0.010364304
5.9	  0.010346025
6.0	  0.010346025
6.1	  0.008938527
6.2	  0.0067450237
6.3	  0.005757947
6.4	  0.005026779
6.5	  0.0041310983
6.6	  0.003820352
6.7	  0.0032719763
6.8	  0.0028515547
6.9	  0.0022117828
7.0	  0.001681686
7.1	  0.0015537317
7.2	  0.0012612646
7.3	  8.956806E-4
7.4	  8.5912226E-4
7.5	  7.1288866E-4
7.6	  3.8386314E-4
7.7	  1.2795438E-4
7.8	  1.2795438E-4
7.9	  9.139598E-5
8.0	  3.6558395E-5
8.1	  1.8279197E-5
8.2	  0.0
8.3	  0.0
8.4	  0.0
8.5	  0.0
8.6	  0.0
8.7	  0.0
8.8	  0.0
8.9	  0.0
9.0	  0.0



DATASET #9

     Name: Primary
   Points: 66
     Info: 

Data[x,y]:
2.5	  95.91813
2.6	  76.19612
2.7	  60.53653
2.8	  48.07721
2.9	  38.19676
3.0	  30.329136
3.1	  24.090555
3.2	  19.117718
3.3	  15.170381
3.4	  12.0542345
3.5	  9.564279
3.6	  7.586086
3.7	  6.0291553
3.8	  4.78946
3.9	  3.8003
4.0	  3.0145502
4.1	  2.397079
4.2	  1.8994827
4.3	  1.5086918
4.4	  1.1950208
4.5	  0.9489462
4.6	  0.7502879
4.7	  0.59339756
4.8	  0.4696474
4.9	  0.37161607
5.0	  0.2925037
5.1	  0.23203611
5.2	  0.1828468
5.3	  0.14451532
5.4	  0.112764366
5.5	  0.08810572
5.6	  0.068565264
5.7	  0.052369896
5.8	  0.04026907
5.9	  0.030891841
6.0	  0.02385435
6.1	  0.017255561
6.2	  0.011424498
6.3	  0.008774014
6.4	  0.0063063228
6.5	  0.0047160327
6.6	  0.0038934688
6.7	  0.0029977881
6.8	  0.0024676914
6.9	  0.0017913613
7.0	  0.0012612646
7.1	  0.001115031
7.2	  8.956806E-4
7.3	  6.5805105E-4
7.4	  6.214927E-4
7.5	  5.118175E-4
7.6	  2.7418794E-4
7.7	  1.0967518E-4
7.8	  9.139598E-5
7.9	  5.483759E-5
8.0	  0.0
8.1	  0.0
8.2	  0.0
8.3	  0.0
8.4	  0.0
8.5	  0.0
8.6	  0.0
8.7	  0.0
8.8	  0.0
8.9	  0.0
9.0	  0.0


