
X-Axis: Magnitude
Y-Axis: 1 Week Cumulative Number
Number of Data Sets: 9


DATASET #1

     Name: Mean
   Points: 66
     Info: 

Data[x,y]:
2.5	  40.140022
2.6	  31.893263
2.7	  25.32378
2.8	  20.107758
2.9	  15.970934
3.0	  12.685715
3.1	  10.071615
3.2	  7.996714
3.3	  6.350791
3.4	  5.046385
3.5	  4.0064397
3.6	  3.1799011
3.7	  2.5265164
3.8	  2.0051098
3.9	  1.5936483
4.0	  1.2655385
4.1	  1.0070549
4.2	  0.80101097
4.3	  0.6361978
4.4	  0.5052088
4.5	  0.4029011
4.6	  0.317
4.7	  0.2514945
4.8	  0.19925275
4.9	  0.1570989
5.0	  0.12323077
5.1	  0.09720879
5.2	  0.07686813
5.3	  0.06101099
5.4	  0.04776923
5.5	  0.03721978
5.6	  0.028274726
5.7	  0.021615384
5.8	  0.016516484
5.9	  0.012747252
6.0	  0.010021978
6.1	  0.007175824
6.2	  0.0046043955
6.3	  0.0034615383
6.4	  0.0026373626
6.5	  0.002032967
6.6	  0.0016813187
6.7	  0.0013076923
6.8	  0.001043956
6.9	  8.681319E-4
7.0	  6.5934064E-4
7.1	  5.7142857E-4
7.2	  4.1758243E-4
7.3	  2.747253E-4
7.4	  2.4175824E-4
7.5	  2.1978022E-4
7.6	  8.7912085E-5
7.7	  1.0989011E-5
7.8	  1.0989011E-5
7.9	  1.0989011E-5
8.0	  0.0
8.1	  0.0
8.2	  0.0
8.3	  0.0
8.4	  0.0
8.5	  0.0
8.6	  0.0
8.7	  0.0
8.8	  0.0
8.9	  0.0
9.0	  0.0



DATASET #2

     Name: 2.5%,97.5%
   Points: 66
     Info: 

Data[x,y]:
2.5	  20.0
2.6	  15.0
2.7	  11.0
2.8	  8.0
2.9	  6.0
3.0	  4.0
3.1	  3.0
3.2	  2.0
3.3	  1.0
3.4	  0.0
3.5	  0.0
3.6	  0.0
3.7	  0.0
3.8	  0.0
3.9	  0.0
4.0	  0.0
4.1	  0.0
4.2	  0.0
4.3	  0.0
4.4	  0.0
4.5	  0.0
4.6	  0.0
4.7	  0.0
4.8	  0.0
4.9	  0.0
5.0	  0.0
5.1	  0.0
5.2	  0.0
5.3	  0.0
5.4	  0.0
5.5	  0.0
5.6	  0.0
5.7	  0.0
5.8	  0.0
5.9	  0.0
6.0	  0.0
6.1	  0.0
6.2	  0.0
6.3	  0.0
6.4	  0.0
6.5	  0.0
6.6	  0.0
6.7	  0.0
6.8	  0.0
6.9	  0.0
7.0	  0.0
7.1	  0.0
7.2	  0.0
7.3	  0.0
7.4	  0.0
7.5	  0.0
7.6	  0.0
7.7	  0.0
7.8	  0.0
7.9	  0.0
8.0	  0.0
8.1	  0.0
8.2	  0.0
8.3	  0.0
8.4	  0.0
8.5	  0.0
8.6	  0.0
8.7	  0.0
8.8	  0.0
8.9	  0.0
9.0	  0.0



DATASET #3

     Name: null
   Points: 66
     Info: 

Data[x,y]:
2.5	  85.0
2.6	  68.0
2.7	  55.0
2.8	  44.0
2.9	  36.0
3.0	  29.0
3.1	  23.0
3.2	  19.0
3.3	  16.0
3.4	  13.0
3.5	  11.0
3.6	  9.0
3.7	  8.0
3.8	  7.0
3.9	  6.0
4.0	  5.0
4.1	  4.0
4.2	  4.0
4.3	  3.0
4.4	  3.0
4.5	  2.0
4.6	  2.0
4.7	  2.0
4.8	  2.0
4.9	  1.0
5.0	  1.0
5.1	  1.0
5.2	  1.0
5.3	  1.0
5.4	  1.0
5.5	  1.0
5.6	  0.0
5.7	  0.0
5.8	  0.0
5.9	  0.0
6.0	  0.0
6.1	  0.0
6.2	  0.0
6.3	  0.0
6.4	  0.0
6.5	  0.0
6.6	  0.0
6.7	  0.0
6.8	  0.0
6.9	  0.0
7.0	  0.0
7.1	  0.0
7.2	  0.0
7.3	  0.0
7.4	  0.0
7.5	  0.0
7.6	  0.0
7.7	  0.0
7.8	  0.0
7.9	  0.0
8.0	  0.0
8.1	  0.0
8.2	  0.0
8.3	  0.0
8.4	  0.0
8.5	  0.0
8.6	  0.0
8.7	  0.0
8.8	  0.0
8.9	  0.0
9.0	  0.0



DATASET #4

     Name: Median
   Points: 66
     Info: 

Data[x,y]:
2.5	  33.0
2.6	  26.0
2.7	  21.0
2.8	  16.0
2.9	  13.0
3.0	  10.0
3.1	  8.0
3.2	  6.0
3.3	  5.0
3.4	  4.0
3.5	  3.0
3.6	  2.0
3.7	  2.0
3.8	  1.0
3.9	  1.0
4.0	  1.0
4.1	  1.0
4.2	  0.0
4.3	  0.0
4.4	  0.0
4.5	  0.0
4.6	  0.0
4.7	  0.0
4.8	  0.0
4.9	  0.0
5.0	  0.0
5.1	  0.0
5.2	  0.0
5.3	  0.0
5.4	  0.0
5.5	  0.0
5.6	  0.0
5.7	  0.0
5.8	  0.0
5.9	  0.0
6.0	  0.0
6.1	  0.0
6.2	  0.0
6.3	  0.0
6.4	  0.0
6.5	  0.0
6.6	  0.0
6.7	  0.0
6.8	  0.0
6.9	  0.0
7.0	  0.0
7.1	  0.0
7.2	  0.0
7.3	  0.0
7.4	  0.0
7.5	  0.0
7.6	  0.0
7.7	  0.0
7.8	  0.0
7.9	  0.0
8.0	  0.0
8.1	  0.0
8.2	  0.0
8.3	  0.0
8.4	  0.0
8.5	  0.0
8.6	  0.0
8.7	  0.0
8.8	  0.0
8.9	  0.0
9.0	  0.0



DATASET #5

     Name: Mode
   Points: 66
     Info: 

Data[x,y]:
2.5	  32.0
2.6	  25.0
2.7	  20.0
2.8	  15.0
2.9	  12.0
3.0	  9.0
3.1	  7.0
3.2	  5.0
3.3	  4.0
3.4	  3.0
3.5	  2.0
3.6	  2.0
3.7	  1.0
3.8	  1.0
3.9	  1.0
4.0	  0.0
4.1	  0.0
4.2	  0.0
4.3	  0.0
4.4	  0.0
4.5	  0.0
4.6	  0.0
4.7	  0.0
4.8	  0.0
4.9	  0.0
5.0	  0.0
5.1	  0.0
5.2	  0.0
5.3	  0.0
5.4	  0.0
5.5	  0.0
5.6	  0.0
5.7	  0.0
5.8	  0.0
5.9	  0.0
6.0	  0.0
6.1	  0.0
6.2	  0.0
6.3	  0.0
6.4	  0.0
6.5	  0.0
6.6	  0.0
6.7	  0.0
6.8	  0.0
6.9	  0.0
7.0	  0.0
7.1	  0.0
7.2	  0.0
7.3	  0.0
7.4	  0.0
7.5	  0.0
7.6	  0.0
7.7	  0.0
7.8	  0.0
7.9	  0.0
8.0	  0.0
8.1	  0.0
8.2	  0.0
8.3	  0.0
8.4	  0.0
8.5	  0.0
8.6	  0.0
8.7	  0.0
8.8	  0.0
8.9	  0.0
9.0	  0.0



DATASET #6

     Name: 1 wk Prob
   Points: 66
     Info: 

Data[x,y]:
2.5	  1.0
2.6	  1.0
2.7	  1.0
2.8	  1.0
2.9	  0.99998903
3.0	  0.99982417
3.1	  0.99917585
3.2	  0.99668133
3.3	  0.9896044
3.4	  0.9738352
3.5	  0.94572526
3.6	  0.90301096
3.7	  0.84467036
3.8	  0.77416486
3.9	  0.69743955
4.0	  0.6155604
4.1	  0.535033
4.2	  0.459022
4.3	  0.3883846
4.4	  0.32527474
4.5	  0.2712198
4.6	  0.22237362
4.7	  0.18220879
4.8	  0.14842857
4.9	  0.11968132
5.0	  0.095769234
5.1	  0.07708791
5.2	  0.061967034
5.3	  0.049945056
5.4	  0.039835166
5.5	  0.031461537
5.6	  0.02421978
5.7	  0.018714286
5.8	  0.014472527
5.9	  0.01123077
6.0	  0.00889011
6.1	  0.0064505492
6.2	  0.0042637363
6.3	  0.0032637364
6.4	  0.0024835165
6.5	  0.0019010989
6.6	  0.0015714286
6.7	  0.0012197802
6.8	  0.001
6.9	  8.3516486E-4
7.0	  6.263736E-4
7.1	  5.3846155E-4
7.2	  3.956044E-4
7.3	  2.5274724E-4
7.4	  2.1978022E-4
7.5	  2.0879121E-4
7.6	  7.6923076E-5
7.7	  1.0989011E-5
7.8	  1.0989011E-5
7.9	  1.0989011E-5
8.0	  0.0
8.1	  0.0
8.2	  0.0
8.3	  0.0
8.4	  0.0
8.5	  0.0
8.6	  0.0
8.7	  0.0
8.8	  0.0
8.9	  0.0
9.0	  0.0



DATASET #7

Name: 95% Conf
Num Points: 66
Info: 

X, Y Data:
2.5	1.0	[1.0	1.0]
2.6	1.0	[1.0	1.0]
2.7	1.0	[1.0	1.0]
2.8	1.0	[1.0	1.0]
2.9	0.99998903	[0.99992865	0.9999994]
3.0	0.99982417	[0.9997076	0.99989593]
3.1	0.99917585	[0.99896103	0.99934727]
3.2	0.99668133	[0.9962803	0.9970398]
3.3	0.9896044	[0.9889187	0.9902484]
3.4	0.9738352	[0.97277224	0.97485787]
3.5	0.94572526	[0.94422877	0.947184]
3.6	0.90301096	[0.9010656	0.9049223]
3.7	0.84467036	[0.8422968	0.84701467]
3.8	0.77416486	[0.771431	0.77687544]
3.9	0.69743955	[0.6944411	0.70042133]
4.0	0.6155604	[0.6123894	0.6187217]
4.1	0.535033	[0.53178537	0.53827757]
4.2	0.459022	[0.45578054	0.46226686]
4.3	0.3883846	[0.38521722	0.39156145]
4.4	0.32527474	[0.3222328	0.3283314]
4.5	0.2712198	[0.26833537	0.27412355]
4.6	0.22237362	[0.21967804	0.2250927]
4.7	0.18220879	[0.17970867	0.18473579]
4.8	0.14842857	[0.146128	0.1507589]
4.9	0.11968132	[0.11758295	0.12181189]
5.0	0.095769234	[0.093868814	0.097703874]
5.1	0.07708791	[0.075367235	0.07884441]
5.2	0.061967034	[0.06041354	0.06355764]
5.3	0.049945056	[0.04854321	0.051385045]
5.4	0.039835166	[0.03857836	0.041130986]
5.5	0.031461537	[0.030341586	0.032621242]
5.6	0.02421978	[0.023235459	0.025244491]
5.7	0.018714286	[0.017848538	0.01962092]
5.8	0.014472527	[0.013711455	0.015274881]
5.9	0.01123077	[0.0105610965	0.011942038]
6.0	0.00889011	[0.008295307	0.009526749]
6.1	0.0064505492	[0.0059455535	0.006997654]
6.2	0.0042637363	[0.003855579	0.0047142897]
6.3	0.0032637364	[0.0029083556	0.0036616756]
6.4	0.0024835165	[0.0021753144	0.0028344349]
6.5	0.0019010989	[0.0016332397	0.0022118252]
6.6	0.0015714286	[0.0013292095	0.0018566239]
6.7	0.0012197802	[0.0010080959	0.0014745911]
6.8	0.001	[8.0969743E-4	0.001233553]
6.9	8.3516486E-4	[6.6249137E-4	0.0010512074]
7.0	6.263736E-4	[4.7874922E-4	8.1757194E-4]
7.1	5.3846155E-4	[4.0262143E-4	7.179921E-4]
7.2	3.956044E-4	[2.8117592E-4	5.539834E-4]
7.3	2.5274724E-4	[1.6404233E-4	3.858437E-4]
7.4	2.1978022E-4	[1.3797224E-4	3.461348E-4]
7.5	2.0879121E-4	[1.2939346E-4	3.327947E-4]
7.6	7.6923076E-5	[3.3707092E-5	1.6616439E-4]
7.7	1.0989011E-5	[5.7361115E-7	7.137253E-5]
7.8	1.0989011E-5	[5.7361115E-7	7.137253E-5]
7.9	1.0989011E-5	[5.7361115E-7	7.137253E-5]
8.0	0.0	[0.0	5.262854E-5]
8.1	0.0	[0.0	5.262854E-5]
8.2	0.0	[0.0	5.262854E-5]
8.3	0.0	[0.0	5.262854E-5]
8.4	0.0	[0.0	0.0]
8.5	0.0	[0.0	0.0]
8.6	0.0	[0.0	0.0]
8.7	0.0	[0.0	0.0]
8.8	0.0	[0.0	0.0]
8.9	0.0	[0.0	0.0]
9.0	0.0	[0.0	0.0]



DATASET #8

     Name: Supra
   Points: 66
     Info: 

Data[x,y]:
2.5	  0.002967033
2.6	  0.002967033
2.7	  0.002967033
2.8	  0.002967033
2.9	  0.002967033
3.0	  0.002967033
3.1	  0.002967033
3.2	  0.002967033
3.3	  0.002967033
3.4	  0.002967033
3.5	  0.002967033
3.6	  0.002967033
3.7	  0.002967033
3.8	  0.002967033
3.9	  0.002967033
4.0	  0.002967033
4.1	  0.002967033
4.2	  0.002967033
4.3	  0.002967033
4.4	  0.002967033
4.5	  0.002967033
4.6	  0.002967033
4.7	  0.002967033
4.8	  0.002967033
4.9	  0.002967033
5.0	  0.002967033
5.1	  0.002967033
5.2	  0.002967033
5.3	  0.002967033
5.4	  0.002967033
5.5	  0.002967033
5.6	  0.002967033
5.7	  0.002967033
5.8	  0.002967033
5.9	  0.002956044
6.0	  0.002956044
6.1	  0.0025054945
6.2	  0.0018461539
6.3	  0.0015934065
6.4	  0.0013736264
6.5	  0.0011208791
6.6	  0.001054945
6.7	  9.120879E-4
6.8	  7.802198E-4
6.9	  6.483517E-4
7.0	  4.945055E-4
7.1	  4.3956045E-4
7.2	  3.4065935E-4
7.3	  2.1978022E-4
7.4	  2.1978022E-4
7.5	  2.0879121E-4
7.6	  7.6923076E-5
7.7	  1.0989011E-5
7.8	  1.0989011E-5
7.9	  1.0989011E-5
8.0	  0.0
8.1	  0.0
8.2	  0.0
8.3	  0.0
8.4	  0.0
8.5	  0.0
8.6	  0.0
8.7	  0.0
8.8	  0.0
8.9	  0.0
9.0	  0.0



DATASET #9

     Name: Primary
   Points: 66
     Info: 

Data[x,y]:
2.5	  27.179176
2.6	  21.59667
2.7	  17.15711
2.8	  13.623814
2.9	  10.821165
3.0	  8.594913
3.1	  6.8255167
3.2	  5.4184613
3.3	  4.302956
3.4	  3.4193077
3.5	  2.712901
3.6	  2.15111
3.7	  1.7088022
3.8	  1.3573626
3.9	  1.0782967
4.0	  0.8562308
4.1	  0.6817363
4.2	  0.5413956
4.3	  0.43063736
4.4	  0.34131867
4.5	  0.27221978
4.6	  0.21414286
4.7	  0.16964835
4.8	  0.13435164
4.9	  0.105538465
5.0	  0.08282418
5.1	  0.06538462
5.2	  0.051934067
5.3	  0.041175824
5.4	  0.03212088
5.5	  0.025065934
5.6	  0.01912088
5.7	  0.014626374
5.8	  0.011175824
5.9	  0.008681319
6.0	  0.0068131867
6.1	  0.005010989
6.2	  0.0031648353
6.3	  0.0024835165
6.4	  0.0018791208
6.5	  0.0014615385
6.6	  0.0011868132
6.7	  9.5604395E-4
6.8	  7.5824175E-4
6.9	  6.263736E-4
7.0	  4.6153847E-4
7.1	  4.065934E-4
7.2	  3.1868133E-4
7.3	  2.1978022E-4
7.4	  1.8681318E-4
7.5	  1.6483516E-4
7.6	  7.6923076E-5
7.7	  1.0989011E-5
7.8	  1.0989011E-5
7.9	  1.0989011E-5
8.0	  0.0
8.1	  0.0
8.2	  0.0
8.3	  0.0
8.4	  0.0
8.5	  0.0
8.6	  0.0
8.7	  0.0
8.8	  0.0
8.9	  0.0
9.0	  0.0


