
X-Axis: Magnitude
Y-Axis: 10 Year Cumulative Number
Number of Data Sets: 9


DATASET #1

     Name: Mean
   Points: 66
     Info: 

Data[x,y]:
2.5	  5468.0693
2.6	  4343.293
2.7	  3450.0222
2.8	  2740.4927
2.9	  2177.0664
3.0	  1729.0012
3.1	  1373.081
3.2	  1090.5122
3.3	  866.1536
3.4	  687.9012
3.5	  546.29694
3.6	  433.93744
3.7	  344.52014
3.8	  273.46826
3.9	  217.17036
4.0	  172.34787
4.1	  136.88625
4.2	  108.623535
4.3	  86.21199
4.4	  68.390495
4.5	  54.200394
4.6	  42.979305
4.7	  34.02551
4.8	  26.93905
4.9	  21.29928
5.0	  16.835405
5.1	  13.273116
5.2	  10.432717
5.3	  8.185408
5.4	  6.391152
5.5	  4.9650354
5.6	  3.834929
5.7	  2.9469585
5.8	  2.2383304
5.9	  1.6857346
6.0	  1.2970209
6.1	  0.9405958
6.2	  0.6256764
6.3	  0.46536243
6.4	  0.35380864
6.5	  0.269846
6.6	  0.21507998
6.7	  0.17529881
6.8	  0.13629065
6.9	  0.10542903
7.0	  0.08182196
7.1	  0.06683713
7.2	  0.051436048
7.3	  0.03680799
7.4	  0.03175358
7.5	  0.023844918
7.6	  0.013260392
7.7	  0.0042219185
7.8	  0.0025569363
7.9	  0.0016055183
8.0	  7.730273E-4
8.1	  5.9463637E-5
8.2	  0.0
8.3	  0.0
8.4	  0.0
8.5	  0.0
8.6	  0.0
8.7	  0.0
8.8	  0.0
8.9	  0.0
9.0	  0.0



DATASET #2

     Name: 2.5%,97.5%
   Points: 66
     Info: 

Data[x,y]:
2.5	  3663.0
2.6	  2907.0
2.7	  2304.0
2.8	  1825.0
2.9	  1445.0
3.0	  1142.0
3.1	  903.0
3.2	  713.0
3.3	  562.0
3.4	  443.0
3.5	  348.0
3.6	  273.0
3.7	  215.0
3.8	  168.0
3.9	  131.0
4.0	  102.0
4.1	  79.0
4.2	  61.0
4.3	  47.0
4.4	  36.0
4.5	  27.0
4.6	  20.0
4.7	  15.0
4.8	  11.0
4.9	  8.0
5.0	  6.0
5.1	  4.0
5.2	  3.0
5.3	  2.0
5.4	  1.0
5.5	  0.0
5.6	  0.0
5.7	  0.0
5.8	  0.0
5.9	  0.0
6.0	  0.0
6.1	  0.0
6.2	  0.0
6.3	  0.0
6.4	  0.0
6.5	  0.0
6.6	  0.0
6.7	  0.0
6.8	  0.0
6.9	  0.0
7.0	  0.0
7.1	  0.0
7.2	  0.0
7.3	  0.0
7.4	  0.0
7.5	  0.0
7.6	  0.0
7.7	  0.0
7.8	  0.0
7.9	  0.0
8.0	  0.0
8.1	  0.0
8.2	  0.0
8.3	  0.0
8.4	  0.0
8.5	  0.0
8.6	  0.0
8.7	  0.0
8.8	  0.0
8.9	  0.0
9.0	  0.0



DATASET #3

     Name: null
   Points: 66
     Info: 

Data[x,y]:
2.5	  15229.0
2.6	  12085.0
2.7	  9589.0
2.8	  7609.0
2.9	  6079.0
3.0	  4821.0
3.1	  3844.0
3.2	  3046.0
3.3	  2411.0
3.4	  1921.0
3.5	  1533.0
3.6	  1207.0
3.7	  957.0
3.8	  763.0
3.9	  601.0
4.0	  478.0
4.1	  378.0
4.2	  304.0
4.3	  239.0
4.4	  191.0
4.5	  151.0
4.6	  120.0
4.7	  95.0
4.8	  76.0
4.9	  60.0
5.0	  47.0
5.1	  38.0
5.2	  30.0
5.3	  24.0
5.4	  19.0
5.5	  15.0
5.6	  12.0
5.7	  10.0
5.8	  8.0
5.9	  6.0
6.0	  5.0
6.1	  4.0
6.2	  3.0
6.3	  3.0
6.4	  2.0
6.5	  2.0
6.6	  2.0
6.7	  1.0
6.8	  1.0
6.9	  1.0
7.0	  1.0
7.1	  1.0
7.2	  1.0
7.3	  1.0
7.4	  1.0
7.5	  0.0
7.6	  0.0
7.7	  0.0
7.8	  0.0
7.9	  0.0
8.0	  0.0
8.1	  0.0
8.2	  0.0
8.3	  0.0
8.4	  0.0
8.5	  0.0
8.6	  0.0
8.7	  0.0
8.8	  0.0
8.9	  0.0
9.0	  0.0



DATASET #4

     Name: Median
   Points: 66
     Info: 

Data[x,y]:
2.5	  4591.0
2.6	  3646.0
2.7	  2899.0
2.8	  2301.0
2.9	  1830.0
3.0	  1453.0
3.1	  1156.0
3.2	  919.0
3.3	  730.0
3.4	  580.0
3.5	  461.0
3.6	  367.0
3.7	  291.0
3.8	  232.0
3.9	  184.0
4.0	  146.0
4.1	  116.0
4.2	  93.0
4.3	  73.0
4.4	  58.0
4.5	  46.0
4.6	  37.0
4.7	  29.0
4.8	  23.0
4.9	  18.0
5.0	  14.0
5.1	  11.0
5.2	  9.0
5.3	  7.0
5.4	  5.0
5.5	  4.0
5.6	  3.0
5.7	  2.0
5.8	  2.0
5.9	  1.0
6.0	  1.0
6.1	  1.0
6.2	  0.0
6.3	  0.0
6.4	  0.0
6.5	  0.0
6.6	  0.0
6.7	  0.0
6.8	  0.0
6.9	  0.0
7.0	  0.0
7.1	  0.0
7.2	  0.0
7.3	  0.0
7.4	  0.0
7.5	  0.0
7.6	  0.0
7.7	  0.0
7.8	  0.0
7.9	  0.0
8.0	  0.0
8.1	  0.0
8.2	  0.0
8.3	  0.0
8.4	  0.0
8.5	  0.0
8.6	  0.0
8.7	  0.0
8.8	  0.0
8.9	  0.0
9.0	  0.0



DATASET #5

     Name: Mode
   Points: 66
     Info: 

Data[x,y]:
2.5	  4150.0
2.6	  3093.0
2.7	  2464.0
2.8	  2099.0
2.9	  1750.0
3.0	  1325.0
3.1	  1037.0
3.2	  880.0
3.3	  657.0
3.4	  532.0
3.5	  435.0
3.6	  344.0
3.7	  278.0
3.8	  227.0
3.9	  170.0
4.0	  128.0
4.1	  105.0
4.2	  84.0
4.3	  71.0
4.4	  54.0
4.5	  42.0
4.6	  33.0
4.7	  27.0
4.8	  21.0
4.9	  15.0
5.0	  12.0
5.1	  10.0
5.2	  8.0
5.3	  5.0
5.4	  4.0
5.5	  3.0
5.6	  2.0
5.7	  1.0
5.8	  1.0
5.9	  1.0
6.0	  0.0
6.1	  0.0
6.2	  0.0
6.3	  0.0
6.4	  0.0
6.5	  0.0
6.6	  0.0
6.7	  0.0
6.8	  0.0
6.9	  0.0
7.0	  0.0
7.1	  0.0
7.2	  0.0
7.3	  0.0
7.4	  0.0
7.5	  0.0
7.6	  0.0
7.7	  0.0
7.8	  0.0
7.9	  0.0
8.0	  0.0
8.1	  0.0
8.2	  0.0
8.3	  0.0
8.4	  0.0
8.5	  0.0
8.6	  0.0
8.7	  0.0
8.8	  0.0
8.9	  0.0
9.0	  0.0



DATASET #6

     Name: 10 yr Prob
   Points: 66
     Info: 

Data[x,y]:
2.5	  1.0
2.6	  1.0
2.7	  1.0
2.8	  1.0
2.9	  1.0
3.0	  1.0
3.1	  1.0
3.2	  1.0
3.3	  1.0
3.4	  1.0
3.5	  1.0
3.6	  1.0
3.7	  1.0
3.8	  1.0
3.9	  1.0
4.0	  1.0
4.1	  1.0
4.2	  1.0
4.3	  1.0
4.4	  1.0
4.5	  1.0
4.6	  1.0
4.7	  1.0
4.8	  1.0
4.9	  1.0
5.0	  1.0
5.1	  0.9998811
5.2	  0.9987513
5.3	  0.99601597
5.4	  0.9875721
5.5	  0.9689005
5.6	  0.9359577
5.7	  0.8829161
5.8	  0.81066775
5.9	  0.7247428
6.0	  0.6348338
6.1	  0.52744246
6.2	  0.40108225
6.3	  0.32401738
6.4	  0.25712076
6.5	  0.20562527
6.6	  0.17529881
6.7	  0.14616162
6.8	  0.11916513
6.9	  0.0963311
7.0	  0.07664863
7.1	  0.063626096
7.2	  0.049771067
7.3	  0.0359755
7.4	  0.031099483
7.5	  0.02336921
7.6	  0.013082
7.7	  0.0042219185
7.8	  0.0025569363
7.9	  0.0016055183
8.0	  7.730273E-4
8.1	  5.9463637E-5
8.2	  0.0
8.3	  0.0
8.4	  0.0
8.5	  0.0
8.6	  0.0
8.7	  0.0
8.8	  0.0
8.9	  0.0
9.0	  0.0



DATASET #7

Name: 95% Conf
Num Points: 66
Info: 

X, Y Data:
2.5	1.0	[1.0	1.0]
2.6	1.0	[1.0	1.0]
2.7	1.0	[1.0	1.0]
2.8	1.0	[1.0	1.0]
2.9	1.0	[1.0	1.0]
3.0	1.0	[1.0	1.0]
3.1	1.0	[1.0	1.0]
3.2	1.0	[1.0	1.0]
3.3	1.0	[1.0	1.0]
3.4	1.0	[1.0	1.0]
3.5	1.0	[1.0	1.0]
3.6	1.0	[1.0	1.0]
3.7	1.0	[1.0	1.0]
3.8	1.0	[1.0	1.0]
3.9	1.0	[1.0	1.0]
4.0	1.0	[1.0	1.0]
4.1	1.0	[1.0	1.0]
4.2	1.0	[1.0	1.0]
4.3	1.0	[1.0	1.0]
4.4	1.0	[1.0	1.0]
4.5	1.0	[1.0	1.0]
4.6	1.0	[1.0	1.0]
4.7	1.0	[1.0	1.0]
4.8	1.0	[1.0	1.0]
4.9	1.0	[1.0	1.0]
5.0	1.0	[1.0	1.0]
5.1	0.9998811	[0.9995204	0.9999794]
5.2	0.9987513	[0.99805576	0.99920654]
5.3	0.99601597	[0.9949107	0.99688756]
5.4	0.9875721	[0.9857511	0.98916644]
5.5	0.9689005	[0.966137	0.9714474]
5.6	0.9359577	[0.9321263	0.9395883]
5.7	0.8829161	[0.8779387	0.88771755]
5.8	0.81066775	[0.8046457	0.8165472]
5.9	0.7247428	[0.7179115	0.731471]
6.0	0.6348338	[0.62749684	0.6421089]
6.1	0.52744246	[0.51986164	0.5350107]
6.2	0.40108225	[0.39366832	0.4085415]
6.3	0.32401738	[0.3169552	0.33116025]
6.4	0.25712076	[0.25054172	0.26381126]
6.5	0.20562527	[0.19955495	0.21183069]
6.6	0.17529881	[0.16959709	0.1811496]
6.7	0.14616162	[0.14087383	0.15161194]
6.8	0.11916513	[0.11432599	0.124179274]
6.9	0.0963311	[0.0919344	0.1009134]
7.0	0.07664863	[0.072694756	0.08079731]
7.1	0.063626096	[0.060006775	0.067446336]
7.2	0.049771067	[0.046556976	0.05319266]
7.3	0.0359755	[0.033236515	0.038928673]
7.4	0.031099483	[0.028552571	0.033862997]
7.5	0.02336921	[0.021164091	0.02579487]
7.6	0.013082	[0.011444648	0.014945603]
7.7	0.0042219185	[0.0033224488	0.005354667]
7.8	0.0025569363	[0.0018736026	0.0034762388]
7.9	0.0016055183	[0.0010794756	0.0023702024]
8.0	7.730273E-4	[4.2996375E-4	0.001359698]
8.1	5.9463637E-5	[3.1039258E-6	3.8613443E-4]
8.2	0.0	[0.0	2.8472947E-4]
8.3	0.0	[0.0	2.8472947E-4]
8.4	0.0	[0.0	0.0]
8.5	0.0	[0.0	0.0]
8.6	0.0	[0.0	0.0]
8.7	0.0	[0.0	0.0]
8.8	0.0	[0.0	0.0]
8.9	0.0	[0.0	0.0]
9.0	0.0	[0.0	0.0]



DATASET #8

     Name: Supra
   Points: 66
     Info: 

Data[x,y]:
2.5	  0.31117323
2.6	  0.31117323
2.7	  0.31117323
2.8	  0.31117323
2.9	  0.31117323
3.0	  0.31117323
3.1	  0.31117323
3.2	  0.31117323
3.3	  0.31117323
3.4	  0.31117323
3.5	  0.31117323
3.6	  0.31117323
3.7	  0.31117323
3.8	  0.31117323
3.9	  0.31117323
4.0	  0.31117323
4.1	  0.31117323
4.2	  0.31117323
4.3	  0.31117323
4.4	  0.31117323
4.5	  0.31117323
4.6	  0.31117323
4.7	  0.31117323
4.8	  0.31117323
4.9	  0.31117323
5.0	  0.31117323
5.1	  0.31117323
5.2	  0.31117323
5.3	  0.31117323
5.4	  0.31117323
5.5	  0.31117323
5.6	  0.31117323
5.7	  0.31117323
5.8	  0.31117323
5.9	  0.31117323
6.0	  0.31093535
6.1	  0.26806208
6.2	  0.21329607
6.3	  0.18189926
6.4	  0.15692455
6.5	  0.13617173
6.6	  0.12600344
6.7	  0.11101861
6.8	  0.09639056
6.9	  0.08069216
7.0	  0.066480346
7.1	  0.05833383
7.2	  0.04673842
7.3	  0.034429446
7.4	  0.030445382
7.5	  0.023309747
7.6	  0.013082
7.7	  0.0042219185
7.8	  0.0025569363
7.9	  0.0016055183
8.0	  7.730273E-4
8.1	  5.9463637E-5
8.2	  0.0
8.3	  0.0
8.4	  0.0
8.5	  0.0
8.6	  0.0
8.7	  0.0
8.8	  0.0
8.9	  0.0
9.0	  0.0



DATASET #9

     Name: Primary
   Points: 66
     Info: 

Data[x,y]:
2.5	  2394.318
2.6	  1901.667
2.7	  1510.2644
2.8	  1199.4646
2.9	  952.8682
3.0	  756.773
3.1	  601.03217
3.2	  477.37106
3.3	  379.10394
3.4	  301.0872
3.5	  239.06363
3.6	  189.8608
3.7	  150.72427
3.8	  119.631744
3.9	  95.019325
4.0	  75.4009
4.1	  59.869358
4.2	  47.542072
4.3	  37.73045
4.4	  29.9312
4.5	  23.729322
4.6	  18.807575
4.7	  14.8882675
4.8	  11.795207
4.9	  9.327168
5.0	  7.3695664
5.1	  5.809776
5.2	  4.5622883
5.3	  3.578165
5.4	  2.7970507
5.5	  2.1730392
5.6	  1.6815127
5.7	  1.293572
5.8	  0.98311234
5.9	  0.73645717
6.0	  0.56199086
6.1	  0.4150562
6.2	  0.2734138
6.3	  0.2075281
6.4	  0.1552001
6.5	  0.11767854
6.6	  0.09972052
6.7	  0.08253553
6.8	  0.06636142
6.9	  0.05327942
7.0	  0.042219184
7.1	  0.034786228
7.2	  0.026461318
7.3	  0.018433727
7.4	  0.016233573
7.5	  0.011595409
7.6	  0.006778855
7.7	  0.0017244455
7.8	  0.0011298091
7.9	  5.9463637E-4
8.0	  2.3785455E-4
8.1	  5.9463637E-5
8.2	  0.0
8.3	  0.0
8.4	  0.0
8.5	  0.0
8.6	  0.0
8.7	  0.0
8.8	  0.0
8.9	  0.0
9.0	  0.0


