
X-Axis: Magnitude
Y-Axis: 1 Hour Cumulative Number
Number of Data Sets: 9


DATASET #1

     Name: Mean
   Points: 66
     Info: 

Data[x,y]:
2.5	  507.62283
2.6	  403.2131
2.7	  320.29007
2.8	  254.4013
2.9	  202.07396
3.0	  160.47215
3.1	  127.466354
3.2	  101.26325
3.3	  80.418915
3.4	  63.85989
3.5	  50.693592
3.6	  40.2465
3.7	  31.955734
3.8	  25.382141
3.9	  20.143702
4.0	  15.98735
4.1	  12.682305
4.2	  10.061706
4.3	  7.9846644
4.4	  6.3264065
4.5	  5.0182576
4.6	  3.97951
4.7	  3.1560254
4.8	  2.496806
4.9	  1.9729764
5.0	  1.5606352
5.1	  1.2311797
5.2	  0.9662795
5.3	  0.7576225
5.4	  0.59194195
5.5	  0.46137932
5.6	  0.3566243
5.7	  0.2741561
5.8	  0.20885663
5.9	  0.15684211
6.0	  0.11980037
6.1	  0.08749546
6.2	  0.056551725
6.3	  0.04323049
6.4	  0.03257713
6.5	  0.025136117
6.6	  0.0215245
6.7	  0.017749546
6.8	  0.014555354
6.9	  0.011615245
7.0	  0.009401089
7.1	  0.008021778
7.2	  0.006188748
7.3	  0.004210526
7.4	  0.003647913
7.5	  0.002849365
7.6	  0.0018330308
7.7	  5.444646E-4
7.8	  2.722323E-4
7.9	  1.6333938E-4
8.0	  7.259528E-5
8.1	  1.814882E-5
8.2	  0.0
8.3	  0.0
8.4	  0.0
8.5	  0.0
8.6	  0.0
8.7	  0.0
8.8	  0.0
8.9	  0.0
9.0	  0.0



DATASET #2

     Name: 2.5%,97.5%
   Points: 66
     Info: 

Data[x,y]:
2.5	  444.0
2.6	  349.0
2.7	  273.0
2.8	  214.0
2.9	  167.0
3.0	  130.0
3.1	  101.0
3.2	  78.0
3.3	  60.0
3.4	  46.0
3.5	  35.0
3.6	  27.0
3.7	  20.0
3.8	  15.0
3.9	  11.0
4.0	  8.0
4.1	  6.0
4.2	  4.0
4.3	  3.0
4.4	  2.0
4.5	  1.0
4.6	  1.0
4.7	  0.0
4.8	  0.0
4.9	  0.0
5.0	  0.0
5.1	  0.0
5.2	  0.0
5.3	  0.0
5.4	  0.0
5.5	  0.0
5.6	  0.0
5.7	  0.0
5.8	  0.0
5.9	  0.0
6.0	  0.0
6.1	  0.0
6.2	  0.0
6.3	  0.0
6.4	  0.0
6.5	  0.0
6.6	  0.0
6.7	  0.0
6.8	  0.0
6.9	  0.0
7.0	  0.0
7.1	  0.0
7.2	  0.0
7.3	  0.0
7.4	  0.0
7.5	  0.0
7.6	  0.0
7.7	  0.0
7.8	  0.0
7.9	  0.0
8.0	  0.0
8.1	  0.0
8.2	  0.0
8.3	  0.0
8.4	  0.0
8.5	  0.0
8.6	  0.0
8.7	  0.0
8.8	  0.0
8.9	  0.0
9.0	  0.0



DATASET #3

     Name: null
   Points: 66
     Info: 

Data[x,y]:
2.5	  610.0
2.6	  486.0
2.7	  388.0
2.8	  311.0
2.9	  249.0
3.0	  200.0
3.1	  161.0
3.2	  130.0
3.3	  105.0
3.4	  85.0
3.5	  69.0
3.6	  57.0
3.7	  46.0
3.8	  38.0
3.9	  31.0
4.0	  26.0
4.1	  21.0
4.2	  18.0
4.3	  15.0
4.4	  12.0
4.5	  10.0
4.6	  9.0
4.7	  7.0
4.8	  6.0
4.9	  5.0
5.0	  5.0
5.1	  4.0
5.2	  3.0
5.3	  3.0
5.4	  3.0
5.5	  2.0
5.6	  2.0
5.7	  2.0
5.8	  1.0
5.9	  1.0
6.0	  1.0
6.1	  1.0
6.2	  1.0
6.3	  1.0
6.4	  1.0
6.5	  0.0
6.6	  0.0
6.7	  0.0
6.8	  0.0
6.9	  0.0
7.0	  0.0
7.1	  0.0
7.2	  0.0
7.3	  0.0
7.4	  0.0
7.5	  0.0
7.6	  0.0
7.7	  0.0
7.8	  0.0
7.9	  0.0
8.0	  0.0
8.1	  0.0
8.2	  0.0
8.3	  0.0
8.4	  0.0
8.5	  0.0
8.6	  0.0
8.7	  0.0
8.8	  0.0
8.9	  0.0
9.0	  0.0



DATASET #4

     Name: Median
   Points: 66
     Info: 

Data[x,y]:
2.5	  496.0
2.6	  394.0
2.7	  313.0
2.8	  249.0
2.9	  198.0
3.0	  157.0
3.1	  125.0
3.2	  99.0
3.3	  79.0
3.4	  62.0
3.5	  50.0
3.6	  39.0
3.7	  31.0
3.8	  25.0
3.9	  20.0
4.0	  16.0
4.1	  12.0
4.2	  10.0
4.3	  8.0
4.4	  6.0
4.5	  5.0
4.6	  4.0
4.7	  3.0
4.8	  2.0
4.9	  2.0
5.0	  1.0
5.1	  1.0
5.2	  1.0
5.3	  1.0
5.4	  0.0
5.5	  0.0
5.6	  0.0
5.7	  0.0
5.8	  0.0
5.9	  0.0
6.0	  0.0
6.1	  0.0
6.2	  0.0
6.3	  0.0
6.4	  0.0
6.5	  0.0
6.6	  0.0
6.7	  0.0
6.8	  0.0
6.9	  0.0
7.0	  0.0
7.1	  0.0
7.2	  0.0
7.3	  0.0
7.4	  0.0
7.5	  0.0
7.6	  0.0
7.7	  0.0
7.8	  0.0
7.9	  0.0
8.0	  0.0
8.1	  0.0
8.2	  0.0
8.3	  0.0
8.4	  0.0
8.5	  0.0
8.6	  0.0
8.7	  0.0
8.8	  0.0
8.9	  0.0
9.0	  0.0



DATASET #5

     Name: Mode
   Points: 66
     Info: 

Data[x,y]:
2.5	  495.0
2.6	  387.0
2.7	  307.0
2.8	  247.0
2.9	  193.0
3.0	  157.0
3.1	  123.0
3.2	  98.0
3.3	  78.0
3.4	  62.0
3.5	  49.0
3.6	  38.0
3.7	  30.0
3.8	  24.0
3.9	  20.0
4.0	  15.0
4.1	  12.0
4.2	  9.0
4.3	  7.0
4.4	  6.0
4.5	  4.0
4.6	  3.0
4.7	  3.0
4.8	  2.0
4.9	  1.0
5.0	  1.0
5.1	  1.0
5.2	  0.0
5.3	  0.0
5.4	  0.0
5.5	  0.0
5.6	  0.0
5.7	  0.0
5.8	  0.0
5.9	  0.0
6.0	  0.0
6.1	  0.0
6.2	  0.0
6.3	  0.0
6.4	  0.0
6.5	  0.0
6.6	  0.0
6.7	  0.0
6.8	  0.0
6.9	  0.0
7.0	  0.0
7.1	  0.0
7.2	  0.0
7.3	  0.0
7.4	  0.0
7.5	  0.0
7.6	  0.0
7.7	  0.0
7.8	  0.0
7.9	  0.0
8.0	  0.0
8.1	  0.0
8.2	  0.0
8.3	  0.0
8.4	  0.0
8.5	  0.0
8.6	  0.0
8.7	  0.0
8.8	  0.0
8.9	  0.0
9.0	  0.0



DATASET #6

     Name: 1 hr Prob
   Points: 66
     Info: 

Data[x,y]:
2.5	  1.0
2.6	  1.0
2.7	  1.0
2.8	  1.0
2.9	  1.0
3.0	  1.0
3.1	  1.0
3.2	  1.0
3.3	  1.0
3.4	  1.0
3.5	  1.0
3.6	  1.0
3.7	  1.0
3.8	  1.0
3.9	  1.0
4.0	  1.0
4.1	  1.0
4.2	  0.9998548
4.3	  0.9993648
4.4	  0.9971325
4.5	  0.9909619
4.6	  0.9763702
4.7	  0.950363
4.8	  0.9061887
4.9	  0.8472232
5.0	  0.7738475
5.1	  0.6905445
5.2	  0.60185117
5.3	  0.51500905
5.4	  0.4332305
5.5	  0.35874772
5.6	  0.291706
5.7	  0.2322686
5.8	  0.18346642
5.9	  0.14186932
6.0	  0.10967332
6.1	  0.08161525
6.2	  0.053811252
6.3	  0.04168784
6.4	  0.031488203
6.5	  0.024392014
6.6	  0.02107078
6.7	  0.017404718
6.8	  0.014355717
6.9	  0.01154265
7.0	  0.009364791
7.1	  0.00800363
7.2	  0.006188748
7.3	  0.004210526
7.4	  0.003647913
7.5	  0.002849365
7.6	  0.0018330308
7.7	  5.444646E-4
7.8	  2.722323E-4
7.9	  1.6333938E-4
8.0	  7.259528E-5
8.1	  1.814882E-5
8.2	  0.0
8.3	  0.0
8.4	  0.0
8.5	  0.0
8.6	  0.0
8.7	  0.0
8.8	  0.0
8.9	  0.0
9.0	  0.0



DATASET #7

Name: 95% Conf
Num Points: 66
Info: 

X, Y Data:
2.5	1.0	[1.0	1.0]
2.6	1.0	[1.0	1.0]
2.7	1.0	[1.0	1.0]
2.8	1.0	[1.0	1.0]
2.9	1.0	[1.0	1.0]
3.0	1.0	[1.0	1.0]
3.1	1.0	[1.0	1.0]
3.2	1.0	[1.0	1.0]
3.3	1.0	[1.0	1.0]
3.4	1.0	[1.0	1.0]
3.5	1.0	[1.0	1.0]
3.6	1.0	[1.0	1.0]
3.7	1.0	[1.0	1.0]
3.8	1.0	[1.0	1.0]
3.9	1.0	[1.0	1.0]
4.0	1.0	[1.0	1.0]
4.1	1.0	[1.0	1.0]
4.2	0.9998548	[0.9997015	0.99993247]
4.3	0.9993648	[0.99910617	0.9995508]
4.4	0.9971325	[0.99664026	0.997554]
4.5	0.9909619	[0.99012727	0.9917273]
4.6	0.9763702	[0.97505903	0.9776145]
4.7	0.950363	[0.9485086	0.9521542]
4.8	0.9061887	[0.9037166	0.908604]
4.9	0.8472232	[0.8441858	0.8502121]
5.0	0.7738475	[0.7703263	0.7773305]
5.1	0.6905445	[0.6866623	0.6944]
5.2	0.60185117	[0.59774774	0.6059404]
5.3	0.51500905	[0.51082605	0.51919]
5.4	0.4332305	[0.42908868	0.43738163]
5.5	0.35874772	[0.35474378	0.36277142]
5.6	0.291706	[0.28791615	0.29552492]
5.7	0.2322686	[0.22875233	0.2358223]
5.8	0.18346642	[0.18024771	0.1867294]
5.9	0.14186932	[0.13897188	0.14481686]
6.0	0.10967332	[0.107082315	0.11231894]
6.1	0.08161525	[0.07934934	0.083939716]
6.2	0.053811252	[0.051949136	0.055735882]
6.3	0.04168784	[0.04004171	0.04339822]
6.4	0.031488203	[0.030053515	0.032988623]
6.5	0.024392014	[0.023127872	0.025722938]
6.6	0.02107078	[0.019895712	0.022313131]
6.7	0.017404718	[0.016337143	0.018540142]
6.8	0.014355717	[0.01338703	0.015392736]
6.9	0.01154265	[0.010675465	0.012478633]
7.0	0.009364791	[0.008585368	0.010213396]
7.1	0.00800363	[0.0072844992	0.0087921955]
7.2	0.006188748	[0.0055588577	0.006888443]
7.3	0.004210526	[0.0036948412	0.004796498]
7.4	0.003647913	[0.0031694998	0.0041967775]
7.5	0.002849365	[0.0024292467	0.0033402103]
7.6	0.0018330308	[0.001500731	0.0022365472]
7.7	5.444646E-4	[3.739518E-4	7.878109E-4]
7.8	2.722323E-4	[1.5815752E-4	4.6043514E-4]
7.9	1.6333938E-4	[7.9716694E-5	3.2229043E-4]
8.0	7.259528E-5	[2.3255185E-5	1.9963537E-4]
8.1	1.814882E-5	[9.4734355E-7	1.1787135E-4]
8.2	0.0	[0.0	8.691586E-5]
8.3	0.0	[0.0	8.691586E-5]
8.4	0.0	[0.0	0.0]
8.5	0.0	[0.0	0.0]
8.6	0.0	[0.0	0.0]
8.7	0.0	[0.0	0.0]
8.8	0.0	[0.0	0.0]
8.9	0.0	[0.0	0.0]
9.0	0.0	[0.0	0.0]



DATASET #8

     Name: Supra
   Points: 66
     Info: 

Data[x,y]:
2.5	  0.039473683
2.6	  0.039473683
2.7	  0.039473683
2.8	  0.039473683
2.9	  0.039473683
3.0	  0.039473683
3.1	  0.039473683
3.2	  0.039473683
3.3	  0.039473683
3.4	  0.039473683
3.5	  0.039473683
3.6	  0.039473683
3.7	  0.039473683
3.8	  0.039473683
3.9	  0.039473683
4.0	  0.039473683
4.1	  0.039473683
4.2	  0.039473683
4.3	  0.039473683
4.4	  0.039473683
4.5	  0.039473683
4.6	  0.039473683
4.7	  0.039473683
4.8	  0.039473683
4.9	  0.039473683
5.0	  0.039473683
5.1	  0.039473683
5.2	  0.039473683
5.3	  0.039473683
5.4	  0.039473683
5.5	  0.039473683
5.6	  0.039473683
5.7	  0.039473683
5.8	  0.039473683
5.9	  0.039473683
6.0	  0.039455537
6.1	  0.035317603
6.2	  0.026878403
6.3	  0.0230853
6.4	  0.019782213
6.5	  0.017259529
6.6	  0.01600726
6.7	  0.013901996
6.8	  0.012105263
6.9	  0.010090744
7.0	  0.008402904
7.1	  0.0074047185
7.2	  0.0058257715
7.3	  0.004029038
7.4	  0.0035753176
7.5	  0.002813067
7.6	  0.0018330308
7.7	  5.444646E-4
7.8	  2.722323E-4
7.9	  1.6333938E-4
8.0	  7.259528E-5
8.1	  1.814882E-5
8.2	  0.0
8.3	  0.0
8.4	  0.0
8.5	  0.0
8.6	  0.0
8.7	  0.0
8.8	  0.0
8.9	  0.0
9.0	  0.0



DATASET #9

     Name: Primary
   Points: 66
     Info: 

Data[x,y]:
2.5	  457.58875
2.6	  363.4613
2.7	  288.73077
2.8	  229.33386
2.9	  182.17328
3.0	  144.6608
3.1	  114.90985
3.2	  91.28626
3.3	  72.492325
3.4	  57.56278
3.5	  45.68884
3.6	  36.271942
3.7	  28.804083
3.8	  22.880526
3.9	  18.161743
4.0	  14.4171505
4.1	  11.441561
4.2	  9.077205
4.3	  7.2043376
4.4	  5.7072053
4.5	  4.529274
4.6	  3.5909073
4.7	  2.8488386
4.8	  2.2550635
4.9	  1.781452
5.0	  1.4068421
5.1	  1.1100181
5.2	  0.8712341
5.3	  0.6824864
5.4	  0.5330127
5.5	  0.4148276
5.6	  0.32087114
5.7	  0.24671507
5.8	  0.18778585
5.9	  0.14136116
6.0	  0.10785844
6.1	  0.078675136
6.2	  0.050653357
6.3	  0.03891107
6.4	  0.029147005
6.5	  0.0223049
6.6	  0.019219602
6.7	  0.015862068
6.8	  0.0130671505
6.9	  0.010453721
7.0	  0.008475499
7.1	  0.007277677
7.2	  0.0056079854
7.3	  0.0037749547
7.4	  0.0032849365
7.5	  0.0026134301
7.6	  0.0016878403
7.7	  5.0816697E-4
7.8	  2.5408348E-4
7.9	  1.4519056E-4
8.0	  7.259528E-5
8.1	  1.814882E-5
8.2	  0.0
8.3	  0.0
8.4	  0.0
8.5	  0.0
8.6	  0.0
8.7	  0.0
8.8	  0.0
8.9	  0.0
9.0	  0.0


