
X-Axis: Magnitude
Y-Axis: 1 Month Cumulative Number
Number of Data Sets: 9


DATASET #1

     Name: Mean
   Points: 66
     Info: 

Data[x,y]:
2.5	  2876.655
2.6	  2284.9448
2.7	  1815.1233
2.8	  1441.7789
2.9	  1145.2588
3.0	  909.61
3.1	  722.3122
3.2	  573.72455
3.3	  455.67224
3.4	  361.89948
3.5	  287.40692
3.6	  228.24318
3.7	  181.26543
3.8	  143.93373
3.9	  114.27947
4.0	  90.7222
4.1	  72.001854
4.2	  57.147423
4.3	  45.367207
4.4	  35.980145
4.5	  28.540943
4.6	  22.613121
4.7	  17.91225
4.8	  14.15441
4.9	  11.18813
5.0	  8.842196
5.1	  6.975245
5.2	  5.4890018
5.3	  4.305082
5.4	  3.365626
5.5	  2.6193466
5.6	  2.0231397
5.7	  1.5557169
5.8	  1.186715
5.9	  0.893176
6.0	  0.6864247
6.1	  0.5007441
6.2	  0.32969147
6.3	  0.24849364
6.4	  0.18798548
6.5	  0.14399274
6.6	  0.11814882
6.7	  0.096424684
6.8	  0.07642468
6.9	  0.059764065
7.0	  0.047332123
7.1	  0.038693286
7.2	  0.029292196
7.3	  0.020108894
7.4	  0.017658802
7.5	  0.013430127
7.6	  0.0074047185
7.7	  0.002522686
7.8	  0.0014882033
7.9	  9.618875E-4
8.0	  3.0852994E-4
8.1	  3.629764E-5
8.2	  0.0
8.3	  0.0
8.4	  0.0
8.5	  0.0
8.6	  0.0
8.7	  0.0
8.8	  0.0
8.9	  0.0
9.0	  0.0



DATASET #2

     Name: 2.5%,97.5%
   Points: 66
     Info: 

Data[x,y]:
2.5	  2188.0
2.6	  1733.0
2.7	  1371.0
2.8	  1084.0
2.9	  857.0
3.0	  676.0
3.1	  533.0
3.2	  420.0
3.3	  330.0
3.4	  259.0
3.5	  203.0
3.6	  158.0
3.7	  124.0
3.8	  96.0
3.9	  74.0
4.0	  57.0
4.1	  44.0
4.2	  33.0
4.3	  25.0
4.4	  19.0
4.5	  14.0
4.6	  10.0
4.7	  7.0
4.8	  5.0
4.9	  4.0
5.0	  2.0
5.1	  1.0
5.2	  1.0
5.3	  0.0
5.4	  0.0
5.5	  0.0
5.6	  0.0
5.7	  0.0
5.8	  0.0
5.9	  0.0
6.0	  0.0
6.1	  0.0
6.2	  0.0
6.3	  0.0
6.4	  0.0
6.5	  0.0
6.6	  0.0
6.7	  0.0
6.8	  0.0
6.9	  0.0
7.0	  0.0
7.1	  0.0
7.2	  0.0
7.3	  0.0
7.4	  0.0
7.5	  0.0
7.6	  0.0
7.7	  0.0
7.8	  0.0
7.9	  0.0
8.0	  0.0
8.1	  0.0
8.2	  0.0
8.3	  0.0
8.4	  0.0
8.5	  0.0
8.6	  0.0
8.7	  0.0
8.8	  0.0
8.9	  0.0
9.0	  0.0



DATASET #3

     Name: null
   Points: 66
     Info: 

Data[x,y]:
2.5	  6043.0
2.6	  4805.0
2.7	  3826.0
2.8	  3039.0
2.9	  2410.0
3.0	  1923.0
3.1	  1524.0
3.2	  1215.0
3.3	  963.0
3.4	  769.0
3.5	  612.0
3.6	  487.0
3.7	  389.0
3.8	  308.0
3.9	  245.0
4.0	  196.0
4.1	  156.0
4.2	  125.0
4.3	  100.0
4.4	  80.0
4.5	  64.0
4.6	  52.0
4.7	  41.0
4.8	  33.0
4.9	  27.0
5.0	  22.0
5.1	  18.0
5.2	  15.0
5.3	  12.0
5.4	  10.0
5.5	  8.0
5.6	  7.0
5.7	  6.0
5.8	  5.0
5.9	  4.0
6.0	  3.0
6.1	  3.0
6.2	  2.0
6.3	  2.0
6.4	  2.0
6.5	  1.0
6.6	  1.0
6.7	  1.0
6.8	  1.0
6.9	  1.0
7.0	  1.0
7.1	  1.0
7.2	  1.0
7.3	  0.0
7.4	  0.0
7.5	  0.0
7.6	  0.0
7.7	  0.0
7.8	  0.0
7.9	  0.0
8.0	  0.0
8.1	  0.0
8.2	  0.0
8.3	  0.0
8.4	  0.0
8.5	  0.0
8.6	  0.0
8.7	  0.0
8.8	  0.0
8.9	  0.0
9.0	  0.0



DATASET #4

     Name: Median
   Points: 66
     Info: 

Data[x,y]:
2.5	  2558.0
2.6	  2033.0
2.7	  1615.0
2.8	  1283.0
2.9	  1019.0
3.0	  810.0
3.1	  644.0
3.2	  512.0
3.3	  407.0
3.4	  324.0
3.5	  257.0
3.6	  205.0
3.7	  163.0
3.8	  129.0
3.9	  103.0
4.0	  82.0
4.1	  65.0
4.2	  52.0
4.3	  41.0
4.4	  33.0
4.5	  26.0
4.6	  20.0
4.7	  16.0
4.8	  13.0
4.9	  10.0
5.0	  8.0
5.1	  6.0
5.2	  5.0
5.3	  4.0
5.4	  3.0
5.5	  2.0
5.6	  2.0
5.7	  1.0
5.8	  1.0
5.9	  1.0
6.0	  0.0
6.1	  0.0
6.2	  0.0
6.3	  0.0
6.4	  0.0
6.5	  0.0
6.6	  0.0
6.7	  0.0
6.8	  0.0
6.9	  0.0
7.0	  0.0
7.1	  0.0
7.2	  0.0
7.3	  0.0
7.4	  0.0
7.5	  0.0
7.6	  0.0
7.7	  0.0
7.8	  0.0
7.9	  0.0
8.0	  0.0
8.1	  0.0
8.2	  0.0
8.3	  0.0
8.4	  0.0
8.5	  0.0
8.6	  0.0
8.7	  0.0
8.8	  0.0
8.9	  0.0
9.0	  0.0



DATASET #5

     Name: Mode
   Points: 66
     Info: 

Data[x,y]:
2.5	  2439.0
2.6	  1931.0
2.7	  1574.0
2.8	  1218.0
2.9	  955.0
3.0	  763.0
3.1	  614.0
3.2	  477.0
3.3	  388.0
3.4	  305.0
3.5	  242.0
3.6	  195.0
3.7	  152.0
3.8	  124.0
3.9	  95.0
4.0	  77.0
4.1	  62.0
4.2	  49.0
4.3	  38.0
4.4	  30.0
4.5	  24.0
4.6	  19.0
4.7	  15.0
4.8	  11.0
4.9	  9.0
5.0	  7.0
5.1	  5.0
5.2	  4.0
5.3	  3.0
5.4	  2.0
5.5	  1.0
5.6	  1.0
5.7	  1.0
5.8	  0.0
5.9	  0.0
6.0	  0.0
6.1	  0.0
6.2	  0.0
6.3	  0.0
6.4	  0.0
6.5	  0.0
6.6	  0.0
6.7	  0.0
6.8	  0.0
6.9	  0.0
7.0	  0.0
7.1	  0.0
7.2	  0.0
7.3	  0.0
7.4	  0.0
7.5	  0.0
7.6	  0.0
7.7	  0.0
7.8	  0.0
7.9	  0.0
8.0	  0.0
8.1	  0.0
8.2	  0.0
8.3	  0.0
8.4	  0.0
8.5	  0.0
8.6	  0.0
8.7	  0.0
8.8	  0.0
8.9	  0.0
9.0	  0.0



DATASET #6

     Name: 1 mo Prob
   Points: 66
     Info: 

Data[x,y]:
2.5	  1.0
2.6	  1.0
2.7	  1.0
2.8	  1.0
2.9	  1.0
3.0	  1.0
3.1	  1.0
3.2	  1.0
3.3	  1.0
3.4	  1.0
3.5	  1.0
3.6	  1.0
3.7	  1.0
3.8	  1.0
3.9	  1.0
4.0	  1.0
4.1	  1.0
4.2	  1.0
4.3	  1.0
4.4	  1.0
4.5	  1.0
4.6	  1.0
4.7	  1.0
4.8	  0.9999819
4.9	  0.9998004
5.0	  0.9988203
5.1	  0.99495465
5.2	  0.9854991
5.3	  0.9659165
5.4	  0.93083483
5.5	  0.8774773
5.6	  0.8062069
5.7	  0.72068965
5.8	  0.6290018
5.9	  0.53110707
6.0	  0.44332123
6.1	  0.35303086
6.2	  0.25284937
6.3	  0.2000726
6.4	  0.15493648
6.5	  0.12128857
6.6	  0.1038657
6.7	  0.0862069
6.8	  0.07018149
6.9	  0.05666062
7.0	  0.045480944
7.1	  0.03758621
7.2	  0.028675135
7.3	  0.019764066
7.4	  0.017404718
7.5	  0.01323049
7.6	  0.0073321234
7.7	  0.0024863884
7.8	  0.0014882033
7.9	  9.618875E-4
8.0	  3.0852994E-4
8.1	  3.629764E-5
8.2	  0.0
8.3	  0.0
8.4	  0.0
8.5	  0.0
8.6	  0.0
8.7	  0.0
8.8	  0.0
8.9	  0.0
9.0	  0.0



DATASET #7

Name: 95% Conf
Num Points: 66
Info: 

X, Y Data:
2.5	1.0	[1.0	1.0]
2.6	1.0	[1.0	1.0]
2.7	1.0	[1.0	1.0]
2.8	1.0	[1.0	1.0]
2.9	1.0	[1.0	1.0]
3.0	1.0	[1.0	1.0]
3.1	1.0	[1.0	1.0]
3.2	1.0	[1.0	1.0]
3.3	1.0	[1.0	1.0]
3.4	1.0	[1.0	1.0]
3.5	1.0	[1.0	1.0]
3.6	1.0	[1.0	1.0]
3.7	1.0	[1.0	1.0]
3.8	1.0	[1.0	1.0]
3.9	1.0	[1.0	1.0]
4.0	1.0	[1.0	1.0]
4.1	1.0	[1.0	1.0]
4.2	1.0	[1.0	1.0]
4.3	1.0	[1.0	1.0]
4.4	1.0	[1.0	1.0]
4.5	1.0	[1.0	1.0]
4.6	1.0	[1.0	1.0]
4.7	1.0	[1.0	1.0]
4.8	0.9999819	[0.9998821	0.99999905]
4.9	0.9998004	[0.9996309	0.999895]
5.0	0.9988203	[0.9984867	0.99908227]
5.1	0.99495465	[0.99431795	0.99552125]
5.2	0.9854991	[0.98445714	0.9864727]
5.3	0.9659165	[0.96435946	0.96740824]
5.4	0.93083483	[0.9286768	0.93293256]
5.5	0.8774773	[0.874704	0.8801978]
5.6	0.8062069	[0.802876	0.809495]
5.7	0.72068965	[0.716919	0.7244295]
5.8	0.6290018	[0.6249503	0.63303536]
5.9	0.53110707	[0.52692914	0.5352807]
6.0	0.44332123	[0.43916824	0.44748217]
6.1	0.35303086	[0.34904167	0.35704058]
6.2	0.25284937	[0.24922842	0.25650486]
6.3	0.2000726	[0.19674413	0.20344299]
6.4	0.15493648	[0.15193018	0.15799102]
6.5	0.12128857	[0.11858003	0.12405008]
6.6	0.1038657	[0.101336844	0.106449984]
6.7	0.0862069	[0.08388313	0.08858858]
6.8	0.07018149	[0.06806937	0.07235379]
6.9	0.05666062	[0.05475198	0.058631357]
7.0	0.045480944	[0.04376374	0.04726185]
7.1	0.03758621	[0.03602119	0.039216064]
7.2	0.028675135	[0.02730527	0.030111147]
7.3	0.019764066	[0.018626083	0.020969529]
7.4	0.017404718	[0.016337143	0.018540142]
7.5	0.01323049	[0.012301044	0.014228453]
7.6	0.0073321234	[0.0066446746	0.008089139]
7.7	0.0024863884	[0.0020954865	0.0029481677]
7.8	0.0014882033	[0.001191124	0.0018567389]
7.9	9.618875E-4	[7.276561E-4	0.0012681179]
8.0	3.0852994E-4	[1.8568529E-4	5.0524215E-4]
8.1	3.629764E-5	[6.2869613E-6	1.46392E-4]
8.2	0.0	[0.0	8.691586E-5]
8.3	0.0	[0.0	8.691586E-5]
8.4	0.0	[0.0	0.0]
8.5	0.0	[0.0	0.0]
8.6	0.0	[0.0	0.0]
8.7	0.0	[0.0	0.0]
8.8	0.0	[0.0	0.0]
8.9	0.0	[0.0	0.0]
9.0	0.0	[0.0	0.0]



DATASET #8

     Name: Supra
   Points: 66
     Info: 

Data[x,y]:
2.5	  0.1901089
2.6	  0.1901089
2.7	  0.1901089
2.8	  0.1901089
2.9	  0.1901089
3.0	  0.1901089
3.1	  0.1901089
3.2	  0.1901089
3.3	  0.1901089
3.4	  0.1901089
3.5	  0.1901089
3.6	  0.1901089
3.7	  0.1901089
3.8	  0.1901089
3.9	  0.1901089
4.0	  0.1901089
4.1	  0.1901089
4.2	  0.1901089
4.3	  0.1901089
4.4	  0.1901089
4.5	  0.1901089
4.6	  0.1901089
4.7	  0.1901089
4.8	  0.1901089
4.9	  0.1901089
5.0	  0.1901089
5.1	  0.1901089
5.2	  0.1901089
5.3	  0.1901089
5.4	  0.1901089
5.5	  0.1901089
5.6	  0.1901089
5.7	  0.1901089
5.8	  0.1901089
5.9	  0.19005445
6.0	  0.1899637
6.1	  0.16404718
6.2	  0.1278766
6.3	  0.108983666
6.4	  0.094428316
6.5	  0.082341194
6.6	  0.07604355
6.7	  0.06655172
6.8	  0.05735027
6.9	  0.04798548
7.0	  0.039582577
7.1	  0.03430127
7.2	  0.026751362
7.3	  0.018929219
7.4	  0.017023593
7.5	  0.0131215975
7.6	  0.007295826
7.7	  0.0024682395
7.8	  0.0014700545
7.9	  9.618875E-4
8.0	  3.0852994E-4
8.1	  3.629764E-5
8.2	  0.0
8.3	  0.0
8.4	  0.0
8.5	  0.0
8.6	  0.0
8.7	  0.0
8.8	  0.0
8.9	  0.0
9.0	  0.0



DATASET #9

     Name: Primary
   Points: 66
     Info: 

Data[x,y]:
2.5	  1690.3293
2.6	  1342.6349
2.7	  1066.5111
2.8	  847.0939
2.9	  672.907
3.0	  534.4065
3.1	  424.38345
3.2	  337.02374
3.3	  267.68774
3.4	  212.58337
3.5	  168.78395
3.6	  134.01143
3.7	  106.4292
3.8	  84.50278
3.9	  67.08949
4.0	  53.238003
4.1	  42.227497
4.2	  33.511578
4.3	  26.601778
4.4	  21.108059
4.5	  16.744284
4.6	  13.265063
4.7	  10.513212
4.8	  8.31069
4.9	  6.573829
5.0	  5.1939745
5.1	  4.098385
5.2	  3.2234664
5.3	  2.528766
5.4	  1.9784755
5.5	  1.5393648
5.6	  1.1919601
5.7	  0.9178221
5.8	  0.69923776
5.9	  0.5247005
6.0	  0.3996007
6.1	  0.29426497
6.2	  0.19275862
6.3	  0.14656988
6.4	  0.10967332
6.5	  0.08326679
6.6	  0.070871145
6.7	  0.058058076
6.8	  0.047023594
6.9	  0.03722323
7.0	  0.029600726
7.1	  0.024192378
7.2	  0.018239565
7.3	  0.012667877
7.4	  0.011107078
7.5	  0.008529945
7.6	  0.0048820325
7.7	  0.0013067151
7.8	  7.4410165E-4
7.9	  4.7186934E-4
8.0	  1.6333938E-4
8.1	  3.629764E-5
8.2	  0.0
8.3	  0.0
8.4	  0.0
8.5	  0.0
8.6	  0.0
8.7	  0.0
8.8	  0.0
8.9	  0.0
9.0	  0.0


