
X-Axis: Magnitude
Y-Axis: Cumulative Annual Rate
Number of Data Sets: 8


DATASET #1

     Name: Mean
   Points: 41
     Info: 

Data[x,y]:
5.0	  8.2772
5.1	  6.56522
5.2	  5.2044
5.3	  4.12392
5.4	  3.26535
5.5	  2.5843
5.6	  2.04109
5.7	  1.60819
5.8	  1.26516
5.9	  0.98268
6.0	  0.79378
6.1	  0.62543
6.2	  0.50076
6.3	  0.39978
6.4	  0.32019
6.5	  0.25119
6.6	  0.1982
6.7	  0.15471
6.8	  0.12215
6.9	  0.09642
7.0	  0.07582
7.1	  0.05821
7.2	  0.0452
7.3	  0.03644
7.4	  0.02811
7.5	  0.01934
7.6	  0.01461
7.7	  0.01006
7.8	  0.00739
7.9	  0.00419
8.0	  0.00226
8.1	  8.0E-4
8.2	  2.8E-4
8.3	  6.0E-5
8.4	  0.0
8.5	  0.0
8.6	  0.0
8.7	  0.0
8.8	  0.0
8.9	  0.0
9.0	  0.0



DATASET #2

     Name: 2.5%,97.5%
   Points: 41
     Info: 

Data[x,y]:
5.0	  6.29
5.1	  4.98
5.2	  3.94
5.3	  3.1
5.4	  2.45
5.5	  1.92
5.6	  1.51
5.7	  1.17
5.8	  0.9
5.9	  0.69
6.0	  0.55
6.1	  0.42
6.2	  0.33
6.3	  0.25
6.4	  0.2
6.5	  0.15
6.6	  0.11
6.7	  0.08
6.8	  0.06
6.9	  0.04
7.0	  0.03
7.1	  0.02
7.2	  0.01
7.3	  0.01
7.4	  0.01
7.5	  0.0
7.6	  0.0
7.7	  0.0
7.8	  0.0
7.9	  0.0
8.0	  0.0
8.1	  0.0
8.2	  0.0
8.3	  0.0
8.4	  0.0
8.5	  0.0
8.6	  0.0
8.7	  0.0
8.8	  0.0
8.9	  0.0
9.0	  0.0



DATASET #3

     Name: null
   Points: 41
     Info: 

Data[x,y]:
5.0	  10.58
5.1	  8.45
5.2	  6.73
5.3	  5.32
5.4	  4.23
5.5	  3.39
5.6	  2.7
5.7	  2.13
5.8	  1.69
5.9	  1.33
6.0	  1.08
6.1	  0.87
6.2	  0.71
6.3	  0.58
6.4	  0.47
6.5	  0.37
6.6	  0.31
6.7	  0.25
6.8	  0.2
6.9	  0.16
7.0	  0.14
7.1	  0.11
7.2	  0.09
7.3	  0.07
7.4	  0.06
7.5	  0.05
7.6	  0.04
7.7	  0.03
7.8	  0.02
7.9	  0.01
8.0	  0.01
8.1	  0.01
8.2	  0.01
8.3	  0.0
8.4	  0.0
8.5	  0.0
8.6	  0.0
8.7	  0.0
8.8	  0.0
8.9	  0.0
9.0	  0.0



DATASET #4

     Name: Median
   Points: 41
     Info: 

Data[x,y]:
5.0	  8.2
5.1	  6.5
5.2	  5.15
5.3	  4.08
5.4	  3.22
5.5	  2.55
5.6	  2.02
5.7	  1.59
5.8	  1.26
5.9	  0.97
6.0	  0.78
6.1	  0.62
6.2	  0.5
6.3	  0.39
6.4	  0.31
6.5	  0.25
6.6	  0.2
6.7	  0.15
6.8	  0.12
6.9	  0.09
7.0	  0.07
7.1	  0.06
7.2	  0.04
7.3	  0.03
7.4	  0.03
7.5	  0.02
7.6	  0.01
7.7	  0.01
7.8	  0.01
7.9	  0.0
8.0	  0.0
8.1	  0.0
8.2	  0.0
8.3	  0.0
8.4	  0.0
8.5	  0.0
8.6	  0.0
8.7	  0.0
8.8	  0.0
8.9	  0.0
9.0	  0.0



DATASET #5

     Name: Mode
   Points: 41
     Info: 

Data[x,y]:
5.0	  7.6
5.1	  6.43
5.2	  4.82
5.3	  4.0
5.4	  3.09
5.5	  2.51
5.6	  2.09
5.7	  1.51
5.8	  1.27
5.9	  0.89
6.0	  0.75
6.1	  0.66
6.2	  0.5
6.3	  0.35
6.4	  0.3
6.5	  0.23
6.6	  0.2
6.7	  0.16
6.8	  0.12
6.9	  0.09
7.0	  0.07
7.1	  0.05
7.2	  0.04
7.3	  0.03
7.4	  0.03
7.5	  0.01
7.6	  0.01
7.7	  0.01
7.8	  0.01
7.9	  0.0
8.0	  0.0
8.1	  0.0
8.2	  0.0
8.3	  0.0
8.4	  0.0
8.5	  0.0
8.6	  0.0
8.7	  0.0
8.8	  0.0
8.9	  0.0
9.0	  0.0



DATASET #6

     Name: 100 yr Prob
   Points: 41
     Info: 

Data[x,y]:
5.0	  1.0
5.1	  1.0
5.2	  1.0
5.3	  1.0
5.4	  1.0
5.5	  1.0
5.6	  1.0
5.7	  1.0
5.8	  1.0
5.9	  1.0
6.0	  1.0
6.1	  1.0
6.2	  1.0
6.3	  1.0
6.4	  1.0
6.5	  1.0
6.6	  1.0
6.7	  1.0
6.8	  1.0
6.9	  1.0
7.0	  1.0
7.1	  1.0
7.2	  0.997
7.3	  0.994
7.4	  0.981
7.5	  0.938
7.6	  0.887
7.7	  0.757
7.8	  0.642
7.9	  0.404
8.0	  0.225
8.1	  0.08
8.2	  0.028
8.3	  0.006
8.4	  0.0
8.5	  0.0
8.6	  0.0
8.7	  0.0
8.8	  0.0
8.9	  0.0
9.0	  0.0



DATASET #7

Name: 95% Conf
Num Points: 41
Info: 

X, Y Data:
5.0	1.0	[1.0	1.0]
5.1	1.0	[1.0	1.0]
5.2	1.0	[1.0	1.0]
5.3	1.0	[1.0	1.0]
5.4	1.0	[1.0	1.0]
5.5	1.0	[1.0	1.0]
5.6	1.0	[1.0	1.0]
5.7	1.0	[1.0	1.0]
5.8	1.0	[1.0	1.0]
5.9	1.0	[1.0	1.0]
6.0	1.0	[1.0	1.0]
6.1	1.0	[1.0	1.0]
6.2	1.0	[1.0	1.0]
6.3	1.0	[1.0	1.0]
6.4	1.0	[1.0	1.0]
6.5	1.0	[1.0	1.0]
6.6	1.0	[1.0	1.0]
6.7	1.0	[1.0	1.0]
6.8	1.0	[1.0	1.0]
6.9	1.0	[1.0	1.0]
7.0	1.0	[1.0	1.0]
7.1	1.0	[1.0	1.0]
7.2	0.997	[0.990482	0.9992249]
7.3	0.994	[0.98629355	0.9975587]
7.4	0.981	[0.9699119	0.9881945]
7.5	0.938	[0.920758	0.95177835]
7.6	0.887	[0.86534244	0.9056204]
7.7	0.757	[0.7289495	0.7830466]
7.8	0.642	[0.61128706	0.67160785]
7.9	0.404	[0.37351763	0.43522918]
8.0	0.225	[0.19972074	0.2524246]
8.1	0.08	[0.06429728	0.099012285]
8.2	0.028	[0.019031283	0.040754933]
8.3	0.006	[0.0024413043	0.013706456]
8.4	0.0	[0.0	0.0]
8.5	0.0	[0.0	0.0]
8.6	0.0	[0.0	0.0]
8.7	0.0	[0.0	0.0]
8.8	0.0	[0.0	0.0]
8.9	0.0	[0.0	0.0]
9.0	0.0	[0.0	0.0]



DATASET #8

     Name: Supra
   Points: 41
     Info: 

Data[x,y]:
5.0	  1.0
5.1	  1.0
5.2	  1.0
5.3	  1.0
5.4	  1.0
5.5	  1.0
5.6	  1.0
5.7	  1.0
5.8	  1.0
5.9	  1.0
6.0	  1.0
6.1	  1.0
6.2	  1.0
6.3	  1.0
6.4	  1.0
6.5	  1.0
6.6	  1.0
6.7	  1.0
6.8	  1.0
6.9	  1.0
7.0	  1.0
7.1	  1.0
7.2	  0.997
7.3	  0.994
7.4	  0.981
7.5	  0.937
7.6	  0.887
7.7	  0.757
7.8	  0.641
7.9	  0.404
8.0	  0.225
8.1	  0.08
8.2	  0.028
8.3	  0.006
8.4	  0.0
8.5	  0.0
8.6	  0.0
8.7	  0.0
8.8	  0.0
8.9	  0.0
9.0	  0.0


