
X-Axis: Magnitude
Y-Axis: 1 Day Cumulative Number
Number of Data Sets: 9


DATASET #1

     Name: Mean
   Points: 66
     Info: 

Data[x,y]:
2.5	  1428.0132
2.6	  1134.275
2.7	  901.0224
2.8	  715.6841
2.9	  568.5229
3.0	  451.4904
3.1	  358.60385
3.2	  284.8212
3.3	  226.23187
3.4	  179.70735
3.5	  142.74272
3.6	  113.354576
3.7	  90.006805
3.8	  71.48709
3.9	  56.75063
4.0	  45.060944
4.1	  35.727646
4.2	  28.377054
4.3	  22.509296
4.4	  17.853945
4.5	  14.169985
4.6	  11.217589
4.7	  8.888562
4.8	  7.0445647
4.9	  5.5632334
5.0	  4.38798
5.1	  3.4638026
5.2	  2.723711
5.3	  2.1364305
5.4	  1.6718678
5.5	  1.2983096
5.6	  1.0036982
5.7	  0.7715352
5.8	  0.5845956
5.9	  0.4398399
6.0	  0.33149263
6.1	  0.24678724
6.2	  0.17376767
6.3	  0.122228414
6.4	  0.09363865
6.5	  0.06999679
6.6	  0.053633247
6.7	  0.041305706
6.8	  0.032068495
6.9	  0.022746846
7.0	  0.01621156
7.1	  0.012513299
7.2	  0.008848811
7.3	  0.006315754
7.4	  0.0052856444
7.5	  0.0038840198
7.6	  0.0022797508
7.7	  7.7680394E-4
7.8	  4.390631E-4
7.9	  2.5330562E-4
8.0	  1.182093E-4
8.1	  0.0
8.2	  0.0
8.3	  0.0
8.4	  0.0
8.5	  0.0
8.6	  0.0
8.7	  0.0
8.8	  0.0
8.9	  0.0
9.0	  0.0



DATASET #2

     Name: 2.5%,97.5%
   Points: 66
     Info: 

Data[x,y]:
2.5	  1204.0
2.6	  951.0
2.7	  750.0
2.8	  591.0
2.9	  466.0
3.0	  366.0
3.1	  287.0
3.2	  225.0
3.3	  176.0
3.4	  137.0
3.5	  106.0
3.6	  83.0
3.7	  64.0
3.8	  49.0
3.9	  37.0
4.0	  28.0
4.1	  21.0
4.2	  16.0
4.3	  12.0
4.4	  9.0
4.5	  6.0
4.6	  4.0
4.7	  3.0
4.8	  2.0
4.9	  1.0
5.0	  1.0
5.1	  0.0
5.2	  0.0
5.3	  0.0
5.4	  0.0
5.5	  0.0
5.6	  0.0
5.7	  0.0
5.8	  0.0
5.9	  0.0
6.0	  0.0
6.1	  0.0
6.2	  0.0
6.3	  0.0
6.4	  0.0
6.5	  0.0
6.6	  0.0
6.7	  0.0
6.8	  0.0
6.9	  0.0
7.0	  0.0
7.1	  0.0
7.2	  0.0
7.3	  0.0
7.4	  0.0
7.5	  0.0
7.6	  0.0
7.7	  0.0
7.8	  0.0
7.9	  0.0
8.0	  0.0
8.1	  0.0
8.2	  0.0
8.3	  0.0
8.4	  0.0
8.5	  0.0
8.6	  0.0
8.7	  0.0
8.8	  0.0
8.9	  0.0
9.0	  0.0



DATASET #3

     Name: null
   Points: 66
     Info: 

Data[x,y]:
2.5	  2136.0
2.6	  1698.0
2.7	  1351.0
2.8	  1073.0
2.9	  853.0
3.0	  679.0
3.1	  542.0
3.2	  431.0
3.3	  342.0
3.4	  273.0
3.5	  218.0
3.6	  174.0
3.7	  139.0
3.8	  111.0
3.9	  89.0
4.0	  72.0
4.1	  58.0
4.2	  47.0
4.3	  38.0
4.4	  31.0
4.5	  26.0
4.6	  21.0
4.7	  18.0
4.8	  15.0
4.9	  12.0
5.0	  10.0
5.1	  9.0
5.2	  7.0
5.3	  6.0
5.4	  5.0
5.5	  4.0
5.6	  4.0
5.7	  3.0
5.8	  3.0
5.9	  2.0
6.0	  2.0
6.1	  2.0
6.2	  1.0
6.3	  1.0
6.4	  1.0
6.5	  1.0
6.6	  1.0
6.7	  1.0
6.8	  1.0
6.9	  0.0
7.0	  0.0
7.1	  0.0
7.2	  0.0
7.3	  0.0
7.4	  0.0
7.5	  0.0
7.6	  0.0
7.7	  0.0
7.8	  0.0
7.9	  0.0
8.0	  0.0
8.1	  0.0
8.2	  0.0
8.3	  0.0
8.4	  0.0
8.5	  0.0
8.6	  0.0
8.7	  0.0
8.8	  0.0
8.9	  0.0
9.0	  0.0



DATASET #4

     Name: Median
   Points: 66
     Info: 

Data[x,y]:
2.5	  1350.0
2.6	  1073.0
2.7	  853.0
2.8	  678.0
2.9	  539.0
3.0	  429.0
3.1	  341.0
3.2	  271.0
3.3	  215.0
3.4	  171.0
3.5	  136.0
3.6	  108.0
3.7	  86.0
3.8	  68.0
3.9	  54.0
4.0	  43.0
4.1	  34.0
4.2	  27.0
4.3	  21.0
4.4	  17.0
4.5	  13.0
4.6	  11.0
4.7	  8.0
4.8	  7.0
4.9	  5.0
5.0	  4.0
5.1	  3.0
5.2	  2.0
5.3	  2.0
5.4	  1.0
5.5	  1.0
5.6	  1.0
5.7	  1.0
5.8	  0.0
5.9	  0.0
6.0	  0.0
6.1	  0.0
6.2	  0.0
6.3	  0.0
6.4	  0.0
6.5	  0.0
6.6	  0.0
6.7	  0.0
6.8	  0.0
6.9	  0.0
7.0	  0.0
7.1	  0.0
7.2	  0.0
7.3	  0.0
7.4	  0.0
7.5	  0.0
7.6	  0.0
7.7	  0.0
7.8	  0.0
7.9	  0.0
8.0	  0.0
8.1	  0.0
8.2	  0.0
8.3	  0.0
8.4	  0.0
8.5	  0.0
8.6	  0.0
8.7	  0.0
8.8	  0.0
8.9	  0.0
9.0	  0.0



DATASET #5

     Name: Mode
   Points: 66
     Info: 

Data[x,y]:
2.5	  1325.0
2.6	  1034.0
2.7	  833.0
2.8	  661.0
2.9	  522.0
3.0	  419.0
3.1	  329.0
3.2	  266.0
3.3	  210.0
3.4	  169.0
3.5	  134.0
3.6	  102.0
3.7	  87.0
3.8	  65.0
3.9	  53.0
4.0	  41.0
4.1	  33.0
4.2	  26.0
4.3	  20.0
4.4	  17.0
4.5	  13.0
4.6	  10.0
4.7	  8.0
4.8	  6.0
4.9	  5.0
5.0	  3.0
5.1	  3.0
5.2	  2.0
5.3	  1.0
5.4	  1.0
5.5	  1.0
5.6	  0.0
5.7	  0.0
5.8	  0.0
5.9	  0.0
6.0	  0.0
6.1	  0.0
6.2	  0.0
6.3	  0.0
6.4	  0.0
6.5	  0.0
6.6	  0.0
6.7	  0.0
6.8	  0.0
6.9	  0.0
7.0	  0.0
7.1	  0.0
7.2	  0.0
7.3	  0.0
7.4	  0.0
7.5	  0.0
7.6	  0.0
7.7	  0.0
7.8	  0.0
7.9	  0.0
8.0	  0.0
8.1	  0.0
8.2	  0.0
8.3	  0.0
8.4	  0.0
8.5	  0.0
8.6	  0.0
8.7	  0.0
8.8	  0.0
8.9	  0.0
9.0	  0.0



DATASET #6

     Name: 1 d Prob
   Points: 66
     Info: 

Data[x,y]:
2.5	  1.0
2.6	  1.0
2.7	  1.0
2.8	  1.0
2.9	  1.0
3.0	  1.0
3.1	  1.0
3.2	  1.0
3.3	  1.0
3.4	  1.0
3.5	  1.0
3.6	  1.0
3.7	  1.0
3.8	  1.0
3.9	  1.0
4.0	  1.0
4.1	  1.0
4.2	  1.0
4.3	  1.0
4.4	  1.0
4.5	  1.0
4.6	  0.99993247
4.7	  0.9993921
4.8	  0.9973487
4.9	  0.9915396
5.0	  0.9779793
5.1	  0.9518044
5.2	  0.9096881
5.3	  0.84940135
5.4	  0.77579075
5.5	  0.68961614
5.6	  0.5989496
5.7	  0.50705034
5.8	  0.41918707
5.9	  0.33787596
6.0	  0.2683182
6.1	  0.20879139
6.2	  0.15296283
6.3	  0.1114376
6.4	  0.08673185
6.5	  0.065538615
6.6	  0.051269062
6.7	  0.03990408
6.8	  0.03117348
6.9	  0.022240235
7.0	  0.015924482
7.1	  0.012293767
7.2	  0.008747488
7.3	  0.0062144315
7.4	  0.0052012093
7.5	  0.0038164717
7.6	  0.0022459766
7.7	  7.7680394E-4
7.8	  4.390631E-4
7.9	  2.5330562E-4
8.0	  1.182093E-4
8.1	  0.0
8.2	  0.0
8.3	  0.0
8.4	  0.0
8.5	  0.0
8.6	  0.0
8.7	  0.0
8.8	  0.0
8.9	  0.0
9.0	  0.0



DATASET #7

Name: 95% Conf
Num Points: 66
Info: 

X, Y Data:
2.5	1.0	[1.0	1.0]
2.6	1.0	[1.0	1.0]
2.7	1.0	[1.0	1.0]
2.8	1.0	[1.0	1.0]
2.9	1.0	[1.0	1.0]
3.0	1.0	[1.0	1.0]
3.1	1.0	[1.0	1.0]
3.2	1.0	[1.0	1.0]
3.3	1.0	[1.0	1.0]
3.4	1.0	[1.0	1.0]
3.5	1.0	[1.0	1.0]
3.6	1.0	[1.0	1.0]
3.7	1.0	[1.0	1.0]
3.8	1.0	[1.0	1.0]
3.9	1.0	[1.0	1.0]
4.0	1.0	[1.0	1.0]
4.1	1.0	[1.0	1.0]
4.2	1.0	[1.0	1.0]
4.3	1.0	[1.0	1.0]
4.4	1.0	[1.0	1.0]
4.5	1.0	[1.0	1.0]
4.6	0.99993247	[0.9998143	0.99997836]
4.7	0.9993921	[0.9991487	0.9995679]
4.8	0.9973487	[0.996892	0.9977397]
4.9	0.9915396	[0.9907605	0.99225414]
5.0	0.9779793	[0.9767573	0.97913885]
5.1	0.9518044	[0.95004123	0.9535087]
5.2	0.9096881	[0.9073443	0.91197854]
5.3	0.84940135	[0.8464895	0.8522678]
5.4	0.77579075	[0.77240527	0.77914035]
5.5	0.68961614	[0.6858691	0.6933386]
5.6	0.5989496	[0.59498733	0.6028991]
5.7	0.50705034	[0.50301474	0.511085]
5.8	0.41918707	[0.41520974	0.4231749]
5.9	0.33787596	[0.33406854	0.34170443]
6.0	0.2683182	[0.26475614	0.27191043]
6.1	0.20879139	[0.20552827	0.2120924]
6.2	0.15296283	[0.15007778	0.15589304]
6.3	0.1114376	[0.108919896	0.11400587]
6.4	0.08673185	[0.084483385	0.08903413]
6.5	0.065538615	[0.06356508	0.06756874]
6.6	0.051269062	[0.04951332	0.053083297]
6.7	0.03990408	[0.038348895	0.04151928]
6.8	0.03117348	[0.029795604	0.032612547]
6.9	0.022240235	[0.021074906	0.023467988]
7.0	0.015924482	[0.01493897	0.01697332]
7.1	0.012293767	[0.011429184	0.013222225]
7.2	0.008747488	[0.008020609	0.009538818]
7.3	0.0062144315	[0.0056046923	0.0068890876]
7.4	0.0052012093	[0.004645095	0.0058224513]
7.5	0.0038164717	[0.0033431053	0.004355304]
7.6	0.0022459766	[0.0018879004	0.0026700555]
7.7	7.7680394E-4	[5.752384E-4	0.0010455499]
7.8	4.390631E-4	[2.9281442E-4	6.5330893E-4]
7.9	2.5330562E-4	[1.4716138E-4	4.2842719E-4]
8.0	1.182093E-4	[5.179873E-5	2.5534062E-4]
8.1	0.0	[0.0	8.087352E-5]
8.2	0.0	[0.0	8.087352E-5]
8.3	0.0	[0.0	8.087352E-5]
8.4	0.0	[0.0	0.0]
8.5	0.0	[0.0	0.0]
8.6	0.0	[0.0	0.0]
8.7	0.0	[0.0	0.0]
8.8	0.0	[0.0	0.0]
8.9	0.0	[0.0	0.0]
9.0	0.0	[0.0	0.0]



DATASET #8

     Name: Supra
   Points: 66
     Info: 

Data[x,y]:
2.5	  0.083455764
2.6	  0.083455764
2.7	  0.083455764
2.8	  0.083455764
2.9	  0.083455764
3.0	  0.083455764
3.1	  0.083455764
3.2	  0.083455764
3.3	  0.083455764
3.4	  0.083455764
3.5	  0.083455764
3.6	  0.083455764
3.7	  0.083455764
3.8	  0.083455764
3.9	  0.083455764
4.0	  0.083455764
4.1	  0.083455764
4.2	  0.083455764
4.3	  0.083455764
4.4	  0.083455764
4.5	  0.083455764
4.6	  0.083455764
4.7	  0.083455764
4.8	  0.083455764
4.9	  0.083455764
5.0	  0.083455764
5.1	  0.083455764
5.2	  0.083455764
5.3	  0.083455764
5.4	  0.083455764
5.5	  0.083455764
5.6	  0.083455764
5.7	  0.083455764
5.8	  0.083455764
5.9	  0.08338822
6.0	  0.08337133
6.1	  0.07453941
6.2	  0.06390057
6.3	  0.047672123
6.4	  0.043230828
6.5	  0.036273368
6.6	  0.030362902
6.7	  0.02534745
6.8	  0.021395883
6.9	  0.015975142
7.0	  0.012057348
7.1	  0.009963355
7.2	  0.0074134115
7.3	  0.005589611
7.4	  0.0049310164
7.5	  0.0037826975
7.6	  0.0022122026
7.7	  7.599169E-4
7.8	  4.390631E-4
7.9	  2.5330562E-4
8.0	  1.182093E-4
8.1	  0.0
8.2	  0.0
8.3	  0.0
8.4	  0.0
8.5	  0.0
8.6	  0.0
8.7	  0.0
8.8	  0.0
8.9	  0.0
9.0	  0.0



DATASET #9

     Name: Primary
   Points: 66
     Info: 

Data[x,y]:
2.5	  1064.5878
2.6	  845.5884
2.7	  671.67926
2.8	  533.5129
2.9	  423.81332
3.0	  336.56265
3.1	  267.303
3.2	  212.30353
3.3	  168.63887
3.4	  133.9511
3.5	  106.41677
3.6	  84.5249
3.7	  67.12687
3.8	  53.312225
3.9	  42.320652
4.0	  33.604454
4.1	  26.64267
4.2	  21.162504
4.3	  16.793877
4.4	  13.315197
4.5	  10.565293
4.6	  8.36937
4.7	  6.6301737
4.8	  5.257899
4.9	  4.1549554
5.0	  3.276272
5.1	  2.5867572
5.2	  2.0352094
5.3	  1.5940186
5.4	  1.2485604
5.5	  0.9698566
5.6	  0.7510343
5.7	  0.57751995
5.8	  0.43848896
5.9	  0.33020923
6.0	  0.24837463
6.1	  0.18570681
6.2	  0.13100968
6.3	  0.09196683
6.4	  0.07070605
6.5	  0.053008426
6.6	  0.0410524
6.7	  0.03159566
6.8	  0.024553759
6.9	  0.017393654
7.0	  0.012479524
7.1	  0.00976071
7.2	  0.006754817
7.3	  0.004711485
7.4	  0.003934681
7.5	  0.0028370232
7.6	  0.0016887042
7.7	  5.403854E-4
7.8	  3.0396678E-4
7.9	  1.6887042E-4
8.0	  5.066113E-5
8.1	  0.0
8.2	  0.0
8.3	  0.0
8.4	  0.0
8.5	  0.0
8.6	  0.0
8.7	  0.0
8.8	  0.0
8.9	  0.0
9.0	  0.0


