
X-Axis: Magnitude
Y-Axis: 1 Week Cumulative Number
Number of Data Sets: 9


DATASET #1

     Name: Mean
   Points: 66
     Info: 

Data[x,y]:
2.5	  2167.6326
2.6	  1721.7664
2.7	  1367.6646
2.8	  1086.424
2.9	  863.049
3.0	  685.45526
3.1	  544.4503
3.2	  432.4095
3.3	  343.43698
3.4	  272.7883
3.5	  216.64633
3.6	  172.04039
3.7	  136.56651
3.8	  108.45181
3.9	  86.088
4.0	  68.34188
4.1	  54.21762
4.2	  43.05163
4.3	  34.14679
4.4	  27.08332
4.5	  21.48267
4.6	  17.02089
4.7	  13.47649
4.8	  10.67532
4.9	  8.43206
5.0	  6.65489
5.1	  5.24881
5.2	  4.13121
5.3	  3.23962
5.4	  2.53705
5.5	  1.9722
5.6	  1.52538
5.7	  1.17311
5.8	  0.8901
5.9	  0.6696
6.0	  0.50637
6.1	  0.37599
6.2	  0.26256
6.3	  0.18588
6.4	  0.14104
6.5	  0.10538
6.6	  0.08124
6.7	  0.06229
6.8	  0.04783
6.9	  0.03395
7.0	  0.02447
7.1	  0.01894
7.2	  0.01359
7.3	  0.00944
7.4	  0.00795
7.5	  0.00576
7.6	  0.00322
7.7	  0.001
7.8	  5.9E-4
7.9	  3.3E-4
8.0	  1.3E-4
8.1	  2.0E-5
8.2	  0.0
8.3	  0.0
8.4	  0.0
8.5	  0.0
8.6	  0.0
8.7	  0.0
8.8	  0.0
8.9	  0.0
9.0	  0.0



DATASET #2

     Name: 2.5%,97.5%
   Points: 66
     Info: 

Data[x,y]:
2.5	  1752.0
2.6	  1386.0
2.7	  1096.0
2.8	  866.0
2.9	  684.0
3.0	  539.0
3.1	  424.0
3.2	  333.0
3.3	  261.0
3.4	  205.0
3.5	  160.0
3.6	  125.0
3.7	  97.0
3.8	  75.0
3.9	  58.0
4.0	  44.0
4.1	  34.0
4.2	  26.0
4.3	  19.0
4.4	  14.0
4.5	  10.0
4.6	  8.0
4.7	  5.0
4.8	  4.0
4.9	  2.0
5.0	  1.0
5.1	  1.0
5.2	  0.0
5.3	  0.0
5.4	  0.0
5.5	  0.0
5.6	  0.0
5.7	  0.0
5.8	  0.0
5.9	  0.0
6.0	  0.0
6.1	  0.0
6.2	  0.0
6.3	  0.0
6.4	  0.0
6.5	  0.0
6.6	  0.0
6.7	  0.0
6.8	  0.0
6.9	  0.0
7.0	  0.0
7.1	  0.0
7.2	  0.0
7.3	  0.0
7.4	  0.0
7.5	  0.0
7.6	  0.0
7.7	  0.0
7.8	  0.0
7.9	  0.0
8.0	  0.0
8.1	  0.0
8.2	  0.0
8.3	  0.0
8.4	  0.0
8.5	  0.0
8.6	  0.0
8.7	  0.0
8.8	  0.0
8.9	  0.0
9.0	  0.0



DATASET #3

     Name: null
   Points: 66
     Info: 

Data[x,y]:
2.5	  3622.0
2.6	  2879.0
2.7	  2287.0
2.8	  1818.0
2.9	  1446.0
3.0	  1150.0
3.1	  914.0
3.2	  726.0
3.3	  577.0
3.4	  460.0
3.5	  366.0
3.6	  292.0
3.7	  232.0
3.8	  185.0
3.9	  148.0
4.0	  119.0
4.1	  95.0
4.2	  76.0
4.3	  61.0
4.4	  50.0
4.5	  40.0
4.6	  33.0
4.7	  27.0
4.8	  22.0
4.9	  18.0
5.0	  15.0
5.1	  12.0
5.2	  10.0
5.3	  9.0
5.4	  7.0
5.5	  6.0
5.6	  5.0
5.7	  4.0
5.8	  4.0
5.9	  3.0
6.0	  3.0
6.1	  2.0
6.2	  2.0
6.3	  1.0
6.4	  1.0
6.5	  1.0
6.6	  1.0
6.7	  1.0
6.8	  1.0
6.9	  1.0
7.0	  0.0
7.1	  0.0
7.2	  0.0
7.3	  0.0
7.4	  0.0
7.5	  0.0
7.6	  0.0
7.7	  0.0
7.8	  0.0
7.9	  0.0
8.0	  0.0
8.1	  0.0
8.2	  0.0
8.3	  0.0
8.4	  0.0
8.5	  0.0
8.6	  0.0
8.7	  0.0
8.8	  0.0
8.9	  0.0
9.0	  0.0



DATASET #4

     Name: Median
   Points: 66
     Info: 

Data[x,y]:
2.5	  2008.0
2.6	  1596.0
2.7	  1268.0
2.8	  1008.0
2.9	  802.0
3.0	  637.0
3.1	  506.0
3.2	  403.0
3.3	  320.0
3.4	  255.0
3.5	  202.0
3.6	  161.0
3.7	  128.0
3.8	  102.0
3.9	  81.0
4.0	  64.0
4.1	  51.0
4.2	  40.0
4.3	  32.0
4.4	  25.0
4.5	  20.0
4.6	  16.0
4.7	  13.0
4.8	  10.0
4.9	  8.0
5.0	  6.0
5.1	  5.0
5.2	  4.0
5.3	  3.0
5.4	  2.0
5.5	  2.0
5.6	  1.0
5.7	  1.0
5.8	  1.0
5.9	  0.0
6.0	  0.0
6.1	  0.0
6.2	  0.0
6.3	  0.0
6.4	  0.0
6.5	  0.0
6.6	  0.0
6.7	  0.0
6.8	  0.0
6.9	  0.0
7.0	  0.0
7.1	  0.0
7.2	  0.0
7.3	  0.0
7.4	  0.0
7.5	  0.0
7.6	  0.0
7.7	  0.0
7.8	  0.0
7.9	  0.0
8.0	  0.0
8.1	  0.0
8.2	  0.0
8.3	  0.0
8.4	  0.0
8.5	  0.0
8.6	  0.0
8.7	  0.0
8.8	  0.0
8.9	  0.0
9.0	  0.0



DATASET #5

     Name: Mode
   Points: 66
     Info: 

Data[x,y]:
2.5	  1947.0
2.6	  1535.0
2.7	  1210.0
2.8	  965.0
2.9	  768.0
3.0	  609.0
3.1	  489.0
3.2	  387.0
3.3	  314.0
3.4	  244.0
3.5	  194.0
3.6	  154.0
3.7	  125.0
3.8	  95.0
3.9	  79.0
4.0	  60.0
4.1	  48.0
4.2	  37.0
4.3	  30.0
4.4	  24.0
4.5	  20.0
4.6	  15.0
4.7	  11.0
4.8	  9.0
4.9	  7.0
5.0	  5.0
5.1	  4.0
5.2	  3.0
5.3	  2.0
5.4	  2.0
5.5	  1.0
5.6	  1.0
5.7	  0.0
5.8	  0.0
5.9	  0.0
6.0	  0.0
6.1	  0.0
6.2	  0.0
6.3	  0.0
6.4	  0.0
6.5	  0.0
6.6	  0.0
6.7	  0.0
6.8	  0.0
6.9	  0.0
7.0	  0.0
7.1	  0.0
7.2	  0.0
7.3	  0.0
7.4	  0.0
7.5	  0.0
7.6	  0.0
7.7	  0.0
7.8	  0.0
7.9	  0.0
8.0	  0.0
8.1	  0.0
8.2	  0.0
8.3	  0.0
8.4	  0.0
8.5	  0.0
8.6	  0.0
8.7	  0.0
8.8	  0.0
8.9	  0.0
9.0	  0.0



DATASET #6

     Name: 1 wk Prob
   Points: 66
     Info: 

Data[x,y]:
2.5	  1.0
2.6	  1.0
2.7	  1.0
2.8	  1.0
2.9	  1.0
3.0	  1.0
3.1	  1.0
3.2	  1.0
3.3	  1.0
3.4	  1.0
3.5	  1.0
3.6	  1.0
3.7	  1.0
3.8	  1.0
3.9	  1.0
4.0	  1.0
4.1	  1.0
4.2	  1.0
4.3	  1.0
4.4	  1.0
4.5	  1.0
4.6	  1.0
4.7	  0.99999
4.8	  0.99975
4.9	  0.99882
5.0	  0.99548
5.1	  0.98658
5.2	  0.96757
5.3	  0.93387
5.4	  0.88385
5.5	  0.8162
5.6	  0.73419
5.7	  0.64289
5.8	  0.54773
5.9	  0.45382
6.0	  0.36963
6.1	  0.29277
6.2	  0.2179
6.3	  0.1607
6.4	  0.125
6.5	  0.09515
6.6	  0.07522
6.7	  0.05851
6.8	  0.04567
6.9	  0.03271
7.0	  0.0238
7.1	  0.01849
7.2	  0.01334
7.3	  0.00923
7.4	  0.00778
7.5	  0.00567
7.6	  0.00317
7.7	  0.001
7.8	  5.9E-4
7.9	  3.3E-4
8.0	  1.3E-4
8.1	  2.0E-5
8.2	  0.0
8.3	  0.0
8.4	  0.0
8.5	  0.0
8.6	  0.0
8.7	  0.0
8.8	  0.0
8.9	  0.0
9.0	  0.0



DATASET #7

Name: 95% Conf
Num Points: 66
Info: 

X, Y Data:
2.5	1.0	[1.0	1.0]
2.6	1.0	[1.0	1.0]
2.7	1.0	[1.0	1.0]
2.8	1.0	[1.0	1.0]
2.9	1.0	[1.0	1.0]
3.0	1.0	[1.0	1.0]
3.1	1.0	[1.0	1.0]
3.2	1.0	[1.0	1.0]
3.3	1.0	[1.0	1.0]
3.4	1.0	[1.0	1.0]
3.5	1.0	[1.0	1.0]
3.6	1.0	[1.0	1.0]
3.7	1.0	[1.0	1.0]
3.8	1.0	[1.0	1.0]
3.9	1.0	[1.0	1.0]
4.0	1.0	[1.0	1.0]
4.1	1.0	[1.0	1.0]
4.2	1.0	[1.0	1.0]
4.3	1.0	[1.0	1.0]
4.4	1.0	[1.0	1.0]
4.5	1.0	[1.0	1.0]
4.6	1.0	[1.0	1.0]
4.7	0.99999	[0.99993503	0.99999946]
4.8	0.99975	[0.99962497	0.99983466]
4.9	0.99882	[0.99858177	0.999019]
5.0	0.99548	[0.9950395	0.9958819]
5.1	0.98658	[0.98584276	0.9872796]
5.2	0.96757	[0.9664489	0.968655]
5.3	0.93387	[0.93230796	0.93539864]
5.4	0.88385	[0.88184434	0.8858261]
5.5	0.8162	[0.8137822	0.81859344]
5.6	0.73419	[0.7314379	0.73692405]
5.7	0.64289	[0.63990974	0.64585924]
5.8	0.54773	[0.54463834	0.55081797]
5.9	0.45382	[0.45073104	0.45691252]
6.0	0.36963	[0.36663824	0.3726318]
6.1	0.29277	[0.2899527	0.29560325]
6.2	0.2179	[0.2153472	0.22047451]
6.3	0.1607	[0.1584318	0.16299433]
6.4	0.125	[0.122959614	0.12706926]
6.5	0.09515	[0.09334192	0.096989274]
6.6	0.07522	[0.073596604	0.07687613]
6.7	0.05851	[0.05706723	0.059986807]
6.8	0.04567	[0.04438847	0.046986572]
6.9	0.03271	[0.031620417	0.033835646]
7.0	0.0238	[0.022868488	0.024768293]
7.1	0.01849	[0.017668447	0.019348769]
7.2	0.01334	[0.012642516	0.014075137]
7.3	0.00923	[0.008651012	0.009847011]
7.4	0.00778	[0.0072491993	0.008348964]
7.5	0.00567	[0.0052184295	0.006159957]
7.6	0.00317	[0.002835429	0.003543289]
7.7	0.001	[8.1782276E-4	0.0012214888]
7.8	5.9E-4	[4.5309737E-4	7.665362E-4]
7.9	3.3E-4	[2.308409E-4	4.6922907E-4]
8.0	1.3E-4	[7.23001E-5	2.287271E-4]
8.1	2.0E-5	[3.4641096E-6	8.066479E-5]
8.2	0.0	[0.0	4.7892154E-5]
8.3	0.0	[0.0	4.7892154E-5]
8.4	0.0	[0.0	0.0]
8.5	0.0	[0.0	0.0]
8.6	0.0	[0.0	0.0]
8.7	0.0	[0.0	0.0]
8.8	0.0	[0.0	0.0]
8.9	0.0	[0.0	0.0]
9.0	0.0	[0.0	0.0]



DATASET #8

     Name: Supra
   Points: 66
     Info: 

Data[x,y]:
2.5	  0.1198
2.6	  0.1198
2.7	  0.1198
2.8	  0.1198
2.9	  0.1198
3.0	  0.1198
3.1	  0.1198
3.2	  0.1198
3.3	  0.1198
3.4	  0.1198
3.5	  0.1198
3.6	  0.1198
3.7	  0.1198
3.8	  0.1198
3.9	  0.1198
4.0	  0.1198
4.1	  0.1198
4.2	  0.1198
4.3	  0.1198
4.4	  0.1198
4.5	  0.1198
4.6	  0.1198
4.7	  0.1198
4.8	  0.1198
4.9	  0.1198
5.0	  0.1198
5.1	  0.1198
5.2	  0.1198
5.3	  0.1198
5.4	  0.1198
5.5	  0.1198
5.6	  0.1198
5.7	  0.1198
5.8	  0.11979
5.9	  0.1197
6.0	  0.11967
6.1	  0.10586
6.2	  0.09033
6.3	  0.06795
6.4	  0.0617
6.5	  0.05195
6.6	  0.04381
6.7	  0.03654
6.8	  0.03067
6.9	  0.02282
7.0	  0.01754
7.1	  0.01482
7.2	  0.01125
7.3	  0.00825
7.4	  0.00733
7.5	  0.00554
7.6	  0.0031
7.7	  9.7E-4
7.8	  5.8E-4
7.9	  3.3E-4
8.0	  1.3E-4
8.1	  2.0E-5
8.2	  0.0
8.3	  0.0
8.4	  0.0
8.5	  0.0
8.6	  0.0
8.7	  0.0
8.8	  0.0
8.9	  0.0
9.0	  0.0



DATASET #9

     Name: Primary
   Points: 66
     Info: 

Data[x,y]:
2.5	  1430.7285
2.6	  1136.404
2.7	  902.68274
2.8	  717.0619
2.9	  569.64734
3.0	  452.4215
3.1	  359.3419
3.2	  285.3989
3.3	  226.66452
3.4	  180.04079
3.5	  142.99818
3.6	  113.56072
3.7	  90.15877
3.8	  71.59129
3.9	  56.83352
4.0	  45.12033
4.1	  35.79188
4.2	  28.42612
4.3	  22.54958
4.4	  17.88504
4.5	  14.1915
4.6	  11.24553
4.7	  8.90291
4.8	  7.05538
4.9	  5.57564
5.0	  4.39946
5.1	  3.47116
5.2	  2.73451
5.3	  2.14176
5.4	  1.67792
5.5	  1.30574
5.6	  1.01128
5.7	  0.77833
5.8	  0.59126
5.9	  0.44478
6.0	  0.33521
6.1	  0.25203
6.2	  0.17763
6.3	  0.12548
6.4	  0.09587
6.5	  0.07152
6.6	  0.05538
6.7	  0.04249
6.8	  0.03291
6.9	  0.02351
7.0	  0.01678
7.1	  0.01297
7.2	  0.00921
7.3	  0.00626
7.4	  0.00523
7.5	  0.00374
7.6	  0.00221
7.7	  7.2E-4
7.8	  4.0E-4
7.9	  2.3E-4
8.0	  8.0E-5
8.1	  2.0E-5
8.2	  0.0
8.3	  0.0
8.4	  0.0
8.5	  0.0
8.6	  0.0
8.7	  0.0
8.8	  0.0
8.9	  0.0
9.0	  0.0


