
X-Axis: Magnitude
Y-Axis: 1 Year Cumulative Number
Number of Data Sets: 9


DATASET #1

     Name: Mean
   Points: 66
     Info: 

Data[x,y]:
2.5	  4015.0007
2.6	  3189.1062
2.7	  2533.2441
2.8	  2012.2996
2.9	  1598.4553
3.0	  1269.5829
3.1	  1008.4034
3.2	  800.8981
3.3	  636.07574
3.4	  505.18372
3.5	  401.20187
3.6	  318.61328
3.7	  252.9201
3.8	  200.84366
3.9	  159.44409
4.0	  126.5713
4.1	  100.4384
4.2	  79.71606
4.3	  63.22307
4.4	  50.15402
4.5	  39.76936
4.6	  31.50158
4.7	  24.94793
4.8	  19.75379
4.9	  15.60834
5.0	  12.32124
5.1	  9.71202
5.2	  7.64508
5.3	  5.99565
5.4	  4.68933
5.5	  3.65057
5.6	  2.82519
5.7	  2.17058
5.8	  1.64984
5.9	  1.24126
6.0	  0.94193
6.1	  0.69585
6.2	  0.48547
6.3	  0.34527
6.4	  0.26209
6.5	  0.19593
6.6	  0.15015
6.7	  0.11518
6.8	  0.08765
6.9	  0.06226
7.0	  0.04527
7.1	  0.03506
7.2	  0.02529
7.3	  0.01751
7.4	  0.0148
7.5	  0.01091
7.6	  0.00593
7.7	  0.00203
7.8	  0.00127
7.9	  7.3E-4
8.0	  3.2E-4
8.1	  4.0E-5
8.2	  0.0
8.3	  0.0
8.4	  0.0
8.5	  0.0
8.6	  0.0
8.7	  0.0
8.8	  0.0
8.9	  0.0
9.0	  0.0



DATASET #2

     Name: 2.5%,97.5%
   Points: 66
     Info: 

Data[x,y]:
2.5	  2951.0
2.6	  2339.0
2.7	  1854.0
2.8	  1467.0
2.9	  1162.0
3.0	  919.0
3.1	  725.0
3.2	  572.0
3.3	  451.0
3.4	  355.0
3.5	  279.0
3.6	  218.0
3.7	  171.0
3.8	  133.0
3.9	  104.0
4.0	  80.0
4.1	  62.0
4.2	  48.0
4.3	  36.0
4.4	  28.0
4.5	  21.0
4.6	  15.0
4.7	  11.0
4.8	  8.0
4.9	  6.0
5.0	  4.0
5.1	  3.0
5.2	  2.0
5.3	  1.0
5.4	  0.0
5.5	  0.0
5.6	  0.0
5.7	  0.0
5.8	  0.0
5.9	  0.0
6.0	  0.0
6.1	  0.0
6.2	  0.0
6.3	  0.0
6.4	  0.0
6.5	  0.0
6.6	  0.0
6.7	  0.0
6.8	  0.0
6.9	  0.0
7.0	  0.0
7.1	  0.0
7.2	  0.0
7.3	  0.0
7.4	  0.0
7.5	  0.0
7.6	  0.0
7.7	  0.0
7.8	  0.0
7.9	  0.0
8.0	  0.0
8.1	  0.0
8.2	  0.0
8.3	  0.0
8.4	  0.0
8.5	  0.0
8.6	  0.0
8.7	  0.0
8.8	  0.0
8.9	  0.0
9.0	  0.0



DATASET #3

     Name: null
   Points: 66
     Info: 

Data[x,y]:
2.5	  8032.0
2.6	  6386.0
2.7	  5072.0
2.8	  4033.0
2.9	  3201.0
3.0	  2544.0
3.1	  2020.0
3.2	  1604.0
3.3	  1276.0
3.4	  1015.0
3.5	  808.0
3.6	  642.0
3.7	  511.0
3.8	  406.0
3.9	  325.0
4.0	  259.0
4.1	  207.0
4.2	  165.0
4.3	  132.0
4.4	  106.0
4.5	  84.0
4.6	  68.0
4.7	  54.0
4.8	  44.0
4.9	  35.0
5.0	  29.0
5.1	  23.0
5.2	  19.0
5.3	  16.0
5.4	  13.0
5.5	  10.0
5.6	  9.0
5.7	  7.0
5.8	  6.0
5.9	  5.0
6.0	  4.0
6.1	  3.0
6.2	  3.0
6.3	  2.0
6.4	  2.0
6.5	  2.0
6.6	  1.0
6.7	  1.0
6.8	  1.0
6.9	  1.0
7.0	  1.0
7.1	  1.0
7.2	  0.0
7.3	  0.0
7.4	  0.0
7.5	  0.0
7.6	  0.0
7.7	  0.0
7.8	  0.0
7.9	  0.0
8.0	  0.0
8.1	  0.0
8.2	  0.0
8.3	  0.0
8.4	  0.0
8.5	  0.0
8.6	  0.0
8.7	  0.0
8.8	  0.0
8.9	  0.0
9.0	  0.0



DATASET #4

     Name: Median
   Points: 66
     Info: 

Data[x,y]:
2.5	  3579.0
2.6	  2843.0
2.7	  2260.0
2.8	  1795.0
2.9	  1426.0
3.0	  1133.0
3.1	  901.0
3.2	  716.0
3.3	  569.0
3.4	  453.0
3.5	  360.0
3.6	  286.0
3.7	  227.0
3.8	  181.0
3.9	  144.0
4.0	  114.0
4.1	  91.0
4.2	  72.0
4.3	  57.0
4.4	  45.0
4.5	  36.0
4.6	  29.0
4.7	  23.0
4.8	  18.0
4.9	  14.0
5.0	  11.0
5.1	  9.0
5.2	  7.0
5.3	  5.0
5.4	  4.0
5.5	  3.0
5.6	  2.0
5.7	  2.0
5.8	  1.0
5.9	  1.0
6.0	  1.0
6.1	  0.0
6.2	  0.0
6.3	  0.0
6.4	  0.0
6.5	  0.0
6.6	  0.0
6.7	  0.0
6.8	  0.0
6.9	  0.0
7.0	  0.0
7.1	  0.0
7.2	  0.0
7.3	  0.0
7.4	  0.0
7.5	  0.0
7.6	  0.0
7.7	  0.0
7.8	  0.0
7.9	  0.0
8.0	  0.0
8.1	  0.0
8.2	  0.0
8.3	  0.0
8.4	  0.0
8.5	  0.0
8.6	  0.0
8.7	  0.0
8.8	  0.0
8.9	  0.0
9.0	  0.0



DATASET #5

     Name: Mode
   Points: 66
     Info: 

Data[x,y]:
2.5	  3261.0
2.6	  2585.0
2.7	  2140.0
2.8	  1672.0
2.9	  1323.0
3.0	  1037.0
3.1	  838.0
3.2	  670.0
3.3	  540.0
3.4	  424.0
3.5	  339.0
3.6	  263.0
3.7	  208.0
3.8	  167.0
3.9	  134.0
4.0	  105.0
4.1	  84.0
4.2	  69.0
4.3	  51.0
4.4	  41.0
4.5	  33.0
4.6	  25.0
4.7	  19.0
4.8	  16.0
4.9	  13.0
5.0	  10.0
5.1	  7.0
5.2	  6.0
5.3	  4.0
5.4	  3.0
5.5	  2.0
5.6	  2.0
5.7	  1.0
5.8	  1.0
5.9	  0.0
6.0	  0.0
6.1	  0.0
6.2	  0.0
6.3	  0.0
6.4	  0.0
6.5	  0.0
6.6	  0.0
6.7	  0.0
6.8	  0.0
6.9	  0.0
7.0	  0.0
7.1	  0.0
7.2	  0.0
7.3	  0.0
7.4	  0.0
7.5	  0.0
7.6	  0.0
7.7	  0.0
7.8	  0.0
7.9	  0.0
8.0	  0.0
8.1	  0.0
8.2	  0.0
8.3	  0.0
8.4	  0.0
8.5	  0.0
8.6	  0.0
8.7	  0.0
8.8	  0.0
8.9	  0.0
9.0	  0.0



DATASET #6

     Name: 1 yr Prob
   Points: 66
     Info: 

Data[x,y]:
2.5	  1.0
2.6	  1.0
2.7	  1.0
2.8	  1.0
2.9	  1.0
3.0	  1.0
3.1	  1.0
3.2	  1.0
3.3	  1.0
3.4	  1.0
3.5	  1.0
3.6	  1.0
3.7	  1.0
3.8	  1.0
3.9	  1.0
4.0	  1.0
4.1	  1.0
4.2	  1.0
4.3	  1.0
4.4	  1.0
4.5	  1.0
4.6	  1.0
4.7	  1.0
4.8	  1.0
4.9	  0.99999
5.0	  0.99989
5.1	  0.99919
5.2	  0.99623
5.3	  0.98792
5.4	  0.97028
5.5	  0.93817
5.6	  0.88917
5.7	  0.82135
5.8	  0.73833
5.9	  0.64304
6.0	  0.54806
6.1	  0.44943
6.2	  0.3475
6.3	  0.26416
6.4	  0.2089
6.5	  0.1617
6.6	  0.12909
6.7	  0.10126
6.8	  0.07943
6.9	  0.05798
7.0	  0.04301
7.1	  0.03362
7.2	  0.02444
7.3	  0.01697
7.4	  0.01439
7.5	  0.01069
7.6	  0.00585
7.7	  0.00203
7.8	  0.00127
7.9	  7.3E-4
8.0	  3.2E-4
8.1	  4.0E-5
8.2	  0.0
8.3	  0.0
8.4	  0.0
8.5	  0.0
8.6	  0.0
8.7	  0.0
8.8	  0.0
8.9	  0.0
9.0	  0.0



DATASET #7

Name: 95% Conf
Num Points: 66
Info: 

X, Y Data:
2.5	1.0	[1.0	1.0]
2.6	1.0	[1.0	1.0]
2.7	1.0	[1.0	1.0]
2.8	1.0	[1.0	1.0]
2.9	1.0	[1.0	1.0]
3.0	1.0	[1.0	1.0]
3.1	1.0	[1.0	1.0]
3.2	1.0	[1.0	1.0]
3.3	1.0	[1.0	1.0]
3.4	1.0	[1.0	1.0]
3.5	1.0	[1.0	1.0]
3.6	1.0	[1.0	1.0]
3.7	1.0	[1.0	1.0]
3.8	1.0	[1.0	1.0]
3.9	1.0	[1.0	1.0]
4.0	1.0	[1.0	1.0]
4.1	1.0	[1.0	1.0]
4.2	1.0	[1.0	1.0]
4.3	1.0	[1.0	1.0]
4.4	1.0	[1.0	1.0]
4.5	1.0	[1.0	1.0]
4.6	1.0	[1.0	1.0]
4.7	1.0	[1.0	1.0]
4.8	1.0	[1.0	1.0]
4.9	0.99999	[0.99993503	0.99999946]
5.0	0.99989	[0.9997966	0.9999421]
5.1	0.99919	[0.9989879	0.99935263]
5.2	0.99623	[0.99582535	0.996596]
5.3	0.98792	[0.9872188	0.98858345]
5.4	0.97028	[0.9692042	0.9713195]
5.5	0.93817	[0.9366553	0.93965095]
5.6	0.88917	[0.8872043	0.8911057]
5.7	0.82135	[0.8189584	0.8237168]
5.8	0.73833	[0.73559153	0.7410501]
5.9	0.64304	[0.64006007	0.64600897]
6.0	0.54806	[0.54496855	0.55114776]
6.1	0.44943	[0.44634387	0.45252004]
6.2	0.3475	[0.34454954	0.3504622]
6.3	0.26416	[0.2614315	0.26690668]
6.4	0.2089	[0.20638658	0.21143584]
6.5	0.1617	[0.15942606	0.16399999]
6.6	0.12909	[0.12702106	0.1311875]
6.7	0.10126	[0.09940054	0.103150174]
6.8	0.07943	[0.077765144	0.08112726]
6.9	0.05798	[0.056543443	0.059450634]
7.0	0.04301	[0.041765064	0.044290185]
7.1	0.03362	[0.03251568	0.03476031]
7.2	0.02444	[0.02349616	0.025420567]
7.3	0.01697	[0.016182937	0.017794406]
7.4	0.01439	[0.013665419	0.015152142]
7.5	0.01069	[0.010066281	0.011351607]
7.6	0.00585	[0.0053911395	0.006347227]
7.7	0.00203	[0.0017648486	0.0023340941]
7.8	0.00127	[0.0010630253	0.0015161562]
7.9	7.3E-4	[5.7625625E-4	9.2324044E-4]
8.0	3.2E-4	[2.2254742E-4	4.5754865E-4]
8.1	4.0E-5	[1.2813544E-5	1.10003224E-4]
8.2	0.0	[0.0	4.7892154E-5]
8.3	0.0	[0.0	4.7892154E-5]
8.4	0.0	[0.0	0.0]
8.5	0.0	[0.0	0.0]
8.6	0.0	[0.0	0.0]
8.7	0.0	[0.0	0.0]
8.8	0.0	[0.0	0.0]
8.9	0.0	[0.0	0.0]
9.0	0.0	[0.0	0.0]



DATASET #8

     Name: Supra
   Points: 66
     Info: 

Data[x,y]:
2.5	  0.20147
2.6	  0.20147
2.7	  0.20147
2.8	  0.20147
2.9	  0.20147
3.0	  0.20147
3.1	  0.20147
3.2	  0.20147
3.3	  0.20147
3.4	  0.20147
3.5	  0.20147
3.6	  0.20147
3.7	  0.20147
3.8	  0.20147
3.9	  0.20147
4.0	  0.20147
4.1	  0.20147
4.2	  0.20147
4.3	  0.20147
4.4	  0.20147
4.5	  0.20147
4.6	  0.20147
4.7	  0.20147
4.8	  0.20147
4.9	  0.20147
5.0	  0.20147
5.1	  0.20147
5.2	  0.20147
5.3	  0.20147
5.4	  0.20147
5.5	  0.20147
5.6	  0.20147
5.7	  0.20147
5.8	  0.20146
5.9	  0.20133
6.0	  0.20124
6.1	  0.17618
6.2	  0.15129
6.3	  0.11589
6.4	  0.10465
6.5	  0.0887
6.6	  0.0758
6.7	  0.06358
6.8	  0.05346
6.9	  0.04032
7.0	  0.03171
7.1	  0.02699
7.2	  0.02072
7.3	  0.01524
7.4	  0.01362
7.5	  0.01048
7.6	  0.00573
7.7	  0.00196
7.8	  0.00123
7.9	  7.3E-4
8.0	  3.2E-4
8.1	  4.0E-5
8.2	  0.0
8.3	  0.0
8.4	  0.0
8.5	  0.0
8.6	  0.0
8.7	  0.0
8.8	  0.0
8.9	  0.0
9.0	  0.0



DATASET #9

     Name: Primary
   Points: 66
     Info: 

Data[x,y]:
2.5	  2083.7288
2.6	  1655.105
2.7	  1314.7037
2.8	  1044.3628
2.9	  829.59644
3.0	  658.91254
3.1	  523.3651
3.2	  415.6837
3.3	  330.1427
3.4	  262.22842
3.5	  208.2707
3.6	  165.39856
3.7	  131.31087
3.8	  104.26704
3.9	  82.78233
4.0	  65.71805
4.1	  52.14271
4.2	  41.39864
4.3	  32.8337
4.4	  26.04286
4.5	  20.662
4.6	  16.36861
4.7	  12.96202
4.8	  10.27105
4.9	  8.11891
5.0	  6.41012
5.1	  5.05337
5.2	  3.98096
5.3	  3.11874
5.4	  2.44131
5.5	  1.90266
5.6	  1.47417
5.7	  1.13455
5.8	  0.86271
5.9	  0.64949
6.0	  0.4901
6.1	  0.36843
6.2	  0.26043
6.3	  0.18438
6.4	  0.1404
6.5	  0.10481
6.6	  0.08116
6.7	  0.06193
6.8	  0.04745
6.9	  0.03382
7.0	  0.02415
7.1	  0.01843
7.2	  0.013
7.3	  0.00885
7.4	  0.00741
7.5	  0.00532
7.6	  0.0031
7.7	  0.00105
7.8	  6.5E-4
7.9	  3.7E-4
8.0	  1.6E-4
8.1	  3.0E-5
8.2	  0.0
8.3	  0.0
8.4	  0.0
8.5	  0.0
8.6	  0.0
8.7	  0.0
8.8	  0.0
8.9	  0.0
9.0	  0.0


