
X-Axis: Magnitude
Y-Axis: 10 Year Cumulative Number
Number of Data Sets: 9


DATASET #1

     Name: Mean
   Points: 66
     Info: 

Data[x,y]:
2.5	  2483.3105
2.6	  1972.6345
2.7	  1566.8516
2.8	  1244.5869
2.9	  988.4829
3.0	  785.2001
3.1	  623.62695
3.2	  495.33307
3.3	  393.39145
3.4	  312.46048
3.5	  248.17726
3.6	  197.06306
3.7	  156.45073
3.8	  124.16815
3.9	  98.579956
4.0	  78.26543
4.1	  62.111618
4.2	  49.305088
4.3	  39.13081
4.4	  31.041197
4.5	  24.596806
4.6	  19.498486
4.7	  15.452603
4.8	  12.2337675
4.9	  9.669498
5.0	  7.6369143
5.1	  6.024846
5.2	  4.747421
5.3	  3.7196403
5.4	  2.919096
5.5	  2.2695694
5.6	  1.7564837
5.7	  1.3455276
5.8	  1.0254141
5.9	  0.77347374
6.0	  0.59536207
6.1	  0.43575487
6.2	  0.2850923
6.3	  0.2106957
6.4	  0.16050638
6.5	  0.12184098
6.6	  0.099100806
6.7	  0.07953147
6.8	  0.063819215
6.9	  0.048651207
7.0	  0.038405113
7.1	  0.031661145
7.2	  0.023994321
7.3	  0.016564127
7.4	  0.014529105
7.5	  0.010884997
7.6	  0.0059394226
7.7	  0.0019167061
7.8	  0.0011121628
7.9	  8.045433E-4
8.0	  2.6029343E-4
8.1	  9.4652154E-5
8.2	  0.0
8.3	  0.0
8.4	  0.0
8.5	  0.0
8.6	  0.0
8.7	  0.0
8.8	  0.0
8.9	  0.0
9.0	  0.0



DATASET #2

     Name: 2.5%,97.5%
   Points: 66
     Info: 

Data[x,y]:
2.5	  1556.0
2.6	  1232.0
2.7	  975.0
2.8	  770.0
2.9	  608.0
3.0	  479.0
3.1	  377.0
3.2	  296.0
3.3	  232.0
3.4	  182.0
3.5	  142.0
3.6	  111.0
3.7	  86.0
3.8	  66.0
3.9	  51.0
4.0	  39.0
4.1	  30.0
4.2	  22.0
4.3	  17.0
4.4	  12.0
4.5	  9.0
4.6	  6.0
4.7	  4.0
4.8	  3.0
4.9	  2.0
5.0	  1.0
5.1	  1.0
5.2	  0.0
5.3	  0.0
5.4	  0.0
5.5	  0.0
5.6	  0.0
5.7	  0.0
5.8	  0.0
5.9	  0.0
6.0	  0.0
6.1	  0.0
6.2	  0.0
6.3	  0.0
6.4	  0.0
6.5	  0.0
6.6	  0.0
6.7	  0.0
6.8	  0.0
6.9	  0.0
7.0	  0.0
7.1	  0.0
7.2	  0.0
7.3	  0.0
7.4	  0.0
7.5	  0.0
7.6	  0.0
7.7	  0.0
7.8	  0.0
7.9	  0.0
8.0	  0.0
8.1	  0.0
8.2	  0.0
8.3	  0.0
8.4	  0.0
8.5	  0.0
8.6	  0.0
8.7	  0.0
8.8	  0.0
8.9	  0.0
9.0	  0.0



DATASET #3

     Name: null
   Points: 66
     Info: 

Data[x,y]:
2.5	  7151.0
2.6	  5687.0
2.7	  4520.0
2.8	  3588.0
2.9	  2844.0
3.0	  2261.0
3.1	  1799.0
3.2	  1427.0
3.3	  1133.0
3.4	  902.0
3.5	  717.0
3.6	  569.0
3.7	  454.0
3.8	  361.0
3.9	  288.0
4.0	  228.0
4.1	  182.0
4.2	  145.0
4.3	  115.0
4.4	  92.0
4.5	  74.0
4.6	  59.0
4.7	  48.0
4.8	  38.0
4.9	  31.0
5.0	  25.0
5.1	  20.0
5.2	  16.0
5.3	  13.0
5.4	  11.0
5.5	  9.0
5.6	  7.0
5.7	  6.0
5.8	  5.0
5.9	  4.0
6.0	  3.0
6.1	  3.0
6.2	  2.0
6.3	  2.0
6.4	  2.0
6.5	  1.0
6.6	  1.0
6.7	  1.0
6.8	  1.0
6.9	  1.0
7.0	  1.0
7.1	  1.0
7.2	  0.0
7.3	  0.0
7.4	  0.0
7.5	  0.0
7.6	  0.0
7.7	  0.0
7.8	  0.0
7.9	  0.0
8.0	  0.0
8.1	  0.0
8.2	  0.0
8.3	  0.0
8.4	  0.0
8.5	  0.0
8.6	  0.0
8.7	  0.0
8.8	  0.0
8.9	  0.0
9.0	  0.0



DATASET #4

     Name: Median
   Points: 66
     Info: 

Data[x,y]:
2.5	  1995.0
2.6	  1586.0
2.7	  1260.0
2.8	  1001.0
2.9	  795.0
3.0	  633.0
3.1	  503.0
3.2	  400.0
3.3	  318.0
3.4	  253.0
3.5	  201.0
3.6	  160.0
3.7	  127.0
3.8	  101.0
3.9	  80.0
4.0	  64.0
4.1	  51.0
4.2	  40.0
4.3	  32.0
4.4	  25.0
4.5	  20.0
4.6	  16.0
4.7	  13.0
4.8	  10.0
4.9	  8.0
5.0	  6.0
5.1	  5.0
5.2	  4.0
5.3	  3.0
5.4	  2.0
5.5	  2.0
5.6	  1.0
5.7	  1.0
5.8	  1.0
5.9	  0.0
6.0	  0.0
6.1	  0.0
6.2	  0.0
6.3	  0.0
6.4	  0.0
6.5	  0.0
6.6	  0.0
6.7	  0.0
6.8	  0.0
6.9	  0.0
7.0	  0.0
7.1	  0.0
7.2	  0.0
7.3	  0.0
7.4	  0.0
7.5	  0.0
7.6	  0.0
7.7	  0.0
7.8	  0.0
7.9	  0.0
8.0	  0.0
8.1	  0.0
8.2	  0.0
8.3	  0.0
8.4	  0.0
8.5	  0.0
8.6	  0.0
8.7	  0.0
8.8	  0.0
8.9	  0.0
9.0	  0.0



DATASET #5

     Name: Mode
   Points: 66
     Info: 

Data[x,y]:
2.5	  1838.0
2.6	  1516.0
2.7	  1138.0
2.8	  905.0
2.9	  704.0
3.0	  550.0
3.1	  460.0
3.2	  355.0
3.3	  283.0
3.4	  224.0
3.5	  179.0
3.6	  148.0
3.7	  123.0
3.8	  89.0
3.9	  71.0
4.0	  58.0
4.1	  45.0
4.2	  37.0
4.3	  29.0
4.4	  23.0
4.5	  17.0
4.6	  13.0
4.7	  10.0
4.8	  8.0
4.9	  6.0
5.0	  5.0
5.1	  3.0
5.2	  3.0
5.3	  2.0
5.4	  1.0
5.5	  1.0
5.6	  1.0
5.7	  0.0
5.8	  0.0
5.9	  0.0
6.0	  0.0
6.1	  0.0
6.2	  0.0
6.3	  0.0
6.4	  0.0
6.5	  0.0
6.6	  0.0
6.7	  0.0
6.8	  0.0
6.9	  0.0
7.0	  0.0
7.1	  0.0
7.2	  0.0
7.3	  0.0
7.4	  0.0
7.5	  0.0
7.6	  0.0
7.7	  0.0
7.8	  0.0
7.9	  0.0
8.0	  0.0
8.1	  0.0
8.2	  0.0
8.3	  0.0
8.4	  0.0
8.5	  0.0
8.6	  0.0
8.7	  0.0
8.8	  0.0
8.9	  0.0
9.0	  0.0



DATASET #6

     Name: 10 yr Prob
   Points: 66
     Info: 

Data[x,y]:
2.5	  1.0
2.6	  1.0
2.7	  1.0
2.8	  1.0
2.9	  1.0
3.0	  1.0
3.1	  1.0
3.2	  1.0
3.3	  1.0
3.4	  1.0
3.5	  1.0
3.6	  1.0
3.7	  1.0
3.8	  1.0
3.9	  1.0
4.0	  1.0
4.1	  1.0
4.2	  1.0
4.3	  1.0
4.4	  1.0
4.5	  1.0
4.6	  1.0
4.7	  0.9999527
4.8	  0.99945575
4.9	  0.9976337
5.0	  0.9916706
5.1	  0.97844297
5.2	  0.95489824
5.3	  0.9160435
5.4	  0.861027
5.5	  0.7909607
5.6	  0.7119025
5.7	  0.6226692
5.8	  0.53308094
5.9	  0.44498342
6.0	  0.36765262
6.1	  0.29157597
6.2	  0.20757218
6.3	  0.16034074
6.4	  0.12482253
6.5	  0.097302414
6.6	  0.08305726
6.7	  0.0680549
6.8	  0.05724089
6.9	  0.045693327
7.0	  0.03660672
7.1	  0.030407004
7.2	  0.023166114
7.3	  0.016067203
7.4	  0.0141268335
7.5	  0.010601041
7.6	  0.0057974444
7.7	  0.00186938
7.8	  0.0011121628
7.9	  8.045433E-4
8.0	  2.6029343E-4
8.1	  9.4652154E-5
8.2	  0.0
8.3	  0.0
8.4	  0.0
8.5	  0.0
8.6	  0.0
8.7	  0.0
8.8	  0.0
8.9	  0.0
9.0	  0.0



DATASET #7

Name: 95% Conf
Num Points: 66
Info: 

X, Y Data:
2.5	1.0	[1.0	1.0]
2.6	1.0	[1.0	1.0]
2.7	1.0	[1.0	1.0]
2.8	1.0	[1.0	1.0]
2.9	1.0	[1.0	1.0]
3.0	1.0	[1.0	1.0]
3.1	1.0	[1.0	1.0]
3.2	1.0	[1.0	1.0]
3.3	1.0	[1.0	1.0]
3.4	1.0	[1.0	1.0]
3.5	1.0	[1.0	1.0]
3.6	1.0	[1.0	1.0]
3.7	1.0	[1.0	1.0]
3.8	1.0	[1.0	1.0]
3.9	1.0	[1.0	1.0]
4.0	1.0	[1.0	1.0]
4.1	1.0	[1.0	1.0]
4.2	1.0	[1.0	1.0]
4.3	1.0	[1.0	1.0]
4.4	1.0	[1.0	1.0]
4.5	1.0	[1.0	1.0]
4.6	1.0	[1.0	1.0]
4.7	0.9999527	[0.99980915	0.9999918]
4.8	0.99945575	[0.99916923	0.9996467]
4.9	0.9976337	[0.99711007	0.9980646]
5.0	0.9916706	[0.99074584	0.9925048]
5.1	0.97844297	[0.97700197	0.97979623]
5.2	0.95489824	[0.95286584	0.9568475]
5.3	0.9160435	[0.9133495	0.91866165]
5.4	0.861027	[0.8576841	0.864304]
5.5	0.7909607	[0.78704554	0.7948228]
5.6	0.7119025	[0.7075536	0.71621275]
5.7	0.6226692	[0.6180249	0.62729114]
5.8	0.53308094	[0.5283096	0.53784627]
5.9	0.44498342	[0.4402386	0.4497383]
6.0	0.36765262	[0.3630559	0.37227347]
6.1	0.29157597	[0.28725004	0.2959399]
6.2	0.20757218	[0.20372026	0.21147741]
6.3	0.16034074	[0.15686156	0.1638819]
6.4	0.12482253	[0.12169361	0.1280199]
6.5	0.097302414	[0.09450154	0.1001768]
6.6	0.08305726	[0.08045217	0.0857385]
6.7	0.0680549	[0.06568118	0.07050753]
6.8	0.05724089	[0.0550544	0.059508298]
6.9	0.045693327	[0.04373174	0.04773799]
7.0	0.03660672	[0.034846377	0.03845186]
7.1	0.030407004	[0.028800594	0.0320994]
7.2	0.023166114	[0.021763133	0.024656495]
7.3	0.016067203	[0.0149002485	0.017323]
7.4	0.0141268335	[0.01303363	0.015309293]
7.5	0.010601041	[0.009656812	0.011635316]
7.6	0.0057974444	[0.0051060608	0.0065801353]
7.7	0.00186938	[0.0014898146	0.0023420872]
7.8	0.0011121628	[8.263647E-4	0.001491997]
7.9	8.045433E-4	[5.659554E-4	0.0011377976]
8.0	2.6029343E-4	[1.369096E-4	4.8122913E-4]
8.1	9.4652154E-5	[3.0320985E-5	2.6028464E-4]
8.2	0.0	[0.0	1.13321374E-4]
8.3	0.0	[0.0	1.13321374E-4]
8.4	0.0	[0.0	0.0]
8.5	0.0	[0.0	0.0]
8.6	0.0	[0.0	0.0]
8.7	0.0	[0.0	0.0]
8.8	0.0	[0.0	0.0]
8.9	0.0	[0.0	0.0]
9.0	0.0	[0.0	0.0]



DATASET #8

     Name: Supra
   Points: 66
     Info: 

Data[x,y]:
2.5	  0.15274492
2.6	  0.15274492
2.7	  0.15274492
2.8	  0.15274492
2.9	  0.15274492
3.0	  0.15274492
3.1	  0.15274492
3.2	  0.15274492
3.3	  0.15274492
3.4	  0.15274492
3.5	  0.15274492
3.6	  0.15274492
3.7	  0.15274492
3.8	  0.15274492
3.9	  0.15274492
4.0	  0.15274492
4.1	  0.15274492
4.2	  0.15274492
4.3	  0.15274492
4.4	  0.15274492
4.5	  0.15274492
4.6	  0.15274492
4.7	  0.15274492
4.8	  0.15274492
4.9	  0.15274492
5.0	  0.15274492
5.1	  0.15274492
5.2	  0.15274492
5.3	  0.15274492
5.4	  0.15274492
5.5	  0.15274492
5.6	  0.15274492
5.7	  0.15274492
5.8	  0.15274492
5.9	  0.15272126
6.0	  0.15265027
6.1	  0.13132986
6.2	  0.10333649
6.3	  0.08561287
6.4	  0.07406531
6.5	  0.06419782
6.6	  0.0588973
6.7	  0.051183153
6.8	  0.045362044
6.9	  0.037860863
7.0	  0.031258874
7.1	  0.027401797
7.2	  0.02165168
7.3	  0.015333649
7.4	  0.01386654
7.5	  0.010506389
7.6	  0.0057501183
7.7	  0.001845717
7.8	  0.0010884998
7.9	  8.045433E-4
8.0	  2.6029343E-4
8.1	  9.4652154E-5
8.2	  0.0
8.3	  0.0
8.4	  0.0
8.5	  0.0
8.6	  0.0
8.7	  0.0
8.8	  0.0
8.9	  0.0
9.0	  0.0



DATASET #9

     Name: Primary
   Points: 66
     Info: 

Data[x,y]:
2.5	  1094.0668
2.6	  869.0746
2.7	  690.2781
2.8	  548.3016
2.9	  435.43066
3.0	  345.89587
3.1	  274.74036
3.2	  218.24033
3.3	  173.32994
3.4	  137.67816
3.5	  109.32634
3.6	  86.803246
3.7	  68.92087
3.8	  54.71013
3.9	  43.43289
4.0	  34.47042
4.1	  27.371202
4.2	  21.726976
4.3	  17.237743
4.4	  13.673758
4.5	  10.8343115
4.6	  8.585281
4.7	  6.7911263
4.8	  5.374799
4.9	  4.247113
5.0	  3.3541646
5.1	  2.6433744
5.2	  2.0802176
5.3	  1.6260294
5.4	  1.280265
5.5	  0.9968055
5.6	  0.7716517
5.7	  0.59287745
5.8	  0.45302886
5.9	  0.34280643
6.0	  0.26121628
6.1	  0.19424988
6.2	  0.12768576
6.3	  0.09446285
6.4	  0.07018457
6.5	  0.052768577
6.6	  0.044297207
6.7	  0.03589683
6.8	  0.029626124
6.9	  0.023568386
7.0	  0.018741127
7.1	  0.015570279
7.2	  0.011618552
7.3	  0.008116422
7.4	  0.0072882157
7.5	  0.0053005205
7.6	  0.0029105537
7.7	  7.808803E-4
7.8	  3.7860862E-4
7.9	  2.6029343E-4
8.0	  9.4652154E-5
8.1	  0.0
8.2	  0.0
8.3	  0.0
8.4	  0.0
8.5	  0.0
8.6	  0.0
8.7	  0.0
8.8	  0.0
8.9	  0.0
9.0	  0.0


