
X-Axis: Magnitude
Y-Axis: 1 Day Cumulative Number
Number of Data Sets: 9


DATASET #1

     Name: Mean
   Points: 66
     Info: 

Data[x,y]:
2.5	  23.154188
2.6	  18.3832
2.7	  14.596994
2.8	  11.593446
2.9	  9.229507
3.0	  7.318552
3.1	  5.8112397
3.2	  4.615073
3.3	  3.6602461
3.4	  2.9069333
3.5	  2.30814
3.6	  1.8332229
3.7	  1.4553242
3.8	  1.1535968
3.9	  0.91429245
4.0	  0.7261713
4.1	  0.57534313
4.2	  0.45726454
4.3	  0.36296734
4.4	  0.2873876
4.5	  0.22709417
4.6	  0.1797681
4.7	  0.1406531
4.8	  0.11121628
4.9	  0.08771888
5.0	  0.06968765
5.1	  0.055371508
5.2	  0.044131566
5.3	  0.034358732
5.4	  0.026762897
5.5	  0.02103644
5.6	  0.016422149
5.7	  0.012683389
5.8	  0.0093469005
5.9	  0.0072172265
6.0	  0.0053951726
6.1	  0.0039990535
6.2	  0.002579271
6.3	  0.0020586844
6.4	  0.0016090866
6.5	  0.001277804
6.6	  0.0010884998
6.7	  9.228585E-4
6.8	  7.808803E-4
6.9	  6.38902E-4
7.0	  4.4959772E-4
7.1	  4.259347E-4
7.2	  3.5494557E-4
7.3	  9.4652154E-5
7.4	  9.4652154E-5
7.5	  4.7326077E-5
7.6	  4.7326077E-5
7.7	  0.0
7.8	  0.0
7.9	  0.0
8.0	  0.0
8.1	  0.0
8.2	  0.0
8.3	  0.0
8.4	  0.0
8.5	  0.0
8.6	  0.0
8.7	  0.0
8.8	  0.0
8.9	  0.0
9.0	  0.0



DATASET #2

     Name: 2.5%,97.5%
   Points: 66
     Info: 

Data[x,y]:
2.5	  11.0
2.6	  8.0
2.7	  6.0
2.8	  4.0
2.9	  3.0
3.0	  2.0
3.1	  1.0
3.2	  1.0
3.3	  0.0
3.4	  0.0
3.5	  0.0
3.6	  0.0
3.7	  0.0
3.8	  0.0
3.9	  0.0
4.0	  0.0
4.1	  0.0
4.2	  0.0
4.3	  0.0
4.4	  0.0
4.5	  0.0
4.6	  0.0
4.7	  0.0
4.8	  0.0
4.9	  0.0
5.0	  0.0
5.1	  0.0
5.2	  0.0
5.3	  0.0
5.4	  0.0
5.5	  0.0
5.6	  0.0
5.7	  0.0
5.8	  0.0
5.9	  0.0
6.0	  0.0
6.1	  0.0
6.2	  0.0
6.3	  0.0
6.4	  0.0
6.5	  0.0
6.6	  0.0
6.7	  0.0
6.8	  0.0
6.9	  0.0
7.0	  0.0
7.1	  0.0
7.2	  0.0
7.3	  0.0
7.4	  0.0
7.5	  0.0
7.6	  0.0
7.7	  0.0
7.8	  0.0
7.9	  0.0
8.0	  0.0
8.1	  0.0
8.2	  0.0
8.3	  0.0
8.4	  0.0
8.5	  0.0
8.6	  0.0
8.7	  0.0
8.8	  0.0
8.9	  0.0
9.0	  0.0



DATASET #3

     Name: null
   Points: 66
     Info: 

Data[x,y]:
2.5	  44.0
2.6	  35.0
2.7	  29.0
2.8	  23.0
2.9	  19.0
3.0	  16.0
3.1	  13.0
3.2	  11.0
3.3	  9.0
3.4	  8.0
3.5	  7.0
3.6	  6.0
3.7	  5.0
3.8	  4.0
3.9	  4.0
4.0	  3.0
4.1	  3.0
4.2	  2.0
4.3	  2.0
4.4	  2.0
4.5	  2.0
4.6	  1.0
4.7	  1.0
4.8	  1.0
4.9	  1.0
5.0	  1.0
5.1	  1.0
5.2	  1.0
5.3	  1.0
5.4	  0.0
5.5	  0.0
5.6	  0.0
5.7	  0.0
5.8	  0.0
5.9	  0.0
6.0	  0.0
6.1	  0.0
6.2	  0.0
6.3	  0.0
6.4	  0.0
6.5	  0.0
6.6	  0.0
6.7	  0.0
6.8	  0.0
6.9	  0.0
7.0	  0.0
7.1	  0.0
7.2	  0.0
7.3	  0.0
7.4	  0.0
7.5	  0.0
7.6	  0.0
7.7	  0.0
7.8	  0.0
7.9	  0.0
8.0	  0.0
8.1	  0.0
8.2	  0.0
8.3	  0.0
8.4	  0.0
8.5	  0.0
8.6	  0.0
8.7	  0.0
8.8	  0.0
8.9	  0.0
9.0	  0.0



DATASET #4

     Name: Median
   Points: 66
     Info: 

Data[x,y]:
2.5	  20.0
2.6	  16.0
2.7	  13.0
2.8	  10.0
2.9	  8.0
3.0	  6.0
3.1	  5.0
3.2	  4.0
3.3	  3.0
3.4	  2.0
3.5	  2.0
3.6	  1.0
3.7	  1.0
3.8	  1.0
3.9	  1.0
4.0	  0.0
4.1	  0.0
4.2	  0.0
4.3	  0.0
4.4	  0.0
4.5	  0.0
4.6	  0.0
4.7	  0.0
4.8	  0.0
4.9	  0.0
5.0	  0.0
5.1	  0.0
5.2	  0.0
5.3	  0.0
5.4	  0.0
5.5	  0.0
5.6	  0.0
5.7	  0.0
5.8	  0.0
5.9	  0.0
6.0	  0.0
6.1	  0.0
6.2	  0.0
6.3	  0.0
6.4	  0.0
6.5	  0.0
6.6	  0.0
6.7	  0.0
6.8	  0.0
6.9	  0.0
7.0	  0.0
7.1	  0.0
7.2	  0.0
7.3	  0.0
7.4	  0.0
7.5	  0.0
7.6	  0.0
7.7	  0.0
7.8	  0.0
7.9	  0.0
8.0	  0.0
8.1	  0.0
8.2	  0.0
8.3	  0.0
8.4	  0.0
8.5	  0.0
8.6	  0.0
8.7	  0.0
8.8	  0.0
8.9	  0.0
9.0	  0.0



DATASET #5

     Name: Mode
   Points: 66
     Info: 

Data[x,y]:
2.5	  19.0
2.6	  15.0
2.7	  12.0
2.8	  10.0
2.9	  7.0
3.0	  6.0
3.1	  4.0
3.2	  3.0
3.3	  2.0
3.4	  2.0
3.5	  1.0
3.6	  1.0
3.7	  1.0
3.8	  0.0
3.9	  0.0
4.0	  0.0
4.1	  0.0
4.2	  0.0
4.3	  0.0
4.4	  0.0
4.5	  0.0
4.6	  0.0
4.7	  0.0
4.8	  0.0
4.9	  0.0
5.0	  0.0
5.1	  0.0
5.2	  0.0
5.3	  0.0
5.4	  0.0
5.5	  0.0
5.6	  0.0
5.7	  0.0
5.8	  0.0
5.9	  0.0
6.0	  0.0
6.1	  0.0
6.2	  0.0
6.3	  0.0
6.4	  0.0
6.5	  0.0
6.6	  0.0
6.7	  0.0
6.8	  0.0
6.9	  0.0
7.0	  0.0
7.1	  0.0
7.2	  0.0
7.3	  0.0
7.4	  0.0
7.5	  0.0
7.6	  0.0
7.7	  0.0
7.8	  0.0
7.9	  0.0
8.0	  0.0
8.1	  0.0
8.2	  0.0
8.3	  0.0
8.4	  0.0
8.5	  0.0
8.6	  0.0
8.7	  0.0
8.8	  0.0
8.9	  0.0
9.0	  0.0



DATASET #6

     Name: 1 d Prob
   Points: 66
     Info: 

Data[x,y]:
2.5	  1.0
2.6	  1.0
2.7	  1.0
2.8	  0.9999527
2.9	  0.9995031
3.0	  0.9969948
3.1	  0.9901562
3.2	  0.97520113
3.3	  0.9470658
3.4	  0.9036914
3.5	  0.8463086
3.6	  0.7742546
3.7	  0.69477046
3.8	  0.61081403
3.9	  0.5279224
4.0	  0.45234263
4.1	  0.38024136
4.2	  0.31803122
4.3	  0.2624941
4.4	  0.21526267
4.5	  0.17498817
4.6	  0.14176527
4.7	  0.11429247
4.8	  0.09167061
4.9	  0.07363938
5.0	  0.059181258
5.1	  0.047610033
5.2	  0.038334124
5.3	  0.029862754
5.4	  0.02359205
5.5	  0.018646475
5.6	  0.01471841
5.7	  0.011429247
5.8	  0.008542357
5.9	  0.006578325
6.0	  0.0048982487
6.1	  0.0035967818
6.2	  0.002366304
6.3	  0.0019403691
6.4	  0.0014907714
6.5	  0.001183152
6.6	  0.0010175107
6.7	  8.755324E-4
6.8	  7.5721723E-4
6.9	  6.1523897E-4
7.0	  4.259347E-4
7.1	  4.0227166E-4
7.2	  3.3128253E-4
7.3	  9.4652154E-5
7.4	  9.4652154E-5
7.5	  4.7326077E-5
7.6	  4.7326077E-5
7.7	  0.0
7.8	  0.0
7.9	  0.0
8.0	  0.0
8.1	  0.0
8.2	  0.0
8.3	  0.0
8.4	  0.0
8.5	  0.0
8.6	  0.0
8.7	  0.0
8.8	  0.0
8.9	  0.0
9.0	  0.0



DATASET #7

Name: 95% Conf
Num Points: 66
Info: 

X, Y Data:
2.5	1.0	[1.0	1.0]
2.6	1.0	[1.0	1.0]
2.7	1.0	[1.0	1.0]
2.8	0.9999527	[0.99980915	0.9999918]
2.9	0.9995031	[0.9992261	0.9996843]
3.0	0.9969948	[0.99641293	0.99748427]
3.1	0.9901562	[0.9891569	0.9910652]
3.2	0.97520113	[0.9736625	0.9766527]
3.3	0.9470658	[0.94487804	0.9491718]
3.4	0.9036914	[0.90082985	0.9064793]
3.5	0.8463086	[0.84282655	0.8497274]
3.6	0.7742546	[0.77023184	0.7782274]
3.7	0.69477046	[0.6903504	0.699155]
3.8	0.61081403	[0.60614365	0.61546415]
3.9	0.5279224	[0.5231485	0.5326912]
4.0	0.45234263	[0.4475899	0.4571041]
4.1	0.38024136	[0.37561223	0.3848923]
4.2	0.31803122	[0.3135959	0.32249975]
4.3	0.2624941	[0.258309	0.26672244]
4.4	0.21526267	[0.21135822	0.21921901]
4.5	0.17498817	[0.17138338	0.17865224]
4.6	0.14176527	[0.13846043	0.14513545]
4.7	0.11429247	[0.11128227	0.11737308]
4.8	0.09167061	[0.088944696	0.09447108]
4.9	0.07363938	[0.07117608	0.07618055]
5.0	0.059181258	[0.056959692	0.061483383]
5.1	0.047610033	[0.045608997	0.04969379]
5.2	0.038334124	[0.036533516	0.040219195]
5.3	0.029862754	[0.02827065	0.03154095]
5.4	0.02359205	[0.022176223	0.025095189]
5.5	0.018646475	[0.017388374	0.019992882]
5.6	0.01471841	[0.01360219	0.015923757]
5.7	0.011429247	[0.010447964	0.012500385]
5.8	0.008542357	[0.0076972633	0.009477996]
5.9	0.006578325	[0.005840009	0.0074077146]
6.0	0.0048982487	[0.004265081	0.0056230184]
6.1	0.0035967818	[0.0030584743	0.004227196]
6.2	0.002366304	[0.0019354287	0.002889944]
6.3	0.0019403691	[0.0015530878	0.0024207316]
6.4	0.0014907714	[0.001155087	0.0019199733]
6.5	0.001183152	[8.874216E-4	0.0015728052]
6.6	0.0010175107	[7.454588E-4	0.0013837651]
6.7	8.755324E-4	[6.253499E-4	0.0012202101]
6.8	7.5721723E-4	[5.2664237E-4	0.0010825845]
6.9	6.1523897E-4	[4.103166E-4	9.1540697E-4]
7.0	4.259347E-4	[2.602982E-4	6.877116E-4]
7.1	4.0227166E-4	[2.4210589E-4	6.5872853E-4]
7.2	3.3128253E-4	[1.8854538E-4	5.708479E-4]
7.3	9.4652154E-5	[3.0320985E-5	2.6028464E-4]
7.4	9.4652154E-5	[3.0320985E-5	2.6028464E-4]
7.5	4.7326077E-5	[8.19716E-6	1.9086631E-4]
7.6	4.7326077E-5	[8.19716E-6	1.9086631E-4]
7.7	0.0	[0.0	1.13321374E-4]
7.8	0.0	[0.0	1.13321374E-4]
7.9	0.0	[0.0	1.13321374E-4]
8.0	0.0	[0.0	1.13321374E-4]
8.1	0.0	[0.0	1.13321374E-4]
8.2	0.0	[0.0	1.13321374E-4]
8.3	0.0	[0.0	1.13321374E-4]
8.4	0.0	[0.0	0.0]
8.5	0.0	[0.0	0.0]
8.6	0.0	[0.0	0.0]
8.7	0.0	[0.0	0.0]
8.8	0.0	[0.0	0.0]
8.9	0.0	[0.0	0.0]
9.0	0.0	[0.0	0.0]



DATASET #8

     Name: Supra
   Points: 66
     Info: 

Data[x,y]:
2.5	  0.0015854236
2.6	  0.0015854236
2.7	  0.0015854236
2.8	  0.0015854236
2.9	  0.0015854236
3.0	  0.0015854236
3.1	  0.0015854236
3.2	  0.0015854236
3.3	  0.0015854236
3.4	  0.0015854236
3.5	  0.0015854236
3.6	  0.0015854236
3.7	  0.0015854236
3.8	  0.0015854236
3.9	  0.0015854236
4.0	  0.0015854236
4.1	  0.0015854236
4.2	  0.0015854236
4.3	  0.0015854236
4.4	  0.0015854236
4.5	  0.0015854236
4.6	  0.0015854236
4.7	  0.0015854236
4.8	  0.0015854236
4.9	  0.0015854236
5.0	  0.0015854236
5.1	  0.0015854236
5.2	  0.0015854236
5.3	  0.0015854236
5.4	  0.0015854236
5.5	  0.0015854236
5.6	  0.0015854236
5.7	  0.0015854236
5.8	  0.0015854236
5.9	  0.0015854236
6.0	  0.0015854236
6.1	  0.0013724562
6.2	  0.0010884998
6.3	  9.465215E-4
6.4	  8.9919544E-4
6.5	  7.808803E-4
6.6	  7.335542E-4
6.7	  6.38902E-4
6.8	  5.6791294E-4
6.9	  4.4959772E-4
7.0	  3.7860862E-4
7.1	  3.7860862E-4
7.2	  3.3128253E-4
7.3	  9.4652154E-5
7.4	  9.4652154E-5
7.5	  4.7326077E-5
7.6	  4.7326077E-5
7.7	  0.0
7.8	  0.0
7.9	  0.0
8.0	  0.0
8.1	  0.0
8.2	  0.0
8.3	  0.0
8.4	  0.0
8.5	  0.0
8.6	  0.0
8.7	  0.0
8.8	  0.0
8.9	  0.0
9.0	  0.0



DATASET #9

     Name: Primary
   Points: 66
     Info: 

Data[x,y]:
2.5	  17.777496
2.6	  14.1120205
2.7	  11.208093
2.8	  8.900023
2.9	  7.0868907
3.0	  5.6209416
3.1	  4.4650736
3.2	  3.5438712
3.3	  2.8093705
3.4	  2.2312353
3.5	  1.7737813
3.6	  1.4114766
3.7	  1.119593
3.8	  0.8856365
3.9	  0.70212966
4.0	  0.55790347
4.1	  0.44221485
4.2	  0.35220066
4.3	  0.27934217
4.4	  0.22098911
4.5	  0.17517747
4.6	  0.13795552
4.7	  0.10792712
4.8	  0.08544723
4.9	  0.06753431
5.0	  0.053667773
5.1	  0.042593468
5.2	  0.033932798
5.3	  0.02647894
5.4	  0.020586843
5.5	  0.016067203
5.6	  0.012636063
5.7	  0.009749172
5.8	  0.0071699005
5.9	  0.0054188357
6.0	  0.0039517274
6.1	  0.0029105537
6.2	  0.001893043
6.3	  0.0016090866
6.4	  0.0012304779
6.5	  9.938476E-4
6.6	  8.755324E-4
6.7	  7.5721723E-4
6.8	  6.38902E-4
6.9	  4.969238E-4
7.0	  3.3128253E-4
7.1	  3.3128253E-4
7.2	  2.8395647E-4
7.3	  9.4652154E-5
7.4	  9.4652154E-5
7.5	  4.7326077E-5
7.6	  4.7326077E-5
7.7	  0.0
7.8	  0.0
7.9	  0.0
8.0	  0.0
8.1	  0.0
8.2	  0.0
8.3	  0.0
8.4	  0.0
8.5	  0.0
8.6	  0.0
8.7	  0.0
8.8	  0.0
8.9	  0.0
9.0	  0.0


