
X-Axis: Magnitude
Y-Axis: 1 Month Cumulative Number
Number of Data Sets: 9


DATASET #1

     Name: Mean
   Points: 66
     Info: 

Data[x,y]:
2.5	  441.6536
2.6	  350.8702
2.7	  278.7246
2.8	  221.41344
2.9	  175.90286
3.0	  139.72888
3.1	  110.9768
3.2	  88.18263
3.3	  70.04318
3.4	  55.64333
3.5	  44.217606
3.6	  35.101772
3.7	  27.874384
3.8	  22.115833
3.9	  17.543293
4.0	  13.918788
4.1	  11.042923
4.2	  8.768911
4.3	  6.9574633
4.4	  5.5216384
4.5	  4.377972
4.6	  3.467615
4.7	  2.748158
4.8	  2.180926
4.9	  1.726246
5.0	  1.3634287
5.1	  1.0781556
5.2	  0.8489977
5.3	  0.66488624
5.4	  0.52076966
5.5	  0.40651244
5.6	  0.31378102
5.7	  0.23977606
5.8	  0.18063644
5.9	  0.13710222
6.0	  0.10511921
6.1	  0.0789279
6.2	  0.05196435
6.3	  0.03938351
6.4	  0.030342031
6.5	  0.023424176
6.6	  0.019627402
6.7	  0.015991505
6.8	  0.013546124
6.9	  0.0105859265
7.0	  0.008494481
7.1	  0.007046559
7.2	  0.0055021076
7.3	  0.0036037196
7.4	  0.0030245504
7.5	  0.0022201487
7.6	  0.0013192188
7.7	  4.5046496E-4
7.8	  2.2523248E-4
7.9	  1.6088034E-4
8.0	  9.65282E-5
8.1	  0.0
8.2	  0.0
8.3	  0.0
8.4	  0.0
8.5	  0.0
8.6	  0.0
8.7	  0.0
8.8	  0.0
8.9	  0.0
9.0	  0.0



DATASET #2

     Name: 2.5%,97.5%
   Points: 66
     Info: 

Data[x,y]:
2.5	  294.0
2.6	  231.0
2.7	  181.0
2.8	  141.0
2.9	  110.0
3.0	  85.0
3.1	  66.0
3.2	  51.0
3.3	  39.0
3.4	  29.0
3.5	  22.0
3.6	  17.0
3.7	  12.0
3.8	  9.0
3.9	  6.0
4.0	  5.0
4.1	  3.0
4.2	  2.0
4.3	  1.0
4.4	  1.0
4.5	  0.0
4.6	  0.0
4.7	  0.0
4.8	  0.0
4.9	  0.0
5.0	  0.0
5.1	  0.0
5.2	  0.0
5.3	  0.0
5.4	  0.0
5.5	  0.0
5.6	  0.0
5.7	  0.0
5.8	  0.0
5.9	  0.0
6.0	  0.0
6.1	  0.0
6.2	  0.0
6.3	  0.0
6.4	  0.0
6.5	  0.0
6.6	  0.0
6.7	  0.0
6.8	  0.0
6.9	  0.0
7.0	  0.0
7.1	  0.0
7.2	  0.0
7.3	  0.0
7.4	  0.0
7.5	  0.0
7.6	  0.0
7.7	  0.0
7.8	  0.0
7.9	  0.0
8.0	  0.0
8.1	  0.0
8.2	  0.0
8.3	  0.0
8.4	  0.0
8.5	  0.0
8.6	  0.0
8.7	  0.0
8.8	  0.0
8.9	  0.0
9.0	  0.0



DATASET #3

     Name: null
   Points: 66
     Info: 

Data[x,y]:
2.5	  892.0
2.6	  709.0
2.7	  566.0
2.8	  450.0
2.9	  358.0
3.0	  286.0
3.1	  228.0
3.2	  181.0
3.3	  146.0
3.4	  117.0
3.5	  93.0
3.6	  75.0
3.7	  60.0
3.8	  48.0
3.9	  39.0
4.0	  32.0
4.1	  26.0
4.2	  21.0
4.3	  17.0
4.4	  14.0
4.5	  12.0
4.6	  10.0
4.7	  9.0
4.8	  7.0
4.9	  6.0
5.0	  5.0
5.1	  4.0
5.2	  4.0
5.3	  3.0
5.4	  3.0
5.5	  2.0
5.6	  2.0
5.7	  2.0
5.8	  2.0
5.9	  1.0
6.0	  1.0
6.1	  1.0
6.2	  1.0
6.3	  1.0
6.4	  1.0
6.5	  0.0
6.6	  0.0
6.7	  0.0
6.8	  0.0
6.9	  0.0
7.0	  0.0
7.1	  0.0
7.2	  0.0
7.3	  0.0
7.4	  0.0
7.5	  0.0
7.6	  0.0
7.7	  0.0
7.8	  0.0
7.9	  0.0
8.0	  0.0
8.1	  0.0
8.2	  0.0
8.3	  0.0
8.4	  0.0
8.5	  0.0
8.6	  0.0
8.7	  0.0
8.8	  0.0
8.9	  0.0
9.0	  0.0



DATASET #4

     Name: Median
   Points: 66
     Info: 

Data[x,y]:
2.5	  366.0
2.6	  291.0
2.7	  232.0
2.8	  185.0
2.9	  147.0
3.0	  117.0
3.1	  93.0
3.2	  74.0
3.3	  59.0
3.4	  47.0
3.5	  37.0
3.6	  30.0
3.7	  23.0
3.8	  19.0
3.9	  15.0
4.0	  12.0
4.1	  9.0
4.2	  7.0
4.3	  6.0
4.4	  4.0
4.5	  3.0
4.6	  3.0
4.7	  2.0
4.8	  2.0
4.9	  1.0
5.0	  1.0
5.1	  1.0
5.2	  0.0
5.3	  0.0
5.4	  0.0
5.5	  0.0
5.6	  0.0
5.7	  0.0
5.8	  0.0
5.9	  0.0
6.0	  0.0
6.1	  0.0
6.2	  0.0
6.3	  0.0
6.4	  0.0
6.5	  0.0
6.6	  0.0
6.7	  0.0
6.8	  0.0
6.9	  0.0
7.0	  0.0
7.1	  0.0
7.2	  0.0
7.3	  0.0
7.4	  0.0
7.5	  0.0
7.6	  0.0
7.7	  0.0
7.8	  0.0
7.9	  0.0
8.0	  0.0
8.1	  0.0
8.2	  0.0
8.3	  0.0
8.4	  0.0
8.5	  0.0
8.6	  0.0
8.7	  0.0
8.8	  0.0
8.9	  0.0
9.0	  0.0



DATASET #5

     Name: Mode
   Points: 66
     Info: 

Data[x,y]:
2.5	  348.0
2.6	  279.0
2.7	  213.0
2.8	  174.0
2.9	  141.0
3.0	  109.0
3.1	  86.0
3.2	  67.0
3.3	  56.0
3.4	  43.0
3.5	  33.0
3.6	  26.0
3.7	  21.0
3.8	  17.0
3.9	  14.0
4.0	  10.0
4.1	  8.0
4.2	  6.0
4.3	  5.0
4.4	  3.0
4.5	  3.0
4.6	  2.0
4.7	  1.0
4.8	  1.0
4.9	  1.0
5.0	  0.0
5.1	  0.0
5.2	  0.0
5.3	  0.0
5.4	  0.0
5.5	  0.0
5.6	  0.0
5.7	  0.0
5.8	  0.0
5.9	  0.0
6.0	  0.0
6.1	  0.0
6.2	  0.0
6.3	  0.0
6.4	  0.0
6.5	  0.0
6.6	  0.0
6.7	  0.0
6.8	  0.0
6.9	  0.0
7.0	  0.0
7.1	  0.0
7.2	  0.0
7.3	  0.0
7.4	  0.0
7.5	  0.0
7.6	  0.0
7.7	  0.0
7.8	  0.0
7.9	  0.0
8.0	  0.0
8.1	  0.0
8.2	  0.0
8.3	  0.0
8.4	  0.0
8.5	  0.0
8.6	  0.0
8.7	  0.0
8.8	  0.0
8.9	  0.0
9.0	  0.0



DATASET #6

     Name: 1 mo Prob
   Points: 66
     Info: 

Data[x,y]:
2.5	  1.0
2.6	  1.0
2.7	  1.0
2.8	  1.0
2.9	  1.0
3.0	  1.0
3.1	  1.0
3.2	  1.0
3.3	  1.0
3.4	  1.0
3.5	  1.0
3.6	  1.0
3.7	  1.0
3.8	  1.0
3.9	  1.0
4.0	  0.9999035
4.1	  0.999453
4.2	  0.9977155
4.3	  0.9929856
4.4	  0.9807587
4.5	  0.95823544
4.6	  0.9193668
4.7	  0.8656006
4.8	  0.79912484
4.9	  0.72238487
5.0	  0.6401107
5.1	  0.5597027
5.2	  0.4814505
5.3	  0.40403488
5.4	  0.338267
5.5	  0.27755076
5.6	  0.22429937
5.7	  0.17857717
5.8	  0.13964413
5.9	  0.110009976
6.0	  0.08636057
6.1	  0.066057466
6.2	  0.045014318
6.3	  0.035007562
6.4	  0.027027898
6.5	  0.02078574
6.6	  0.017986422
6.7	  0.014865343
6.8	  0.012709547
6.9	  0.010264166
7.0	  0.008333601
7.1	  0.0069178543
7.2	  0.0053734034
7.3	  0.0035715434
7.4	  0.0029923744
7.5	  0.0022201487
7.6	  0.0013192188
7.7	  4.5046496E-4
7.8	  2.2523248E-4
7.9	  1.6088034E-4
8.0	  9.65282E-5
8.1	  0.0
8.2	  0.0
8.3	  0.0
8.4	  0.0
8.5	  0.0
8.6	  0.0
8.7	  0.0
8.8	  0.0
8.9	  0.0
9.0	  0.0



DATASET #7

Name: 95% Conf
Num Points: 66
Info: 

X, Y Data:
2.5	1.0	[1.0	1.0]
2.6	1.0	[1.0	1.0]
2.7	1.0	[1.0	1.0]
2.8	1.0	[1.0	1.0]
2.9	1.0	[1.0	1.0]
3.0	1.0	[1.0	1.0]
3.1	1.0	[1.0	1.0]
3.2	1.0	[1.0	1.0]
3.3	1.0	[1.0	1.0]
3.4	1.0	[1.0	1.0]
3.5	1.0	[1.0	1.0]
3.6	1.0	[1.0	1.0]
3.7	1.0	[1.0	1.0]
3.8	1.0	[1.0	1.0]
3.9	1.0	[1.0	1.0]
4.0	0.9999035	[0.99969244	0.9999751]
4.1	0.999453	[0.9991043	0.9996708]
4.2	0.9977155	[0.9971017	0.9982025]
4.3	0.9929856	[0.99197775	0.99386954]
4.4	0.9807587	[0.9791542	0.9822431]
4.5	0.95823544	[0.9559376	0.96041924]
4.6	0.9193668	[0.91627127	0.9223581]
4.7	0.8656006	[0.86174697	0.8693634]
4.8	0.79912484	[0.7946173	0.8035581]
4.9	0.72238487	[0.71736264	0.727352]
5.0	0.6401107	[0.6347413	0.64544535]
5.1	0.5597027	[0.55416036	0.5652302]
5.2	0.4814505	[0.47588193	0.48702365]
5.3	0.40403488	[0.39857543	0.40951812]
5.4	0.338267	[0.33301115	0.34356293]
5.5	0.27755076	[0.272584	0.2825727]
5.6	0.22429937	[0.21968013	0.22898698]
5.7	0.17857717	[0.17434292	0.18289119]
5.8	0.13964413	[0.13581909	0.14355862]
5.9	0.110009976	[0.10656338	0.11355341]
6.0	0.08636057	[0.08327267	0.08955123]
6.1	0.066057466	[0.06333348	0.068889335]
6.2	0.045014318	[0.042749178	0.047392707]
6.3	0.035007562	[0.03300526	0.037125707]
6.4	0.027027898	[0.025267022	0.028906725]
6.5	0.02078574	[0.019242324	0.02244881]
6.6	0.017986422	[0.016551858	0.019541427]
6.7	0.014865343	[0.01356326	0.016288776]
6.8	0.012709547	[0.011507682	0.014033416]
6.9	0.010264166	[0.009187328	0.011463794]
7.0	0.008333601	[0.0073667862	0.00942388]
7.1	0.0069178543	[0.006040304	0.00791941]
7.2	0.0053734034	[0.004604623	0.0062668608]
7.3	0.0035715434	[0.0029522602	0.0043165]
7.4	0.0029923744	[0.002429007	0.003681832]
7.5	0.0022201487	[0.001740618	0.0028264797]
7.6	0.0013192188	[9.5899997E-4	0.0018075614]
7.7	4.5046496E-4	[2.5638108E-4	7.761767E-4]
7.8	2.2523248E-4	[9.869742E-5	4.864805E-4]
7.9	1.6088034E-4	[5.923022E-5	3.990053E-4]
8.0	9.65282E-5	[2.4929654E-5	3.0756745E-4]
8.1	0.0	[0.0	1.5408485E-4]
8.2	0.0	[0.0	1.5408485E-4]
8.3	0.0	[0.0	1.5408485E-4]
8.4	0.0	[0.0	0.0]
8.5	0.0	[0.0	0.0]
8.6	0.0	[0.0	0.0]
8.7	0.0	[0.0	0.0]
8.8	0.0	[0.0	0.0]
8.9	0.0	[0.0	0.0]
9.0	0.0	[0.0	0.0]



DATASET #8

     Name: Supra
   Points: 66
     Info: 

Data[x,y]:
2.5	  0.030470736
2.6	  0.030470736
2.7	  0.030470736
2.8	  0.030470736
2.9	  0.030470736
3.0	  0.030470736
3.1	  0.030470736
3.2	  0.030470736
3.3	  0.030470736
3.4	  0.030470736
3.5	  0.030470736
3.6	  0.030470736
3.7	  0.030470736
3.8	  0.030470736
3.9	  0.030470736
4.0	  0.030470736
4.1	  0.030470736
4.2	  0.030470736
4.3	  0.030470736
4.4	  0.030470736
4.5	  0.030470736
4.6	  0.030470736
4.7	  0.030470736
4.8	  0.030470736
4.9	  0.030470736
5.0	  0.030470736
5.1	  0.030470736
5.2	  0.030470736
5.3	  0.030470736
5.4	  0.030470736
5.5	  0.030470736
5.6	  0.030470736
5.7	  0.030470736
5.8	  0.030470736
5.9	  0.030470736
6.0	  0.030470736
6.1	  0.026931368
6.2	  0.021075325
6.3	  0.017857717
6.4	  0.016055858
6.5	  0.013932237
6.6	  0.012806075
6.7	  0.0113903275
6.8	  0.010264166
6.9	  0.008784066
7.0	  0.007239615
7.1	  0.006177805
7.2	  0.0049551143
7.3	  0.0033784872
7.4	  0.0029923744
7.5	  0.0022201487
7.6	  0.0013192188
7.7	  4.5046496E-4
7.8	  2.2523248E-4
7.9	  1.6088034E-4
8.0	  9.65282E-5
8.1	  0.0
8.2	  0.0
8.3	  0.0
8.4	  0.0
8.5	  0.0
8.6	  0.0
8.7	  0.0
8.8	  0.0
8.9	  0.0
9.0	  0.0



DATASET #9

     Name: Primary
   Points: 66
     Info: 

Data[x,y]:
2.5	  265.58173
2.6	  210.99469
2.7	  167.60226
2.8	  133.13565
2.9	  105.75816
3.0	  84.01181
3.1	  66.73577
3.2	  53.01393
3.3	  42.097687
3.4	  33.437496
3.5	  26.56321
3.6	  21.093826
3.7	  16.747482
3.8	  13.297146
3.9	  10.537759
4.0	  8.351073
4.1	  6.6267896
4.2	  5.263522
4.3	  4.171949
4.4	  3.30371
4.5	  2.6179736
4.6	  2.0725248
4.7	  1.6426204
4.8	  1.3005888
4.9	  1.0274783
5.0	  0.8107082
5.1	  0.63924193
5.2	  0.50316936
5.3	  0.39328808
5.4	  0.3089546
5.5	  0.24090222
5.6	  0.18584897
5.7	  0.14173558
5.8	  0.10830464
5.9	  0.08323949
6.0	  0.0641269
6.1	  0.047974516
6.2	  0.031854305
6.3	  0.024292931
6.4	  0.018404711
6.5	  0.0137070045
6.6	  0.011776441
6.7	  0.009620644
6.8	  0.008172721
6.9	  0.0065639177
7.0	  0.0054377555
7.1	  0.0044402974
7.2	  0.003314135
7.3	  0.0023166768
7.4	  0.0019627402
7.5	  0.001415747
7.6	  8.687538E-4
7.7	  2.2523248E-4
7.8	  6.4352134E-5
7.9	  3.2176067E-5
8.0	  3.2176067E-5
8.1	  0.0
8.2	  0.0
8.3	  0.0
8.4	  0.0
8.5	  0.0
8.6	  0.0
8.7	  0.0
8.8	  0.0
8.9	  0.0
9.0	  0.0


