
X-Axis: Magnitude
Y-Axis: 1 Year Cumulative Number
Number of Data Sets: 9


DATASET #1

     Name: Mean
   Points: 66
     Info: 

Data[x,y]:
2.5	  1377.2345
2.6	  1094.2018
2.7	  869.088
2.8	  690.3239
2.9	  548.2347
3.0	  435.4767
3.1	  345.8155
3.2	  274.71494
3.3	  218.17825
3.4	  173.33398
3.5	  137.69733
3.6	  109.32871
3.7	  86.83702
3.8	  68.90186
3.9	  54.686096
4.0	  43.394196
4.1	  34.452072
4.2	  27.354576
4.3	  21.696102
4.4	  17.1899
4.5	  13.614525
4.6	  10.777329
4.7	  8.53482
4.8	  6.7552667
4.9	  5.3432817
5.0	  4.2206225
5.1	  3.3340356
5.2	  2.630969
5.3	  2.060803
5.4	  1.6157538
5.5	  1.2534527
5.6	  0.96810627
5.7	  0.74666435
5.8	  0.5646067
5.9	  0.42679074
6.0	  0.3264279
6.1	  0.24081227
6.2	  0.15935159
6.3	  0.118562736
6.4	  0.09070693
6.5	  0.068117976
6.6	  0.05641386
6.7	  0.045646068
6.8	  0.03710206
6.9	  0.027446162
7.0	  0.021242978
7.1	  0.017848782
7.2	  0.013693821
7.3	  0.009772941
7.4	  0.00877809
7.5	  0.0064957864
7.6	  0.0034527155
7.7	  0.0011704119
7.8	  8.1928837E-4
7.9	  5.8520597E-4
8.0	  1.755618E-4
8.1	  5.85206E-5
8.2	  0.0
8.3	  0.0
8.4	  0.0
8.5	  0.0
8.6	  0.0
8.7	  0.0
8.8	  0.0
8.9	  0.0
9.0	  0.0



DATASET #2

     Name: 2.5%,97.5%
   Points: 66
     Info: 

Data[x,y]:
2.5	  906.0
2.6	  716.0
2.7	  564.0
2.8	  444.0
2.9	  348.0
3.0	  274.0
3.1	  216.0
3.2	  168.0
3.3	  132.0
3.4	  103.0
3.5	  79.0
3.6	  61.0
3.7	  47.0
3.8	  36.0
3.9	  27.0
4.0	  21.0
4.1	  15.0
4.2	  11.0
4.3	  8.0
4.4	  6.0
4.5	  4.0
4.6	  3.0
4.7	  2.0
4.8	  1.0
4.9	  0.0
5.0	  0.0
5.1	  0.0
5.2	  0.0
5.3	  0.0
5.4	  0.0
5.5	  0.0
5.6	  0.0
5.7	  0.0
5.8	  0.0
5.9	  0.0
6.0	  0.0
6.1	  0.0
6.2	  0.0
6.3	  0.0
6.4	  0.0
6.5	  0.0
6.6	  0.0
6.7	  0.0
6.8	  0.0
6.9	  0.0
7.0	  0.0
7.1	  0.0
7.2	  0.0
7.3	  0.0
7.4	  0.0
7.5	  0.0
7.6	  0.0
7.7	  0.0
7.8	  0.0
7.9	  0.0
8.0	  0.0
8.1	  0.0
8.2	  0.0
8.3	  0.0
8.4	  0.0
8.5	  0.0
8.6	  0.0
8.7	  0.0
8.8	  0.0
8.9	  0.0
9.0	  0.0



DATASET #3

     Name: null
   Points: 66
     Info: 

Data[x,y]:
2.5	  3413.0
2.6	  2706.0
2.7	  2160.0
2.8	  1704.0
2.9	  1357.0
3.0	  1078.0
3.1	  856.0
3.2	  680.0
3.3	  539.0
3.4	  428.0
3.5	  344.0
3.6	  272.0
3.7	  217.0
3.8	  174.0
3.9	  139.0
4.0	  110.0
4.1	  88.0
4.2	  71.0
4.3	  57.0
4.4	  46.0
4.5	  37.0
4.6	  30.0
4.7	  24.0
4.8	  20.0
4.9	  16.0
5.0	  13.0
5.1	  11.0
5.2	  9.0
5.3	  8.0
5.4	  6.0
5.5	  5.0
5.6	  5.0
5.7	  4.0
5.8	  3.0
5.9	  3.0
6.0	  2.0
6.1	  2.0
6.2	  1.0
6.3	  1.0
6.4	  1.0
6.5	  1.0
6.6	  1.0
6.7	  1.0
6.8	  1.0
6.9	  1.0
7.0	  0.0
7.1	  0.0
7.2	  0.0
7.3	  0.0
7.4	  0.0
7.5	  0.0
7.6	  0.0
7.7	  0.0
7.8	  0.0
7.9	  0.0
8.0	  0.0
8.1	  0.0
8.2	  0.0
8.3	  0.0
8.4	  0.0
8.5	  0.0
8.6	  0.0
8.7	  0.0
8.8	  0.0
8.9	  0.0
9.0	  0.0



DATASET #4

     Name: Median
   Points: 66
     Info: 

Data[x,y]:
2.5	  1127.0
2.6	  896.0
2.7	  712.0
2.8	  566.0
2.9	  450.0
3.0	  358.0
3.1	  285.0
3.2	  226.0
3.3	  180.0
3.4	  143.0
3.5	  114.0
3.6	  90.0
3.7	  72.0
3.8	  57.0
3.9	  45.0
4.0	  36.0
4.1	  29.0
4.2	  23.0
4.3	  18.0
4.4	  14.0
4.5	  11.0
4.6	  9.0
4.7	  7.0
4.8	  5.0
4.9	  4.0
5.0	  3.0
5.1	  3.0
5.2	  2.0
5.3	  1.0
5.4	  1.0
5.5	  1.0
5.6	  1.0
5.7	  0.0
5.8	  0.0
5.9	  0.0
6.0	  0.0
6.1	  0.0
6.2	  0.0
6.3	  0.0
6.4	  0.0
6.5	  0.0
6.6	  0.0
6.7	  0.0
6.8	  0.0
6.9	  0.0
7.0	  0.0
7.1	  0.0
7.2	  0.0
7.3	  0.0
7.4	  0.0
7.5	  0.0
7.6	  0.0
7.7	  0.0
7.8	  0.0
7.9	  0.0
8.0	  0.0
8.1	  0.0
8.2	  0.0
8.3	  0.0
8.4	  0.0
8.5	  0.0
8.6	  0.0
8.7	  0.0
8.8	  0.0
8.9	  0.0
9.0	  0.0



DATASET #5

     Name: Mode
   Points: 66
     Info: 

Data[x,y]:
2.5	  1009.0
2.6	  815.0
2.7	  669.0
2.8	  525.0
2.9	  409.0
3.0	  336.0
3.1	  267.0
3.2	  212.0
3.3	  162.0
3.4	  131.0
3.5	  100.0
3.6	  89.0
3.7	  69.0
3.8	  53.0
3.9	  41.0
4.0	  33.0
4.1	  25.0
4.2	  21.0
4.3	  16.0
4.4	  13.0
4.5	  9.0
4.6	  8.0
4.7	  5.0
4.8	  4.0
4.9	  3.0
5.0	  3.0
5.1	  2.0
5.2	  1.0
5.3	  1.0
5.4	  0.0
5.5	  0.0
5.6	  0.0
5.7	  0.0
5.8	  0.0
5.9	  0.0
6.0	  0.0
6.1	  0.0
6.2	  0.0
6.3	  0.0
6.4	  0.0
6.5	  0.0
6.6	  0.0
6.7	  0.0
6.8	  0.0
6.9	  0.0
7.0	  0.0
7.1	  0.0
7.2	  0.0
7.3	  0.0
7.4	  0.0
7.5	  0.0
7.6	  0.0
7.7	  0.0
7.8	  0.0
7.9	  0.0
8.0	  0.0
8.1	  0.0
8.2	  0.0
8.3	  0.0
8.4	  0.0
8.5	  0.0
8.6	  0.0
8.7	  0.0
8.8	  0.0
8.9	  0.0
9.0	  0.0



DATASET #6

     Name: 1 yr Prob
   Points: 66
     Info: 

Data[x,y]:
2.5	  1.0
2.6	  1.0
2.7	  1.0
2.8	  1.0
2.9	  1.0
3.0	  1.0
3.1	  1.0
3.2	  1.0
3.3	  1.0
3.4	  1.0
3.5	  1.0
3.6	  1.0
3.7	  1.0
3.8	  1.0
3.9	  1.0
4.0	  1.0
4.1	  1.0
4.2	  1.0
4.3	  1.0
4.4	  1.0
4.5	  0.9997074
4.6	  0.9987711
4.7	  0.99590355
4.8	  0.9885885
4.9	  0.9733146
5.0	  0.9458099
5.1	  0.903441
5.2	  0.84415966
5.3	  0.7704822
5.4	  0.6911868
5.5	  0.6059223
5.6	  0.5205407
5.7	  0.4383193
5.8	  0.35984316
5.9	  0.2909059
6.0	  0.23261937
6.1	  0.18088718
6.2	  0.12599485
6.3	  0.09731976
6.4	  0.07525749
6.5	  0.057818353
6.6	  0.049625468
6.7	  0.040613297
6.8	  0.033824906
6.9	  0.026100187
7.0	  0.020540731
7.1	  0.017439138
7.2	  0.013401217
7.3	  0.009597378
7.4	  0.0086610485
7.5	  0.0064957864
7.6	  0.0034527155
7.7	  0.0011704119
7.8	  8.1928837E-4
7.9	  5.8520597E-4
8.0	  1.755618E-4
8.1	  5.85206E-5
8.2	  0.0
8.3	  0.0
8.4	  0.0
8.5	  0.0
8.6	  0.0
8.7	  0.0
8.8	  0.0
8.9	  0.0
9.0	  0.0



DATASET #7

Name: 95% Conf
Num Points: 66
Info: 

X, Y Data:
2.5	1.0	[1.0	1.0]
2.6	1.0	[1.0	1.0]
2.7	1.0	[1.0	1.0]
2.8	1.0	[1.0	1.0]
2.9	1.0	[1.0	1.0]
3.0	1.0	[1.0	1.0]
3.1	1.0	[1.0	1.0]
3.2	1.0	[1.0	1.0]
3.3	1.0	[1.0	1.0]
3.4	1.0	[1.0	1.0]
3.5	1.0	[1.0	1.0]
3.6	1.0	[1.0	1.0]
3.7	1.0	[1.0	1.0]
3.8	1.0	[1.0	1.0]
3.9	1.0	[1.0	1.0]
4.0	1.0	[1.0	1.0]
4.1	1.0	[1.0	1.0]
4.2	1.0	[1.0	1.0]
4.3	1.0	[1.0	1.0]
4.4	1.0	[1.0	1.0]
4.5	0.9997074	[0.9992744	0.9998923]
4.6	0.9987711	[0.9980866	0.9992191]
4.7	0.99590355	[0.99479544	0.996782]
4.8	0.9885885	[0.9868513	0.99010205]
4.9	0.9733146	[0.9707592	0.97565466]
5.0	0.9458099	[0.94228405	0.9491337]
5.1	0.903441	[0.89889157	0.90780795]
5.2	0.84415966	[0.8386144	0.84954935]
5.3	0.7704822	[0.7640871	0.7767552]
5.4	0.6911868	[0.6841879	0.69809943]
5.5	0.6059223	[0.59854317	0.6132536]
5.6	0.5205407	[0.5130171	0.5280551]
5.7	0.4383193	[0.43086517	0.44580126]
5.8	0.35984316	[0.35264996	0.3670996]
5.9	0.2909059	[0.28411457	0.29779163]
6.0	0.23261937	[0.22631605	0.23904347]
6.1	0.18088718	[0.17515874	0.18675978]
6.2	0.12599485	[0.12107442	0.1310844]
6.3	0.09731976	[0.09293714	0.10188457]
6.4	0.07525749	[0.071368255	0.07933907]
6.5	0.057818353	[0.054388758	0.061448377]
6.6	0.049625468	[0.04644095	0.05301426]
6.7	0.040613297	[0.03772719	0.04370795]
6.8	0.033824906	[0.031189296	0.036672335]
6.9	0.026100187	[0.023786144	0.028629865]
7.0	0.020540731	[0.018491507	0.022808444]
7.1	0.017439138	[0.015554492	0.019543936]
7.2	0.013401217	[0.011755852	0.015269025]
7.3	0.009597378	[0.008214748	0.0112048555]
7.4	0.0086610485	[0.0073509887	0.010196614]
7.5	0.0064957864	[0.005370666	0.007848115]
7.6	0.0034527155	[0.0026522947	0.0044837124]
7.7	0.0011704119	[7.3484884E-4	0.0018427136]
7.8	8.1928837E-4	[4.663213E-4	0.0014114568]
7.9	5.8520597E-4	[2.974087E-4	0.0011148104]
8.0	1.755618E-4	[4.5341585E-5	5.5932655E-4]
8.1	5.85206E-5	[3.0547003E-6	3.8001215E-4]
8.2	0.0	[0.0	2.8021494E-4]
8.3	0.0	[0.0	2.8021494E-4]
8.4	0.0	[0.0	0.0]
8.5	0.0	[0.0	0.0]
8.6	0.0	[0.0	0.0]
8.7	0.0	[0.0	0.0]
8.8	0.0	[0.0	0.0]
8.9	0.0	[0.0	0.0]
9.0	0.0	[0.0	0.0]



DATASET #8

     Name: Supra
   Points: 66
     Info: 

Data[x,y]:
2.5	  0.08982912
2.6	  0.08982912
2.7	  0.08982912
2.8	  0.08982912
2.9	  0.08982912
3.0	  0.08982912
3.1	  0.08982912
3.2	  0.08982912
3.3	  0.08982912
3.4	  0.08982912
3.5	  0.08982912
3.6	  0.08982912
3.7	  0.08982912
3.8	  0.08982912
3.9	  0.08982912
4.0	  0.08982912
4.1	  0.08982912
4.2	  0.08982912
4.3	  0.08982912
4.4	  0.08982912
4.5	  0.08982912
4.6	  0.08982912
4.7	  0.08982912
4.8	  0.08982912
4.9	  0.08982912
5.0	  0.08982912
5.1	  0.08982912
5.2	  0.08982912
5.3	  0.08982912
5.4	  0.08982912
5.5	  0.08982912
5.6	  0.08982912
5.7	  0.08982912
5.8	  0.08982912
5.9	  0.08982912
6.0	  0.08982912
6.1	  0.07748127
6.2	  0.061154027
6.3	  0.0508544
6.4	  0.044358615
6.5	  0.038448032
6.6	  0.03534644
6.7	  0.030021068
6.8	  0.026743913
6.9	  0.021945225
7.0	  0.017439138
7.1	  0.0152738765
7.2	  0.012347846
7.3	  0.009129213
7.4	  0.008426966
7.5	  0.006378745
7.6	  0.003335674
7.7	  0.0011118914
7.8	  7.607678E-4
7.9	  5.8520597E-4
8.0	  1.755618E-4
8.1	  5.85206E-5
8.2	  0.0
8.3	  0.0
8.4	  0.0
8.5	  0.0
8.6	  0.0
8.7	  0.0
8.8	  0.0
8.9	  0.0
9.0	  0.0



DATASET #9

     Name: Primary
   Points: 66
     Info: 

Data[x,y]:
2.5	  701.27155
2.6	  557.1342
2.7	  442.49057
2.8	  351.45236
2.9	  279.05658
3.0	  221.71623
3.1	  176.11342
3.2	  139.91093
3.3	  111.13237
3.4	  88.28792
3.5	  70.13975
3.6	  55.673397
3.7	  44.209503
3.8	  35.09147
3.9	  27.842579
4.0	  22.091234
4.1	  17.547928
4.2	  13.93393
4.3	  11.050152
4.4	  8.741163
4.5	  6.9271417
4.6	  5.4877105
4.7	  4.3340354
4.8	  3.427961
4.9	  2.710791
5.0	  2.1385767
5.1	  1.6882023
5.2	  1.3322799
5.3	  1.0440075
5.4	  0.82256556
5.5	  0.6383427
5.6	  0.49362126
5.7	  0.38120317
5.8	  0.29026216
5.9	  0.22138342
6.0	  0.16795412
6.1	  0.12447331
6.2	  0.082279965
6.3	  0.061212547
6.4	  0.045587547
6.5	  0.03423455
6.6	  0.02931882
6.7	  0.02334972
6.8	  0.019545881
6.9	  0.014864232
7.0	  0.011938202
7.1	  0.010007023
7.2	  0.0075491574
7.3	  0.0053253747
7.4	  0.004974251
7.5	  0.0036282772
7.6	  0.0018726592
7.7	  4.0964418E-4
7.8	  2.340824E-4
7.9	  5.85206E-5
8.0	  0.0
8.1	  0.0
8.2	  0.0
8.3	  0.0
8.4	  0.0
8.5	  0.0
8.6	  0.0
8.7	  0.0
8.8	  0.0
8.9	  0.0
9.0	  0.0


