
X-Axis: Magnitude
Y-Axis: Cumulative Annual Rate (1/yr)
Number of Data Sets: 8


DATASET #1

     Name: Mean
   Points: 41
     Info: 

Data[x,y]:
5.0	  7.37619
5.1	  5.8322806
5.2	  4.6053057
5.3	  3.630907
5.4	  2.8572176
5.5	  2.2413158
5.6	  1.7534133
5.7	  1.3646585
5.8	  1.0553722
5.9	  0.799303
6.0	  0.62913376
6.1	  0.48104492
6.2	  0.37848955
6.3	  0.29854017
6.4	  0.23195668
6.5	  0.17761385
6.6	  0.13758887
6.7	  0.105589814
6.8	  0.08321916
6.9	  0.06465623
7.0	  0.05055819
7.1	  0.037951928
7.2	  0.028389627
7.3	  0.02239785
7.4	  0.017262492
7.5	  0.01228716
7.6	  0.009371284
7.7	  0.0066736243
7.8	  0.004734029
7.9	  0.0026404175
8.0	  0.001488931
8.1	  7.175838E-4
8.2	  3.2605947E-4
8.3	  6.6097404E-5
8.4	  0.0
8.5	  0.0
8.6	  0.0
8.7	  0.0
8.8	  0.0
8.9	  0.0
9.0	  0.0



DATASET #2

     Name: 2.5%,16%,84%,97.5%
   Points: 41
     Info: 

Data[x,y]:
5.0	  5.5
5.1	  4.306452
5.2	  3.3709676
5.3	  2.6290324
5.4	  2.048387
5.5	  1.5806452
5.6	  1.2096775
5.7	  0.9354839
5.8	  0.6935484
5.9	  0.516129
6.0	  0.38709676
6.1	  0.27419356
6.2	  0.20967741
6.3	  0.16129032
6.4	  0.11290322
6.5	  0.08064516
6.6	  0.048387095
6.7	  0.032258064
6.8	  0.016129032
6.9	  0.016129032
7.0	  0.0
7.1	  0.0
7.2	  0.0
7.3	  0.0
7.4	  0.0
7.5	  0.0
7.6	  0.0
7.7	  0.0
7.8	  0.0
7.9	  0.0
8.0	  0.0
8.1	  0.0
8.2	  0.0
8.3	  0.0
8.4	  0.0
8.5	  0.0
8.6	  0.0
8.7	  0.0
8.8	  0.0
8.9	  0.0
9.0	  0.0



DATASET #3

     Name: 
   Points: 41
     Info: 

Data[x,y]:
5.0	  6.2419353
5.1	  4.919355
5.2	  3.8709676
5.3	  3.048387
5.4	  2.387097
5.5	  1.8548387
5.6	  1.451613
5.7	  1.1129032
5.8	  0.8548387
5.9	  0.6451613
6.0	  0.5
6.1	  0.37096775
6.2	  0.29032257
6.3	  0.22580644
6.4	  0.16129032
6.5	  0.11290322
6.6	  0.08064516
6.7	  0.06451613
6.8	  0.048387095
6.9	  0.032258064
7.0	  0.016129032
7.1	  0.016129032
7.2	  0.0
7.3	  0.0
7.4	  0.0
7.5	  0.0
7.6	  0.0
7.7	  0.0
7.8	  0.0
7.9	  0.0
8.0	  0.0
8.1	  0.0
8.2	  0.0
8.3	  0.0
8.4	  0.0
8.5	  0.0
8.6	  0.0
8.7	  0.0
8.8	  0.0
8.9	  0.0
9.0	  0.0



DATASET #4

     Name: 
   Points: 41
     Info: 

Data[x,y]:
5.0	  8.5161295
5.1	  6.7419353
5.2	  5.33871
5.3	  4.225806
5.4	  3.3225806
5.5	  2.612903
5.6	  2.064516
5.7	  1.6129032
5.8	  1.2580645
5.9	  0.9516129
6.0	  0.7580645
6.1	  0.5967742
6.2	  0.46774194
6.3	  0.37096775
6.4	  0.30645162
6.5	  0.24193548
6.6	  0.19354838
6.7	  0.14516129
6.8	  0.11290322
6.9	  0.09677419
7.0	  0.08064516
7.1	  0.06451613
7.2	  0.048387095
7.3	  0.032258064
7.4	  0.032258064
7.5	  0.032258064
7.6	  0.016129032
7.7	  0.016129032
7.8	  0.016129032
7.9	  0.0
8.0	  0.0
8.1	  0.0
8.2	  0.0
8.3	  0.0
8.4	  0.0
8.5	  0.0
8.6	  0.0
8.7	  0.0
8.8	  0.0
8.9	  0.0
9.0	  0.0



DATASET #5

     Name: 
   Points: 41
     Info: 

Data[x,y]:
5.0	  10.032258
5.1	  7.935484
5.2	  6.290323
5.3	  4.983871
5.4	  3.935484
5.5	  3.112903
5.6	  2.451613
5.7	  1.9193548
5.8	  1.5
5.9	  1.1451613
6.0	  0.91935486
6.1	  0.7258065
6.2	  0.58064514
6.3	  0.46774194
6.4	  0.38709676
6.5	  0.30645162
6.6	  0.24193548
6.7	  0.19354838
6.8	  0.16129032
6.9	  0.12903225
7.0	  0.11290322
7.1	  0.09677419
7.2	  0.08064516
7.3	  0.06451613
7.4	  0.048387095
7.5	  0.048387095
7.6	  0.032258064
7.7	  0.032258064
7.8	  0.016129032
7.9	  0.016129032
8.0	  0.016129032
8.1	  0.016129032
8.2	  0.0
8.3	  0.0
8.4	  0.0
8.5	  0.0
8.6	  0.0
8.7	  0.0
8.8	  0.0
8.9	  0.0
9.0	  0.0



DATASET #6

     Name: Median
   Points: 41
     Info: 

Data[x,y]:
5.0	  7.225806
5.1	  5.725806
5.2	  4.516129
5.3	  3.564516
5.4	  2.8064516
5.5	  2.2096775
5.6	  1.7258065
5.7	  1.3387097
5.8	  1.048387
5.9	  0.7903226
6.0	  0.61290324
6.1	  0.46774194
6.2	  0.37096775
6.3	  0.29032257
6.4	  0.22580644
6.5	  0.17741935
6.6	  0.12903225
6.7	  0.09677419
6.8	  0.08064516
6.9	  0.06451613
7.0	  0.048387095
7.1	  0.032258064
7.2	  0.032258064
7.3	  0.016129032
7.4	  0.016129032
7.5	  0.016129032
7.6	  0.0
7.7	  0.0
7.8	  0.0
7.9	  0.0
8.0	  0.0
8.1	  0.0
8.2	  0.0
8.3	  0.0
8.4	  0.0
8.5	  0.0
8.6	  0.0
8.7	  0.0
8.8	  0.0
8.9	  0.0
9.0	  0.0



DATASET #7

     Name: Mode
   Points: 41
     Info: 

Data[x,y]:
5.0	  7.096774
5.1	  5.370968
5.2	  4.596774
5.3	  3.419355
5.4	  2.7419355
5.5	  2.064516
5.6	  1.6774193
5.7	  1.3387097
5.8	  1.016129
5.9	  0.7419355
6.0	  0.61290324
6.1	  0.46774194
6.2	  0.37096775
6.3	  0.27419356
6.4	  0.22580644
6.5	  0.16129032
6.6	  0.12903225
6.7	  0.09677419
6.8	  0.08064516
6.9	  0.048387095
7.0	  0.048387095
7.1	  0.032258064
7.2	  0.016129032
7.3	  0.016129032
7.4	  0.016129032
7.5	  0.0
7.6	  0.0
7.7	  0.0
7.8	  0.0
7.9	  0.0
8.0	  0.0
8.1	  0.0
8.2	  0.0
8.3	  0.0
8.4	  0.0
8.5	  0.0
8.6	  0.0
8.7	  0.0
8.8	  0.0
8.9	  0.0
9.0	  0.0



DATASET #8

     Name: Std. Dev.
   Points: 41
     Info: 

Data[x,y]:
5.0	  1.1658992
5.1	  0.9343458
5.2	  0.74918956
5.3	  0.6019028
5.4	  0.4845455
5.5	  0.38981727
5.6	  0.31368515
5.7	  0.2524594
5.8	  0.20356849
5.9	  0.16293404
6.0	  0.1346552
6.1	  0.11166257
6.2	  0.09418214
6.3	  0.08035978
6.4	  0.0687508
6.5	  0.058924552
6.6	  0.050372116
6.7	  0.043344017
6.8	  0.03761047
6.9	  0.032661084
7.0	  0.028480422
7.1	  0.024494495
7.2	  0.020879725
7.3	  0.018273495
7.4	  0.015905328
7.5	  0.013318176
7.6	  0.01140757
7.7	  0.009551972
7.8	  0.008066951
7.9	  0.0061381655
8.0	  0.0047091404
8.1	  0.0033286074
8.2	  0.00226998
8.3	  0.0010304073
8.4	  0.0
8.5	  0.0
8.6	  0.0
8.7	  0.0
8.8	  0.0
8.9	  0.0
9.0	  0.0


