
X-Axis: Magnitude
Y-Axis: 1 Day Cumulative Number
Number of Data Sets: 9


DATASET #1

     Name: Mean
   Points: 66
     Info: 

Data[x,y]:
2.5	  0.067949906
2.6	  0.05449907
2.7	  0.038961038
2.8	  0.031076066
2.9	  0.025510205
3.0	  0.020640073
3.1	  0.015769944
3.2	  0.012291281
3.3	  0.0097402595
3.4	  0.008116883
3.5	  0.0064935065
3.6	  0.0051020407
3.7	  0.0037105752
3.8	  0.0027829313
3.9	  0.0023191094
4.0	  0.0020871984
4.1	  0.0018552876
4.2	  0.0016233766
4.3	  9.276438E-4
4.4	  9.276438E-4
4.5	  9.276438E-4
4.6	  9.276438E-4
4.7	  9.276438E-4
4.8	  4.638219E-4
4.9	  4.638219E-4
5.0	  4.638219E-4
5.1	  2.3191095E-4
5.2	  0.0
5.3	  0.0
5.4	  0.0
5.5	  0.0
5.6	  0.0
5.7	  0.0
5.8	  0.0
5.9	  0.0
6.0	  0.0
6.1	  0.0
6.2	  0.0
6.3	  0.0
6.4	  0.0
6.5	  0.0
6.6	  0.0
6.7	  0.0
6.8	  0.0
6.9	  0.0
7.0	  0.0
7.1	  0.0
7.2	  0.0
7.3	  0.0
7.4	  0.0
7.5	  0.0
7.6	  0.0
7.7	  0.0
7.8	  0.0
7.9	  0.0
8.0	  0.0
8.1	  0.0
8.2	  0.0
8.3	  0.0
8.4	  0.0
8.5	  0.0
8.6	  0.0
8.7	  0.0
8.8	  0.0
8.9	  0.0
9.0	  0.0



DATASET #2

     Name: 2.5%,97.5%
   Points: 66
     Info: 

Data[x,y]:
2.5	  0.0
2.6	  0.0
2.7	  0.0
2.8	  0.0
2.9	  0.0
3.0	  0.0
3.1	  0.0
3.2	  0.0
3.3	  0.0
3.4	  0.0
3.5	  0.0
3.6	  0.0
3.7	  0.0
3.8	  0.0
3.9	  0.0
4.0	  0.0
4.1	  0.0
4.2	  0.0
4.3	  0.0
4.4	  0.0
4.5	  0.0
4.6	  0.0
4.7	  0.0
4.8	  0.0
4.9	  0.0
5.0	  0.0
5.1	  0.0
5.2	  0.0
5.3	  0.0
5.4	  0.0
5.5	  0.0
5.6	  0.0
5.7	  0.0
5.8	  0.0
5.9	  0.0
6.0	  0.0
6.1	  0.0
6.2	  0.0
6.3	  0.0
6.4	  0.0
6.5	  0.0
6.6	  0.0
6.7	  0.0
6.8	  0.0
6.9	  0.0
7.0	  0.0
7.1	  0.0
7.2	  0.0
7.3	  0.0
7.4	  0.0
7.5	  0.0
7.6	  0.0
7.7	  0.0
7.8	  0.0
7.9	  0.0
8.0	  0.0
8.1	  0.0
8.2	  0.0
8.3	  0.0
8.4	  0.0
8.5	  0.0
8.6	  0.0
8.7	  0.0
8.8	  0.0
8.9	  0.0
9.0	  0.0



DATASET #3

     Name: null
   Points: 66
     Info: 

Data[x,y]:
2.5	  1.0
2.6	  1.0
2.7	  1.0
2.8	  1.0
2.9	  0.0
3.0	  0.0
3.1	  0.0
3.2	  0.0
3.3	  0.0
3.4	  0.0
3.5	  0.0
3.6	  0.0
3.7	  0.0
3.8	  0.0
3.9	  0.0
4.0	  0.0
4.1	  0.0
4.2	  0.0
4.3	  0.0
4.4	  0.0
4.5	  0.0
4.6	  0.0
4.7	  0.0
4.8	  0.0
4.9	  0.0
5.0	  0.0
5.1	  0.0
5.2	  0.0
5.3	  0.0
5.4	  0.0
5.5	  0.0
5.6	  0.0
5.7	  0.0
5.8	  0.0
5.9	  0.0
6.0	  0.0
6.1	  0.0
6.2	  0.0
6.3	  0.0
6.4	  0.0
6.5	  0.0
6.6	  0.0
6.7	  0.0
6.8	  0.0
6.9	  0.0
7.0	  0.0
7.1	  0.0
7.2	  0.0
7.3	  0.0
7.4	  0.0
7.5	  0.0
7.6	  0.0
7.7	  0.0
7.8	  0.0
7.9	  0.0
8.0	  0.0
8.1	  0.0
8.2	  0.0
8.3	  0.0
8.4	  0.0
8.5	  0.0
8.6	  0.0
8.7	  0.0
8.8	  0.0
8.9	  0.0
9.0	  0.0



DATASET #4

     Name: Median
   Points: 66
     Info: 

Data[x,y]:
2.5	  0.0
2.6	  0.0
2.7	  0.0
2.8	  0.0
2.9	  0.0
3.0	  0.0
3.1	  0.0
3.2	  0.0
3.3	  0.0
3.4	  0.0
3.5	  0.0
3.6	  0.0
3.7	  0.0
3.8	  0.0
3.9	  0.0
4.0	  0.0
4.1	  0.0
4.2	  0.0
4.3	  0.0
4.4	  0.0
4.5	  0.0
4.6	  0.0
4.7	  0.0
4.8	  0.0
4.9	  0.0
5.0	  0.0
5.1	  0.0
5.2	  0.0
5.3	  0.0
5.4	  0.0
5.5	  0.0
5.6	  0.0
5.7	  0.0
5.8	  0.0
5.9	  0.0
6.0	  0.0
6.1	  0.0
6.2	  0.0
6.3	  0.0
6.4	  0.0
6.5	  0.0
6.6	  0.0
6.7	  0.0
6.8	  0.0
6.9	  0.0
7.0	  0.0
7.1	  0.0
7.2	  0.0
7.3	  0.0
7.4	  0.0
7.5	  0.0
7.6	  0.0
7.7	  0.0
7.8	  0.0
7.9	  0.0
8.0	  0.0
8.1	  0.0
8.2	  0.0
8.3	  0.0
8.4	  0.0
8.5	  0.0
8.6	  0.0
8.7	  0.0
8.8	  0.0
8.9	  0.0
9.0	  0.0



DATASET #5

     Name: Mode
   Points: 66
     Info: 

Data[x,y]:
2.5	  0.0
2.6	  0.0
2.7	  0.0
2.8	  0.0
2.9	  0.0
3.0	  0.0
3.1	  0.0
3.2	  0.0
3.3	  0.0
3.4	  0.0
3.5	  0.0
3.6	  0.0
3.7	  0.0
3.8	  0.0
3.9	  0.0
4.0	  0.0
4.1	  0.0
4.2	  0.0
4.3	  0.0
4.4	  0.0
4.5	  0.0
4.6	  0.0
4.7	  0.0
4.8	  0.0
4.9	  0.0
5.0	  0.0
5.1	  0.0
5.2	  0.0
5.3	  0.0
5.4	  0.0
5.5	  0.0
5.6	  0.0
5.7	  0.0
5.8	  0.0
5.9	  0.0
6.0	  0.0
6.1	  0.0
6.2	  0.0
6.3	  0.0
6.4	  0.0
6.5	  0.0
6.6	  0.0
6.7	  0.0
6.8	  0.0
6.9	  0.0
7.0	  0.0
7.1	  0.0
7.2	  0.0
7.3	  0.0
7.4	  0.0
7.5	  0.0
7.6	  0.0
7.7	  0.0
7.8	  0.0
7.9	  0.0
8.0	  0.0
8.1	  0.0
8.2	  0.0
8.3	  0.0
8.4	  0.0
8.5	  0.0
8.6	  0.0
8.7	  0.0
8.8	  0.0
8.9	  0.0
9.0	  0.0



DATASET #6

     Name: 1 d Prob
   Points: 66
     Info: 

Data[x,y]:
2.5	  0.057282005
2.6	  0.045918368
2.7	  0.033627085
2.8	  0.02690167
2.9	  0.022495361
3.0	  0.018089054
3.1	  0.013914657
3.2	  0.011131725
3.3	  0.008812616
3.4	  0.0074211503
3.5	  0.0057977736
3.6	  0.004638219
3.7	  0.0032467532
3.8	  0.0023191094
3.9	  0.0018552876
4.0	  0.0016233766
4.1	  0.0016233766
4.2	  0.0013914657
4.3	  9.276438E-4
4.4	  9.276438E-4
4.5	  9.276438E-4
4.6	  9.276438E-4
4.7	  9.276438E-4
4.8	  4.638219E-4
4.9	  4.638219E-4
5.0	  4.638219E-4
5.1	  2.3191095E-4
5.2	  0.0
5.3	  0.0
5.4	  0.0
5.5	  0.0
5.6	  0.0
5.7	  0.0
5.8	  0.0
5.9	  0.0
6.0	  0.0
6.1	  0.0
6.2	  0.0
6.3	  0.0
6.4	  0.0
6.5	  0.0
6.6	  0.0
6.7	  0.0
6.8	  0.0
6.9	  0.0
7.0	  0.0
7.1	  0.0
7.2	  0.0
7.3	  0.0
7.4	  0.0
7.5	  0.0
7.6	  0.0
7.7	  0.0
7.8	  0.0
7.9	  0.0
8.0	  0.0
8.1	  0.0
8.2	  0.0
8.3	  0.0
8.4	  0.0
8.5	  0.0
8.6	  0.0
8.7	  0.0
8.8	  0.0
8.9	  0.0
9.0	  0.0



DATASET #7

Name: 95% Conf
Num Points: 66
Info: 

X, Y Data:
2.5	0.057282005	[0.050622575	0.06474272]
2.6	0.045918368	[0.039956454	0.052703615]
2.7	0.033627085	[0.028541045	0.039561212]
2.8	0.02690167	[0.022371521	0.03229418]
2.9	0.022495361	[0.018371124	0.027491827]
3.0	0.018089054	[0.014415342	0.022645531]
3.1	0.013914657	[0.010724304	0.017998824]
3.2	0.011131725	[0.008306703	0.014858951]
3.3	0.008812616	[0.0063295234	0.012206029]
3.4	0.0074211503	[0.0051655145	0.010592798]
3.5	0.0057977736	[0.0038365743	0.008682943]
3.6	0.004638219	[0.0029135046	0.0072940425]
3.7	0.0032467532	[0.0018486409	0.0055876244]
3.8	0.0023191094	[0.0011789142	0.0044136522]
3.9	0.0018552876	[8.629118E-4	0.0038101445]
4.0	0.0016233766	[7.1152404E-4	0.0035027722]
4.1	0.0016233766	[7.1152404E-4	0.0035027722]
4.2	0.0013914657	[5.657556E-4	0.0031907507]
4.3	9.276438E-4	[2.9719935E-4	0.0025484855]
4.4	9.276438E-4	[2.9719935E-4	0.0025484855]
4.5	9.276438E-4	[2.9719935E-4	0.0025484855]
4.6	9.276438E-4	[2.9719935E-4	0.0025484855]
4.7	9.276438E-4	[2.9719935E-4	0.0025484855]
4.8	4.638219E-4	[8.034035E-5	0.001868942]
4.9	4.638219E-4	[8.034035E-5	0.001868942]
5.0	4.638219E-4	[8.034035E-5	0.001868942]
5.1	2.3191095E-4	[1.2105544E-5	0.0015048893]
5.2	0.0	[0.0	0.0011097151]
5.3	0.0	[0.0	0.0011097151]
5.4	0.0	[0.0	0.0011097151]
5.5	0.0	[0.0	0.0011097151]
5.6	0.0	[0.0	0.0011097151]
5.7	0.0	[0.0	0.0011097151]
5.8	0.0	[0.0	0.0011097151]
5.9	0.0	[0.0	0.0011097151]
6.0	0.0	[0.0	0.0011097151]
6.1	0.0	[0.0	0.0011097151]
6.2	0.0	[0.0	0.0011097151]
6.3	0.0	[0.0	0.0011097151]
6.4	0.0	[0.0	0.0011097151]
6.5	0.0	[0.0	0.0011097151]
6.6	0.0	[0.0	0.0011097151]
6.7	0.0	[0.0	0.0011097151]
6.8	0.0	[0.0	0.0011097151]
6.9	0.0	[0.0	0.0011097151]
7.0	0.0	[0.0	0.0011097151]
7.1	0.0	[0.0	0.0011097151]
7.2	0.0	[0.0	0.0011097151]
7.3	0.0	[0.0	0.0011097151]
7.4	0.0	[0.0	0.0011097151]
7.5	0.0	[0.0	0.0011097151]
7.6	0.0	[0.0	0.0011097151]
7.7	0.0	[0.0	0.0011097151]
7.8	0.0	[0.0	0.0011097151]
7.9	0.0	[0.0	0.0011097151]
8.0	0.0	[0.0	0.0011097151]
8.1	0.0	[0.0	0.0011097151]
8.2	0.0	[0.0	0.0011097151]
8.3	0.0	[0.0	0.0011097151]
8.4	0.0	[0.0	0.0]
8.5	0.0	[0.0	0.0]
8.6	0.0	[0.0	0.0]
8.7	0.0	[0.0	0.0]
8.8	0.0	[0.0	0.0]
8.9	0.0	[0.0	0.0]
9.0	0.0	[0.0	0.0]



DATASET #8

     Name: Supra
   Points: 66
     Info: 

Data[x,y]:
2.5	  0.0
2.6	  0.0
2.7	  0.0
2.8	  0.0
2.9	  0.0
3.0	  0.0
3.1	  0.0
3.2	  0.0
3.3	  0.0
3.4	  0.0
3.5	  0.0
3.6	  0.0
3.7	  0.0
3.8	  0.0
3.9	  0.0
4.0	  0.0
4.1	  0.0
4.2	  0.0
4.3	  0.0
4.4	  0.0
4.5	  0.0
4.6	  0.0
4.7	  0.0
4.8	  0.0
4.9	  0.0
5.0	  0.0
5.1	  0.0
5.2	  0.0
5.3	  0.0
5.4	  0.0
5.5	  0.0
5.6	  0.0
5.7	  0.0
5.8	  0.0
5.9	  0.0
6.0	  0.0
6.1	  0.0
6.2	  0.0
6.3	  0.0
6.4	  0.0
6.5	  0.0
6.6	  0.0
6.7	  0.0
6.8	  0.0
6.9	  0.0
7.0	  0.0
7.1	  0.0
7.2	  0.0
7.3	  0.0
7.4	  0.0
7.5	  0.0
7.6	  0.0
7.7	  0.0
7.8	  0.0
7.9	  0.0
8.0	  0.0
8.1	  0.0
8.2	  0.0
8.3	  0.0
8.4	  0.0
8.5	  0.0
8.6	  0.0
8.7	  0.0
8.8	  0.0
8.9	  0.0
9.0	  0.0



DATASET #9

     Name: Primary
   Points: 66
     Info: 

Data[x,y]:
2.5	  0.057977736
2.6	  0.045918368
2.7	  0.033395175
2.8	  0.02666976
2.9	  0.02226345
3.0	  0.017625231
3.1	  0.013682745
3.2	  0.010899815
3.3	  0.008812616
3.4	  0.0074211503
3.5	  0.0057977736
3.6	  0.004638219
3.7	  0.0032467532
3.8	  0.0023191094
3.9	  0.0018552876
4.0	  0.0016233766
4.1	  0.0016233766
4.2	  0.0013914657
4.3	  9.276438E-4
4.4	  9.276438E-4
4.5	  9.276438E-4
4.6	  9.276438E-4
4.7	  9.276438E-4
4.8	  4.638219E-4
4.9	  4.638219E-4
5.0	  4.638219E-4
5.1	  2.3191095E-4
5.2	  0.0
5.3	  0.0
5.4	  0.0
5.5	  0.0
5.6	  0.0
5.7	  0.0
5.8	  0.0
5.9	  0.0
6.0	  0.0
6.1	  0.0
6.2	  0.0
6.3	  0.0
6.4	  0.0
6.5	  0.0
6.6	  0.0
6.7	  0.0
6.8	  0.0
6.9	  0.0
7.0	  0.0
7.1	  0.0
7.2	  0.0
7.3	  0.0
7.4	  0.0
7.5	  0.0
7.6	  0.0
7.7	  0.0
7.8	  0.0
7.9	  0.0
8.0	  0.0
8.1	  0.0
8.2	  0.0
8.3	  0.0
8.4	  0.0
8.5	  0.0
8.6	  0.0
8.7	  0.0
8.8	  0.0
8.9	  0.0
9.0	  0.0


