
X-Axis: Magnitude
Y-Axis: 1 Month Cumulative Number
Number of Data Sets: 9


DATASET #1

     Name: Mean
   Points: 66
     Info: 

Data[x,y]:
2.5	  0.56987923
2.6	  0.4531012
2.7	  0.3608864
2.8	  0.28725526
2.9	  0.22669715
3.0	  0.17839137
3.1	  0.14222066
3.2	  0.11402275
3.3	  0.08992848
3.4	  0.07269316
3.5	  0.058682144
3.6	  0.046722945
3.7	  0.037870795
3.8	  0.030542854
3.9	  0.024387384
4.0	  0.01899402
4.1	  0.015242116
4.2	  0.012369563
4.3	  0.009672881
4.4	  0.007972798
4.5	  0.0065658344
4.6	  0.0054519875
4.7	  0.0044553876
4.8	  0.003048423
4.9	  0.0022276938
5.0	  0.0016414586
5.1	  0.0012310939
5.2	  9.379763E-4
5.3	  7.6210574E-4
5.4	  5.862352E-4
5.5	  4.6898815E-4
5.6	  2.931176E-4
5.7	  2.931176E-4
5.8	  2.3449407E-4
5.9	  2.3449407E-4
6.0	  1.1724704E-4
6.1	  1.1724704E-4
6.2	  1.1724704E-4
6.3	  1.1724704E-4
6.4	  5.862352E-5
6.5	  5.862352E-5
6.6	  5.862352E-5
6.7	  0.0
6.8	  0.0
6.9	  0.0
7.0	  0.0
7.1	  0.0
7.2	  0.0
7.3	  0.0
7.4	  0.0
7.5	  0.0
7.6	  0.0
7.7	  0.0
7.8	  0.0
7.9	  0.0
8.0	  0.0
8.1	  0.0
8.2	  0.0
8.3	  0.0
8.4	  0.0
8.5	  0.0
8.6	  0.0
8.7	  0.0
8.8	  0.0
8.9	  0.0
9.0	  0.0



DATASET #2

     Name: 2.5%,97.5%
   Points: 66
     Info: 

Data[x,y]:
2.5	  0.0
2.6	  0.0
2.7	  0.0
2.8	  0.0
2.9	  0.0
3.0	  0.0
3.1	  0.0
3.2	  0.0
3.3	  0.0
3.4	  0.0
3.5	  0.0
3.6	  0.0
3.7	  0.0
3.8	  0.0
3.9	  0.0
4.0	  0.0
4.1	  0.0
4.2	  0.0
4.3	  0.0
4.4	  0.0
4.5	  0.0
4.6	  0.0
4.7	  0.0
4.8	  0.0
4.9	  0.0
5.0	  0.0
5.1	  0.0
5.2	  0.0
5.3	  0.0
5.4	  0.0
5.5	  0.0
5.6	  0.0
5.7	  0.0
5.8	  0.0
5.9	  0.0
6.0	  0.0
6.1	  0.0
6.2	  0.0
6.3	  0.0
6.4	  0.0
6.5	  0.0
6.6	  0.0
6.7	  0.0
6.8	  0.0
6.9	  0.0
7.0	  0.0
7.1	  0.0
7.2	  0.0
7.3	  0.0
7.4	  0.0
7.5	  0.0
7.6	  0.0
7.7	  0.0
7.8	  0.0
7.9	  0.0
8.0	  0.0
8.1	  0.0
8.2	  0.0
8.3	  0.0
8.4	  0.0
8.5	  0.0
8.6	  0.0
8.7	  0.0
8.8	  0.0
8.9	  0.0
9.0	  0.0



DATASET #3

     Name: null
   Points: 66
     Info: 

Data[x,y]:
2.5	  3.0
2.6	  2.0
2.7	  2.0
2.8	  2.0
2.9	  2.0
3.0	  1.0
3.1	  1.0
3.2	  1.0
3.3	  1.0
3.4	  1.0
3.5	  1.0
3.6	  1.0
3.7	  1.0
3.8	  0.0
3.9	  0.0
4.0	  0.0
4.1	  0.0
4.2	  0.0
4.3	  0.0
4.4	  0.0
4.5	  0.0
4.6	  0.0
4.7	  0.0
4.8	  0.0
4.9	  0.0
5.0	  0.0
5.1	  0.0
5.2	  0.0
5.3	  0.0
5.4	  0.0
5.5	  0.0
5.6	  0.0
5.7	  0.0
5.8	  0.0
5.9	  0.0
6.0	  0.0
6.1	  0.0
6.2	  0.0
6.3	  0.0
6.4	  0.0
6.5	  0.0
6.6	  0.0
6.7	  0.0
6.8	  0.0
6.9	  0.0
7.0	  0.0
7.1	  0.0
7.2	  0.0
7.3	  0.0
7.4	  0.0
7.5	  0.0
7.6	  0.0
7.7	  0.0
7.8	  0.0
7.9	  0.0
8.0	  0.0
8.1	  0.0
8.2	  0.0
8.3	  0.0
8.4	  0.0
8.5	  0.0
8.6	  0.0
8.7	  0.0
8.8	  0.0
8.9	  0.0
9.0	  0.0



DATASET #4

     Name: Median
   Points: 66
     Info: 

Data[x,y]:
2.5	  0.0
2.6	  0.0
2.7	  0.0
2.8	  0.0
2.9	  0.0
3.0	  0.0
3.1	  0.0
3.2	  0.0
3.3	  0.0
3.4	  0.0
3.5	  0.0
3.6	  0.0
3.7	  0.0
3.8	  0.0
3.9	  0.0
4.0	  0.0
4.1	  0.0
4.2	  0.0
4.3	  0.0
4.4	  0.0
4.5	  0.0
4.6	  0.0
4.7	  0.0
4.8	  0.0
4.9	  0.0
5.0	  0.0
5.1	  0.0
5.2	  0.0
5.3	  0.0
5.4	  0.0
5.5	  0.0
5.6	  0.0
5.7	  0.0
5.8	  0.0
5.9	  0.0
6.0	  0.0
6.1	  0.0
6.2	  0.0
6.3	  0.0
6.4	  0.0
6.5	  0.0
6.6	  0.0
6.7	  0.0
6.8	  0.0
6.9	  0.0
7.0	  0.0
7.1	  0.0
7.2	  0.0
7.3	  0.0
7.4	  0.0
7.5	  0.0
7.6	  0.0
7.7	  0.0
7.8	  0.0
7.9	  0.0
8.0	  0.0
8.1	  0.0
8.2	  0.0
8.3	  0.0
8.4	  0.0
8.5	  0.0
8.6	  0.0
8.7	  0.0
8.8	  0.0
8.9	  0.0
9.0	  0.0



DATASET #5

     Name: Mode
   Points: 66
     Info: 

Data[x,y]:
2.5	  0.0
2.6	  0.0
2.7	  0.0
2.8	  0.0
2.9	  0.0
3.0	  0.0
3.1	  0.0
3.2	  0.0
3.3	  0.0
3.4	  0.0
3.5	  0.0
3.6	  0.0
3.7	  0.0
3.8	  0.0
3.9	  0.0
4.0	  0.0
4.1	  0.0
4.2	  0.0
4.3	  0.0
4.4	  0.0
4.5	  0.0
4.6	  0.0
4.7	  0.0
4.8	  0.0
4.9	  0.0
5.0	  0.0
5.1	  0.0
5.2	  0.0
5.3	  0.0
5.4	  0.0
5.5	  0.0
5.6	  0.0
5.7	  0.0
5.8	  0.0
5.9	  0.0
6.0	  0.0
6.1	  0.0
6.2	  0.0
6.3	  0.0
6.4	  0.0
6.5	  0.0
6.6	  0.0
6.7	  0.0
6.8	  0.0
6.9	  0.0
7.0	  0.0
7.1	  0.0
7.2	  0.0
7.3	  0.0
7.4	  0.0
7.5	  0.0
7.6	  0.0
7.7	  0.0
7.8	  0.0
7.9	  0.0
8.0	  0.0
8.1	  0.0
8.2	  0.0
8.3	  0.0
8.4	  0.0
8.5	  0.0
8.6	  0.0
8.7	  0.0
8.8	  0.0
8.9	  0.0
9.0	  0.0



DATASET #6

     Name: 1 mo Prob
   Points: 66
     Info: 

Data[x,y]:
2.5	  0.29452455
2.6	  0.24328761
2.7	  0.2006683
2.8	  0.1642631
2.9	  0.13295814
3.0	  0.10757416
3.1	  0.087993905
3.2	  0.07204831
3.3	  0.057744168
3.4	  0.047778167
3.5	  0.039395005
3.6	  0.032067064
3.7	  0.025970219
3.8	  0.021456208
3.9	  0.017176691
4.0	  0.01348341
4.1	  0.010786728
4.2	  0.008734904
4.3	  0.006976199
4.4	  0.0056864815
4.5	  0.004748505
4.6	  0.003986399
4.7	  0.0032829172
4.8	  0.0022276938
4.9	  0.0015242115
5.0	  0.0012897174
5.1	  9.379763E-4
5.2	  7.6210574E-4
5.3	  6.448587E-4
5.4	  4.6898815E-4
5.5	  3.5174112E-4
5.6	  2.3449407E-4
5.7	  2.3449407E-4
5.8	  1.7587056E-4
5.9	  1.7587056E-4
6.0	  1.1724704E-4
6.1	  1.1724704E-4
6.2	  1.1724704E-4
6.3	  1.1724704E-4
6.4	  5.862352E-5
6.5	  5.862352E-5
6.6	  5.862352E-5
6.7	  0.0
6.8	  0.0
6.9	  0.0
7.0	  0.0
7.1	  0.0
7.2	  0.0
7.3	  0.0
7.4	  0.0
7.5	  0.0
7.6	  0.0
7.7	  0.0
7.8	  0.0
7.9	  0.0
8.0	  0.0
8.1	  0.0
8.2	  0.0
8.3	  0.0
8.4	  0.0
8.5	  0.0
8.6	  0.0
8.7	  0.0
8.8	  0.0
8.9	  0.0
9.0	  0.0



DATASET #7

Name: 95% Conf
Num Points: 66
Info: 

X, Y Data:
2.5	0.29452455	[0.28770176	0.3014403]
2.6	0.24328761	[0.23687784	0.2498135]
2.7	0.2006683	[0.19469674	0.20677532]
2.8	0.1642631	[0.15874963	0.16992857]
2.9	0.13295814	[0.12791656	0.13816597]
3.0	0.10757416	[0.102983676	0.11234247]
3.1	0.087993905	[0.08380622	0.0923684]
3.2	0.07204831	[0.06823502	0.076055765]
3.3	0.057744168	[0.054313745	0.06137541]
3.4	0.047778167	[0.04464943	0.051112413]
3.5	0.039395005	[0.036549594	0.042449914]
3.6	0.032067064	[0.02949859	0.034848593]
3.7	0.025970219	[0.02366004	0.028496481]
3.8	0.021456208	[0.019359183	0.02377163]
3.9	0.017176691	[0.015305079	0.01926899]
4.0	0.01348341	[0.011831442	0.015358165]
4.1	0.010786728	[0.0093157375	0.012482172]
4.2	0.008734904	[0.0074178902	0.010277771]
4.3	0.006976199	[0.0058066617	0.008372941]
4.4	0.0056864815	[0.004637574	0.006963739]
4.5	0.004748505	[0.0037963097	0.0059300186]
4.6	0.003986399	[0.0031201362	0.0050828997]
4.7	0.0032829172	[0.0025036514	0.004293435]
4.8	0.0022276938	[0.0015988081	0.003089905]
4.9	0.0015242115	[0.0010166481	0.002267283]
5.0	0.0012897174	[8.2860305E-4	0.0019873725]
5.1	9.379763E-4	[5.5516895E-4	0.0015594473]
5.2	7.6210574E-4	[4.2388844E-4	0.0013404945]
5.3	6.448587E-4	[3.392038E-4	0.0011919761]
5.4	4.6898815E-4	[2.1808343E-4	9.640209E-4]
5.5	3.5174112E-4	[1.4299099E-4	8.0726354E-4]
5.6	2.3449407E-4	[7.511968E-5	6.4473297E-4]
5.7	2.3449407E-4	[7.511968E-5	6.4473297E-4]
5.8	1.7587056E-4	[4.542133E-5	5.6030997E-4]
5.9	1.7587056E-4	[4.542133E-5	5.6030997E-4]
6.0	1.1724704E-4	[2.0308044E-5	4.7278768E-4]
6.1	1.1724704E-4	[2.0308044E-5	4.7278768E-4]
6.2	1.1724704E-4	[2.0308044E-5	4.7278768E-4]
6.3	1.1724704E-4	[2.0308044E-5	4.7278768E-4]
6.4	5.862352E-5	[3.0600727E-6	3.806803E-4]
6.5	5.862352E-5	[3.0600727E-6	3.806803E-4]
6.6	5.862352E-5	[3.0600727E-6	3.806803E-4]
6.7	0.0	[0.0	2.8070767E-4]
6.8	0.0	[0.0	2.8070767E-4]
6.9	0.0	[0.0	2.8070767E-4]
7.0	0.0	[0.0	2.8070767E-4]
7.1	0.0	[0.0	2.8070767E-4]
7.2	0.0	[0.0	2.8070767E-4]
7.3	0.0	[0.0	2.8070767E-4]
7.4	0.0	[0.0	2.8070767E-4]
7.5	0.0	[0.0	2.8070767E-4]
7.6	0.0	[0.0	2.8070767E-4]
7.7	0.0	[0.0	2.8070767E-4]
7.8	0.0	[0.0	2.8070767E-4]
7.9	0.0	[0.0	2.8070767E-4]
8.0	0.0	[0.0	2.8070767E-4]
8.1	0.0	[0.0	2.8070767E-4]
8.2	0.0	[0.0	2.8070767E-4]
8.3	0.0	[0.0	2.8070767E-4]
8.4	0.0	[0.0	0.0]
8.5	0.0	[0.0	0.0]
8.6	0.0	[0.0	0.0]
8.7	0.0	[0.0	0.0]
8.8	0.0	[0.0	0.0]
8.9	0.0	[0.0	0.0]
9.0	0.0	[0.0	0.0]



DATASET #8

     Name: Supra
   Points: 66
     Info: 

Data[x,y]:
2.5	  0.0
2.6	  0.0
2.7	  0.0
2.8	  0.0
2.9	  0.0
3.0	  0.0
3.1	  0.0
3.2	  0.0
3.3	  0.0
3.4	  0.0
3.5	  0.0
3.6	  0.0
3.7	  0.0
3.8	  0.0
3.9	  0.0
4.0	  0.0
4.1	  0.0
4.2	  0.0
4.3	  0.0
4.4	  0.0
4.5	  0.0
4.6	  0.0
4.7	  0.0
4.8	  0.0
4.9	  0.0
5.0	  0.0
5.1	  0.0
5.2	  0.0
5.3	  0.0
5.4	  0.0
5.5	  0.0
5.6	  0.0
5.7	  0.0
5.8	  0.0
5.9	  0.0
6.0	  0.0
6.1	  0.0
6.2	  0.0
6.3	  0.0
6.4	  0.0
6.5	  0.0
6.6	  0.0
6.7	  0.0
6.8	  0.0
6.9	  0.0
7.0	  0.0
7.1	  0.0
7.2	  0.0
7.3	  0.0
7.4	  0.0
7.5	  0.0
7.6	  0.0
7.7	  0.0
7.8	  0.0
7.9	  0.0
8.0	  0.0
8.1	  0.0
8.2	  0.0
8.3	  0.0
8.4	  0.0
8.5	  0.0
8.6	  0.0
8.7	  0.0
8.8	  0.0
8.9	  0.0
9.0	  0.0



DATASET #9

     Name: Primary
   Points: 66
     Info: 

Data[x,y]:
2.5	  0.34986517
2.6	  0.2769375
2.7	  0.2206003
2.8	  0.17504983
2.9	  0.138586
3.0	  0.1099191
3.1	  0.08793528
3.2	  0.0702896
3.3	  0.055340603
3.4	  0.044905618
3.5	  0.03693282
3.6	  0.029604878
3.7	  0.023859773
3.8	  0.019404385
3.9	  0.015886974
4.0	  0.012310939
4.1	  0.009907375
4.2	  0.007972798
4.3	  0.00633134
4.4	  0.004982999
4.5	  0.0042208936
4.6	  0.0035174112
4.7	  0.002813929
4.8	  0.0018759526
4.9	  0.0012897174
5.0	  9.379763E-4
5.1	  6.448587E-4
5.2	  5.276117E-4
5.3	  5.276117E-4
5.4	  4.1036465E-4
5.5	  2.931176E-4
5.6	  2.3449407E-4
5.7	  2.3449407E-4
5.8	  1.7587056E-4
5.9	  1.7587056E-4
6.0	  5.862352E-5
6.1	  5.862352E-5
6.2	  5.862352E-5
6.3	  5.862352E-5
6.4	  0.0
6.5	  0.0
6.6	  0.0
6.7	  0.0
6.8	  0.0
6.9	  0.0
7.0	  0.0
7.1	  0.0
7.2	  0.0
7.3	  0.0
7.4	  0.0
7.5	  0.0
7.6	  0.0
7.7	  0.0
7.8	  0.0
7.9	  0.0
8.0	  0.0
8.1	  0.0
8.2	  0.0
8.3	  0.0
8.4	  0.0
8.5	  0.0
8.6	  0.0
8.7	  0.0
8.8	  0.0
8.9	  0.0
9.0	  0.0


