
X-Axis: Magnitude
Y-Axis: 1 Year Cumulative Number
Number of Data Sets: 9


DATASET #1

     Name: Mean
   Points: 66
     Info: 

Data[x,y]:
2.5	  4144.1343
2.6	  3291.6614
2.7	  2614.543
2.8	  2076.788
2.9	  1649.573
3.0	  1310.2668
3.1	  1040.7986
3.2	  826.6728
3.3	  656.5494
3.4	  521.4935
3.5	  414.17703
3.6	  328.90833
3.7	  261.15714
3.8	  207.31905
3.9	  164.5861
4.0	  130.65636
4.1	  103.71401
4.2	  82.29814
4.3	  65.29991
4.4	  51.79166
4.5	  41.07472
4.6	  32.54988
4.7	  25.78309
4.8	  20.41092
4.9	  16.14432
5.0	  12.74598
5.1	  10.05233
5.2	  7.90232
5.3	  6.20261
5.4	  4.85444
5.5	  3.78161
5.6	  2.92927
5.7	  2.25257
5.8	  1.71483
5.9	  1.29133
6.0	  0.98974
6.1	  0.72018
6.2	  0.47551
6.3	  0.35529
6.4	  0.26895
6.5	  0.20656
6.6	  0.16751
6.7	  0.13566
6.8	  0.10867
6.9	  0.08392
7.0	  0.06474
7.1	  0.05333
7.2	  0.04
7.3	  0.02774
7.4	  0.02438
7.5	  0.01882
7.6	  0.00979
7.7	  0.00313
7.8	  0.00178
7.9	  8.9E-4
8.0	  3.7E-4
8.1	  6.0E-5
8.2	  1.0E-5
8.3	  0.0
8.4	  0.0
8.5	  0.0
8.6	  0.0
8.7	  0.0
8.8	  0.0
8.9	  0.0
9.0	  0.0



DATASET #2

     Name: 2.5%,97.5%
   Points: 66
     Info: 

Data[x,y]:
2.5	  2953.0
2.6	  2341.0
2.7	  1855.0
2.8	  1468.0
2.9	  1162.0
3.0	  919.0
3.1	  726.0
3.2	  573.0
3.3	  451.0
3.4	  355.0
3.5	  279.0
3.6	  218.0
3.7	  171.0
3.8	  133.0
3.9	  103.0
4.0	  80.0
4.1	  62.0
4.2	  47.0
4.3	  36.0
4.4	  27.0
4.5	  21.0
4.6	  15.0
4.7	  11.0
4.8	  8.0
4.9	  6.0
5.0	  4.0
5.1	  3.0
5.2	  2.0
5.3	  1.0
5.4	  0.0
5.5	  0.0
5.6	  0.0
5.7	  0.0
5.8	  0.0
5.9	  0.0
6.0	  0.0
6.1	  0.0
6.2	  0.0
6.3	  0.0
6.4	  0.0
6.5	  0.0
6.6	  0.0
6.7	  0.0
6.8	  0.0
6.9	  0.0
7.0	  0.0
7.1	  0.0
7.2	  0.0
7.3	  0.0
7.4	  0.0
7.5	  0.0
7.6	  0.0
7.7	  0.0
7.8	  0.0
7.9	  0.0
8.0	  0.0
8.1	  0.0
8.2	  0.0
8.3	  0.0
8.4	  0.0
8.5	  0.0
8.6	  0.0
8.7	  0.0
8.8	  0.0
8.9	  0.0
9.0	  0.0



DATASET #3

     Name: null
   Points: 66
     Info: 

Data[x,y]:
2.5	  10340.0
2.6	  8219.0
2.7	  6523.0
2.8	  5186.0
2.9	  4118.0
3.0	  3278.0
3.1	  2606.0
3.2	  2067.0
3.3	  1644.0
3.4	  1305.0
3.5	  1038.0
3.6	  824.0
3.7	  657.0
3.8	  521.0
3.9	  414.0
4.0	  328.0
4.1	  261.0
4.2	  208.0
4.3	  165.0
4.4	  131.0
4.5	  105.0
4.6	  83.0
4.7	  66.0
4.8	  53.0
4.9	  42.0
5.0	  34.0
5.1	  27.0
5.2	  22.0
5.3	  18.0
5.4	  14.0
5.5	  12.0
5.6	  9.0
5.7	  8.0
5.8	  6.0
5.9	  5.0
6.0	  4.0
6.1	  3.0
6.2	  3.0
6.3	  2.0
6.4	  2.0
6.5	  2.0
6.6	  1.0
6.7	  1.0
6.8	  1.0
6.9	  1.0
7.0	  1.0
7.1	  1.0
7.2	  1.0
7.3	  1.0
7.4	  0.0
7.5	  0.0
7.6	  0.0
7.7	  0.0
7.8	  0.0
7.9	  0.0
8.0	  0.0
8.1	  0.0
8.2	  0.0
8.3	  0.0
8.4	  0.0
8.5	  0.0
8.6	  0.0
8.7	  0.0
8.8	  0.0
8.9	  0.0
9.0	  0.0



DATASET #4

     Name: Median
   Points: 66
     Info: 

Data[x,y]:
2.5	  3582.0
2.6	  2846.0
2.7	  2261.0
2.8	  1796.0
2.9	  1427.0
3.0	  1135.0
3.1	  902.0
3.2	  717.0
3.3	  570.0
3.4	  453.0
3.5	  360.0
3.6	  286.0
3.7	  228.0
3.8	  181.0
3.9	  144.0
4.0	  115.0
4.1	  91.0
4.2	  72.0
4.3	  57.0
4.4	  46.0
4.5	  36.0
4.6	  29.0
4.7	  23.0
4.8	  18.0
4.9	  14.0
5.0	  11.0
5.1	  9.0
5.2	  7.0
5.3	  5.0
5.4	  4.0
5.5	  3.0
5.6	  2.0
5.7	  2.0
5.8	  1.0
5.9	  1.0
6.0	  1.0
6.1	  0.0
6.2	  0.0
6.3	  0.0
6.4	  0.0
6.5	  0.0
6.6	  0.0
6.7	  0.0
6.8	  0.0
6.9	  0.0
7.0	  0.0
7.1	  0.0
7.2	  0.0
7.3	  0.0
7.4	  0.0
7.5	  0.0
7.6	  0.0
7.7	  0.0
7.8	  0.0
7.9	  0.0
8.0	  0.0
8.1	  0.0
8.2	  0.0
8.3	  0.0
8.4	  0.0
8.5	  0.0
8.6	  0.0
8.7	  0.0
8.8	  0.0
8.9	  0.0
9.0	  0.0



DATASET #5

     Name: Mode
   Points: 66
     Info: 

Data[x,y]:
2.5	  3238.0
2.6	  2618.0
2.7	  2060.0
2.8	  1682.0
2.9	  1303.0
3.0	  1056.0
3.1	  843.0
3.2	  665.0
3.3	  537.0
3.4	  415.0
3.5	  340.0
3.6	  263.0
3.7	  209.0
3.8	  169.0
3.9	  131.0
4.0	  107.0
4.1	  80.0
4.2	  64.0
4.3	  54.0
4.4	  43.0
4.5	  33.0
4.6	  27.0
4.7	  19.0
4.8	  16.0
4.9	  12.0
5.0	  10.0
5.1	  8.0
5.2	  6.0
5.3	  4.0
5.4	  3.0
5.5	  2.0
5.6	  2.0
5.7	  1.0
5.8	  1.0
5.9	  0.0
6.0	  0.0
6.1	  0.0
6.2	  0.0
6.3	  0.0
6.4	  0.0
6.5	  0.0
6.6	  0.0
6.7	  0.0
6.8	  0.0
6.9	  0.0
7.0	  0.0
7.1	  0.0
7.2	  0.0
7.3	  0.0
7.4	  0.0
7.5	  0.0
7.6	  0.0
7.7	  0.0
7.8	  0.0
7.9	  0.0
8.0	  0.0
8.1	  0.0
8.2	  0.0
8.3	  0.0
8.4	  0.0
8.5	  0.0
8.6	  0.0
8.7	  0.0
8.8	  0.0
8.9	  0.0
9.0	  0.0



DATASET #6

     Name: 1 yr Prob
   Points: 66
     Info: 

Data[x,y]:
2.5	  1.0
2.6	  1.0
2.7	  1.0
2.8	  1.0
2.9	  1.0
3.0	  1.0
3.1	  1.0
3.2	  1.0
3.3	  1.0
3.4	  1.0
3.5	  1.0
3.6	  1.0
3.7	  1.0
3.8	  1.0
3.9	  1.0
4.0	  1.0
4.1	  1.0
4.2	  1.0
4.3	  1.0
4.4	  1.0
4.5	  1.0
4.6	  1.0
4.7	  1.0
4.8	  1.0
4.9	  0.99995
5.0	  0.99978
5.1	  0.99899
5.2	  0.9961
5.3	  0.98815
5.4	  0.97112
5.5	  0.93986
5.6	  0.89021
5.7	  0.82328
5.8	  0.7398
5.9	  0.646
6.0	  0.55289
6.1	  0.45162
6.2	  0.33502
6.3	  0.26653
6.4	  0.20752
6.5	  0.16495
6.6	  0.14085
6.7	  0.11628
6.8	  0.09666
6.9	  0.07717
7.0	  0.06091
7.1	  0.05097
7.2	  0.03858
7.3	  0.0269
7.4	  0.02374
7.5	  0.01845
7.6	  0.00965
7.7	  0.0031
7.8	  0.00178
7.9	  8.9E-4
8.0	  3.7E-4
8.1	  6.0E-5
8.2	  1.0E-5
8.3	  0.0
8.4	  0.0
8.5	  0.0
8.6	  0.0
8.7	  0.0
8.8	  0.0
8.9	  0.0
9.0	  0.0



DATASET #7

Name: 95% Conf
Num Points: 66
Info: 

X, Y Data:
2.5	1.0	[1.0	1.0]
2.6	1.0	[1.0	1.0]
2.7	1.0	[1.0	1.0]
2.8	1.0	[1.0	1.0]
2.9	1.0	[1.0	1.0]
3.0	1.0	[1.0	1.0]
3.1	1.0	[1.0	1.0]
3.2	1.0	[1.0	1.0]
3.3	1.0	[1.0	1.0]
3.4	1.0	[1.0	1.0]
3.5	1.0	[1.0	1.0]
3.6	1.0	[1.0	1.0]
3.7	1.0	[1.0	1.0]
3.8	1.0	[1.0	1.0]
3.9	1.0	[1.0	1.0]
4.0	1.0	[1.0	1.0]
4.1	1.0	[1.0	1.0]
4.2	1.0	[1.0	1.0]
4.3	1.0	[1.0	1.0]
4.4	1.0	[1.0	1.0]
4.5	1.0	[1.0	1.0]
4.6	1.0	[1.0	1.0]
4.7	1.0	[1.0	1.0]
4.8	1.0	[1.0	1.0]
4.9	0.99995	[0.99987596	0.9999816]
5.0	0.99978	[0.9996609	0.9998587]
5.1	0.99899	[0.99876755	0.99917316]
5.2	0.9961	[0.9956889	0.9964725]
5.3	0.98815	[0.9874552	0.9888071]
5.4	0.97112	[0.9700587	0.97214496]
5.5	0.93986	[0.9383644	0.9413217]
5.6	0.89021	[0.88825226	0.8921377]
5.7	0.82328	[0.8208984	0.8256367]
5.8	0.7398	[0.73706645	0.7425151]
5.9	0.646	[0.64302546	0.6489633]
6.0	0.55289	[0.54980135	0.55597454]
6.1	0.45162	[0.44853243	0.4547113]
6.2	0.33502	[0.33209592	0.33795676]
6.3	0.26653	[0.2637936	0.2692844]
6.4	0.20752	[0.20501277	0.21004975]
6.5	0.16495	[0.16265759	0.16726822]
6.6	0.14085	[0.13870272	0.14302494]
6.7	0.11628	[0.11430291	0.11828665]
6.8	0.09666	[0.094839014	0.09851206]
6.9	0.07717	[0.07552722	0.07884536]
7.0	0.06091	[0.059439495	0.06241435]
7.1	0.05097	[0.04961905	0.052355576]
7.2	0.03858	[0.037398994	0.039796606]
7.3	0.0269	[0.025910327	0.027926201]
7.4	0.02374	[0.022809653	0.024707133]
7.5	0.01845	[0.017629335	0.019307883]
7.6	0.00965	[0.009057793	0.010280191]
7.7	0.0031	[0.002769285	0.0034694443]
7.8	0.00178	[0.0015325458	0.0020664625]
7.9	8.9E-4	[7.188779E-4	0.0011005001]
8.0	3.7E-4	[2.6425757E-4	5.157182E-4]
8.1	6.0E-5	[2.4390289E-5	1.377361E-4]
8.2	1.0E-5	[5.219861E-7	6.4949265E-5]
8.3	0.0	[0.0	4.7892154E-5]
8.4	0.0	[0.0	0.0]
8.5	0.0	[0.0	0.0]
8.6	0.0	[0.0	0.0]
8.7	0.0	[0.0	0.0]
8.8	0.0	[0.0	0.0]
8.9	0.0	[0.0	0.0]
9.0	0.0	[0.0	0.0]



DATASET #8

     Name: Supra
   Points: 66
     Info: 

Data[x,y]:
2.5	  0.25598
2.6	  0.25598
2.7	  0.25598
2.8	  0.25598
2.9	  0.25598
3.0	  0.25598
3.1	  0.25598
3.2	  0.25598
3.3	  0.25598
3.4	  0.25598
3.5	  0.25598
3.6	  0.25598
3.7	  0.25598
3.8	  0.25598
3.9	  0.25598
4.0	  0.25598
4.1	  0.25598
4.2	  0.25598
4.3	  0.25598
4.4	  0.25598
4.5	  0.25598
4.6	  0.25598
4.7	  0.25598
4.8	  0.25598
4.9	  0.25598
5.0	  0.25598
5.1	  0.25598
5.2	  0.25598
5.3	  0.25598
5.4	  0.25598
5.5	  0.25598
5.6	  0.25597
5.7	  0.25597
5.8	  0.25597
5.9	  0.25591
6.0	  0.25589
6.1	  0.22106
6.2	  0.17545
6.3	  0.14933
6.4	  0.1287
6.5	  0.11229
6.6	  0.10337
6.7	  0.09055
6.8	  0.07871
6.9	  0.06523
7.0	  0.05333
7.1	  0.04671
7.2	  0.03627
7.3	  0.02576
7.4	  0.02326
7.5	  0.01826
7.6	  0.0096
7.7	  0.00308
7.8	  0.00177
7.9	  8.9E-4
8.0	  3.7E-4
8.1	  6.0E-5
8.2	  1.0E-5
8.3	  0.0
8.4	  0.0
8.5	  0.0
8.6	  0.0
8.7	  0.0
8.8	  0.0
8.9	  0.0
9.0	  0.0



DATASET #9

     Name: Primary
   Points: 66
     Info: 

Data[x,y]:
2.5	  2083.517
2.6	  1654.9017
2.7	  1314.4749
2.8	  1044.1306
2.9	  829.3565
3.0	  658.7818
3.1	  523.30707
3.2	  415.6402
3.3	  330.09784
3.4	  262.21255
3.5	  208.2506
3.6	  165.3516
3.7	  131.28526
3.8	  104.22311
3.9	  82.73819
4.0	  65.68421
4.1	  52.13999
4.2	  41.37112
4.3	  32.82244
4.4	  26.03847
4.5	  20.65115
4.6	  16.36419
4.7	  12.95776
4.8	  10.25502
4.9	  8.11507
5.0	  6.40613
5.1	  5.05547
5.2	  3.97131
5.3	  3.11703
5.4	  2.43968
5.5	  1.89977
5.6	  1.47103
5.7	  1.1314
5.8	  0.8615
5.9	  0.64922
6.0	  0.49319
6.1	  0.36341
6.2	  0.24072
6.3	  0.18281
6.4	  0.13654
6.5	  0.10501
6.6	  0.08901
6.7	  0.07253
6.8	  0.05933
6.9	  0.04696
7.0	  0.03603
7.1	  0.02975
7.2	  0.02179
7.3	  0.01512
7.4	  0.01348
7.5	  0.01018
7.6	  0.00552
7.7	  0.00168
7.8	  0.001
7.9	  5.6E-4
8.0	  1.7E-4
8.1	  1.0E-5
8.2	  0.0
8.3	  0.0
8.4	  0.0
8.5	  0.0
8.6	  0.0
8.7	  0.0
8.8	  0.0
8.9	  0.0
9.0	  0.0


