
X-Axis: Magnitude
Y-Axis: 10 Year Cumulative Number
Number of Data Sets: 9


DATASET #1

     Name: Mean
   Points: 66
     Info: 

Data[x,y]:
2.5	  6.1681924
2.6	  4.8950686
2.7	  3.8906484
2.8	  3.0924165
2.9	  2.4527702
3.0	  1.9453634
3.1	  1.5424755
3.2	  1.2254617
3.3	  0.97424364
3.4	  0.773222
3.5	  0.6173674
3.6	  0.4879568
3.7	  0.38628682
3.8	  0.30719057
3.9	  0.2437721
4.0	  0.19330059
4.1	  0.15168959
4.2	  0.11933202
4.3	  0.09430256
4.4	  0.074302554
4.5	  0.05886051
4.6	  0.047642436
4.7	  0.03777996
4.8	  0.030058939
4.9	  0.024086444
5.0	  0.019155206
5.1	  0.015009823
5.2	  0.012141454
5.3	  0.010019646
5.4	  0.00805501
5.5	  0.0062082517
5.6	  0.0049901768
5.7	  0.004027505
5.8	  0.0029862477
5.9	  0.0022396857
6.0	  0.0018664047
6.1	  0.0015127702
6.2	  0.0010805501
6.3	  9.2337915E-4
6.4	  7.2691555E-4
6.5	  5.304519E-4
6.6	  4.9115915E-4
6.7	  4.3222003E-4
6.8	  3.1434186E-4
6.9	  2.946955E-4
7.0	  2.7504913E-4
7.1	  2.3575638E-4
7.2	  2.3575638E-4
7.3	  2.3575638E-4
7.4	  1.9646366E-4
7.5	  1.768173E-4
7.6	  3.9292732E-5
7.7	  1.9646366E-5
7.8	  1.9646366E-5
7.9	  0.0
8.0	  0.0
8.1	  0.0
8.2	  0.0
8.3	  0.0
8.4	  0.0
8.5	  0.0
8.6	  0.0
8.7	  0.0
8.8	  0.0
8.9	  0.0
9.0	  0.0



DATASET #2

     Name: 2.5%,97.5%
   Points: 66
     Info: 

Data[x,y]:
2.5	  0.0
2.6	  0.0
2.7	  0.0
2.8	  0.0
2.9	  0.0
3.0	  0.0
3.1	  0.0
3.2	  0.0
3.3	  0.0
3.4	  0.0
3.5	  0.0
3.6	  0.0
3.7	  0.0
3.8	  0.0
3.9	  0.0
4.0	  0.0
4.1	  0.0
4.2	  0.0
4.3	  0.0
4.4	  0.0
4.5	  0.0
4.6	  0.0
4.7	  0.0
4.8	  0.0
4.9	  0.0
5.0	  0.0
5.1	  0.0
5.2	  0.0
5.3	  0.0
5.4	  0.0
5.5	  0.0
5.6	  0.0
5.7	  0.0
5.8	  0.0
5.9	  0.0
6.0	  0.0
6.1	  0.0
6.2	  0.0
6.3	  0.0
6.4	  0.0
6.5	  0.0
6.6	  0.0
6.7	  0.0
6.8	  0.0
6.9	  0.0
7.0	  0.0
7.1	  0.0
7.2	  0.0
7.3	  0.0
7.4	  0.0
7.5	  0.0
7.6	  0.0
7.7	  0.0
7.8	  0.0
7.9	  0.0
8.0	  0.0
8.1	  0.0
8.2	  0.0
8.3	  0.0
8.4	  0.0
8.5	  0.0
8.6	  0.0
8.7	  0.0
8.8	  0.0
8.9	  0.0
9.0	  0.0



DATASET #3

     Name: null
   Points: 66
     Info: 

Data[x,y]:
2.5	  9.0
2.6	  8.0
2.7	  7.0
2.8	  6.0
2.9	  5.0
3.0	  4.0
3.1	  4.0
3.2	  3.0
3.3	  3.0
3.4	  2.0
3.5	  2.0
3.6	  2.0
3.7	  1.0
3.8	  1.0
3.9	  1.0
4.0	  1.0
4.1	  1.0
4.2	  1.0
4.3	  1.0
4.4	  0.0
4.5	  0.0
4.6	  0.0
4.7	  0.0
4.8	  0.0
4.9	  0.0
5.0	  0.0
5.1	  0.0
5.2	  0.0
5.3	  0.0
5.4	  0.0
5.5	  0.0
5.6	  0.0
5.7	  0.0
5.8	  0.0
5.9	  0.0
6.0	  0.0
6.1	  0.0
6.2	  0.0
6.3	  0.0
6.4	  0.0
6.5	  0.0
6.6	  0.0
6.7	  0.0
6.8	  0.0
6.9	  0.0
7.0	  0.0
7.1	  0.0
7.2	  0.0
7.3	  0.0
7.4	  0.0
7.5	  0.0
7.6	  0.0
7.7	  0.0
7.8	  0.0
7.9	  0.0
8.0	  0.0
8.1	  0.0
8.2	  0.0
8.3	  0.0
8.4	  0.0
8.5	  0.0
8.6	  0.0
8.7	  0.0
8.8	  0.0
8.9	  0.0
9.0	  0.0



DATASET #4

     Name: Median
   Points: 66
     Info: 

Data[x,y]:
2.5	  2.0
2.6	  1.0
2.7	  1.0
2.8	  1.0
2.9	  0.0
3.0	  0.0
3.1	  0.0
3.2	  0.0
3.3	  0.0
3.4	  0.0
3.5	  0.0
3.6	  0.0
3.7	  0.0
3.8	  0.0
3.9	  0.0
4.0	  0.0
4.1	  0.0
4.2	  0.0
4.3	  0.0
4.4	  0.0
4.5	  0.0
4.6	  0.0
4.7	  0.0
4.8	  0.0
4.9	  0.0
5.0	  0.0
5.1	  0.0
5.2	  0.0
5.3	  0.0
5.4	  0.0
5.5	  0.0
5.6	  0.0
5.7	  0.0
5.8	  0.0
5.9	  0.0
6.0	  0.0
6.1	  0.0
6.2	  0.0
6.3	  0.0
6.4	  0.0
6.5	  0.0
6.6	  0.0
6.7	  0.0
6.8	  0.0
6.9	  0.0
7.0	  0.0
7.1	  0.0
7.2	  0.0
7.3	  0.0
7.4	  0.0
7.5	  0.0
7.6	  0.0
7.7	  0.0
7.8	  0.0
7.9	  0.0
8.0	  0.0
8.1	  0.0
8.2	  0.0
8.3	  0.0
8.4	  0.0
8.5	  0.0
8.6	  0.0
8.7	  0.0
8.8	  0.0
8.9	  0.0
9.0	  0.0



DATASET #5

     Name: Mode
   Points: 66
     Info: 

Data[x,y]:
2.5	  1.0
2.6	  0.0
2.7	  0.0
2.8	  0.0
2.9	  0.0
3.0	  0.0
3.1	  0.0
3.2	  0.0
3.3	  0.0
3.4	  0.0
3.5	  0.0
3.6	  0.0
3.7	  0.0
3.8	  0.0
3.9	  0.0
4.0	  0.0
4.1	  0.0
4.2	  0.0
4.3	  0.0
4.4	  0.0
4.5	  0.0
4.6	  0.0
4.7	  0.0
4.8	  0.0
4.9	  0.0
5.0	  0.0
5.1	  0.0
5.2	  0.0
5.3	  0.0
5.4	  0.0
5.5	  0.0
5.6	  0.0
5.7	  0.0
5.8	  0.0
5.9	  0.0
6.0	  0.0
6.1	  0.0
6.2	  0.0
6.3	  0.0
6.4	  0.0
6.5	  0.0
6.6	  0.0
6.7	  0.0
6.8	  0.0
6.9	  0.0
7.0	  0.0
7.1	  0.0
7.2	  0.0
7.3	  0.0
7.4	  0.0
7.5	  0.0
7.6	  0.0
7.7	  0.0
7.8	  0.0
7.9	  0.0
8.0	  0.0
8.1	  0.0
8.2	  0.0
8.3	  0.0
8.4	  0.0
8.5	  0.0
8.6	  0.0
8.7	  0.0
8.8	  0.0
8.9	  0.0
9.0	  0.0



DATASET #6

     Name: 10 yr Prob
   Points: 66
     Info: 

Data[x,y]:
2.5	  0.7786051
2.6	  0.7008055
2.7	  0.62100196
2.8	  0.54302555
2.9	  0.46577603
3.0	  0.39493123
3.1	  0.33304518
3.2	  0.2775442
3.3	  0.22968566
3.4	  0.18931238
3.5	  0.1561886
3.6	  0.12791748
3.7	  0.10447937
3.8	  0.085284874
3.9	  0.069332026
4.0	  0.056227896
4.1	  0.045422398
4.2	  0.036247544
4.3	  0.029449902
4.4	  0.023123773
4.5	  0.018664047
4.6	  0.015363458
4.7	  0.01243615
4.8	  0.010392928
4.9	  0.008506876
5.0	  0.007053045
5.1	  0.005599214
5.2	  0.0046365424
5.3	  0.0039685657
5.4	  0.0033005893
5.5	  0.002691552
5.6	  0.0022396857
5.7	  0.0018271119
5.8	  0.0013555993
5.9	  0.0010805501
6.0	  8.840864E-4
6.1	  7.2691555E-4
6.2	  5.304519E-4
6.3	  4.518664E-4
6.4	  3.7328096E-4
6.5	  3.536346E-4
6.6	  3.536346E-4
6.7	  3.1434186E-4
6.8	  2.1611001E-4
6.9	  2.1611001E-4
7.0	  2.1611001E-4
7.1	  1.9646366E-4
7.2	  1.9646366E-4
7.3	  1.9646366E-4
7.4	  1.768173E-4
7.5	  1.768173E-4
7.6	  3.9292732E-5
7.7	  1.9646366E-5
7.8	  1.9646366E-5
7.9	  0.0
8.0	  0.0
8.1	  0.0
8.2	  0.0
8.3	  0.0
8.4	  0.0
8.5	  0.0
8.6	  0.0
8.7	  0.0
8.8	  0.0
8.9	  0.0
9.0	  0.0



DATASET #7

Name: 95% Conf
Num Points: 66
Info: 

X, Y Data:
2.5	0.7786051	[0.7749673	0.7822007]
2.6	0.7008055	[0.69680256	0.7047781]
2.7	0.62100196	[0.6167685	0.62521714]
2.8	0.54302555	[0.53868496	0.5473596]
2.9	0.46577603	[0.46143538	0.47012186]
3.0	0.39493123	[0.39068273	0.39919564]
3.1	0.33304518	[0.32895365	0.33716196]
3.2	0.2775442	[0.27366114	0.2814609]
3.3	0.22968566	[0.22604212	0.23337011]
3.4	0.18931238	[0.18592271	0.19274907]
3.5	0.1561886	[0.15305094	0.15937832]
3.6	0.12791748	[0.12503418	0.13085712]
3.7	0.10447937	[0.10184208	0.10717658]
3.8	0.085284874	[0.082879886	0.08775271]
3.9	0.069332026	[0.067147896	0.07158144]
4.0	0.056227896	[0.05425025	0.058272853]
4.1	0.045422398	[0.043637812	0.047275964]
4.2	0.036247544	[0.034648865	0.03791664]
4.3	0.029449902	[0.028006705	0.030964598]
4.4	0.023123773	[0.021844054	0.024476008]
4.5	0.018664047	[0.017514603	0.019886749]
4.6	0.015363458	[0.014321447	0.01647929]
4.7	0.01243615	[0.011500061	0.013446579]
4.8	0.010392928	[0.009538681	0.011321896]
4.9	0.008506876	[0.0077359094	0.009352939]
5.0	0.007053045	[0.006352979	0.007828519]
5.1	0.005599214	[0.004977971	0.006296209]
5.2	0.0046365424	[0.0040733838	0.005275711]
5.3	0.0039685657	[0.0034493906	0.0045639533]
5.4	0.0033005893	[0.0028293182	0.003848304]
5.5	0.002691552	[0.0022684278	0.0031913703]
5.6	0.0022396857	[0.0018559445	0.002700346]
5.7	0.0018271119	[0.0014829836	0.002248413]
5.8	0.0013555993	[0.0010627181	0.0017260405]
5.9	0.0010805501	[8.217851E-4	0.0014171891]
6.0	8.840864E-4	[6.5243186E-4	0.0011939114]
6.1	7.2691555E-4	[5.1919126E-4	0.0010131191]
6.2	5.304519E-4	[3.566029E-4	7.833266E-4]
6.3	4.518664E-4	[2.932857E-4	6.8977725E-4]
6.4	3.7328096E-4	[2.3133737E-4	5.94943E-4]
6.5	3.536346E-4	[2.161118E-4	5.709911E-4]
6.6	3.536346E-4	[2.161118E-4	5.709911E-4]
6.7	3.1434186E-4	[1.860359E-4	5.227411E-4]
6.8	2.1611001E-4	[1.1366917E-4	3.9955217E-4]
6.9	2.1611001E-4	[1.1366917E-4	3.9955217E-4]
7.0	2.1611001E-4	[1.1366917E-4	3.9955217E-4]
7.1	1.9646366E-4	[9.9839206E-5	3.7434115E-4]
7.2	1.9646366E-4	[9.9839206E-5	3.7434115E-4]
7.3	1.9646366E-4	[9.9839206E-5	3.7434115E-4]
7.4	1.768173E-4	[8.6294676E-5	3.4888135E-4]
7.5	1.768173E-4	[8.6294676E-5	3.4888135E-4]
7.6	3.9292732E-5	[6.80573E-6	1.5847049E-4]
7.7	1.9646366E-5	[1.0255134E-6	1.275967E-4]
7.8	1.9646366E-5	[1.0255134E-6	1.275967E-4]
7.9	0.0	[0.0	9.4087154E-5]
8.0	0.0	[0.0	9.4087154E-5]
8.1	0.0	[0.0	9.4087154E-5]
8.2	0.0	[0.0	9.4087154E-5]
8.3	0.0	[0.0	9.4087154E-5]
8.4	0.0	[0.0	0.0]
8.5	0.0	[0.0	0.0]
8.6	0.0	[0.0	0.0]
8.7	0.0	[0.0	0.0]
8.8	0.0	[0.0	0.0]
8.9	0.0	[0.0	0.0]
9.0	0.0	[0.0	0.0]



DATASET #8

     Name: Supra
   Points: 66
     Info: 

Data[x,y]:
2.5	  3.9292732E-4
2.6	  3.9292732E-4
2.7	  3.9292732E-4
2.8	  3.9292732E-4
2.9	  3.9292732E-4
3.0	  3.9292732E-4
3.1	  3.9292732E-4
3.2	  3.9292732E-4
3.3	  3.9292732E-4
3.4	  3.9292732E-4
3.5	  3.9292732E-4
3.6	  3.9292732E-4
3.7	  3.9292732E-4
3.8	  3.9292732E-4
3.9	  3.9292732E-4
4.0	  3.9292732E-4
4.1	  3.9292732E-4
4.2	  3.9292732E-4
4.3	  3.9292732E-4
4.4	  3.9292732E-4
4.5	  3.9292732E-4
4.6	  3.9292732E-4
4.7	  3.9292732E-4
4.8	  3.9292732E-4
4.9	  3.9292732E-4
5.0	  3.9292732E-4
5.1	  3.9292732E-4
5.2	  3.9292732E-4
5.3	  3.9292732E-4
5.4	  3.9292732E-4
5.5	  3.9292732E-4
5.6	  3.9292732E-4
5.7	  3.9292732E-4
5.8	  3.9292732E-4
5.9	  3.9292732E-4
6.0	  3.9292732E-4
6.1	  3.9292732E-4
6.2	  3.9292732E-4
6.3	  3.7328096E-4
6.4	  3.3398822E-4
6.5	  3.3398822E-4
6.6	  3.3398822E-4
6.7	  3.1434186E-4
6.8	  2.1611001E-4
6.9	  2.1611001E-4
7.0	  2.1611001E-4
7.1	  1.9646366E-4
7.2	  1.9646366E-4
7.3	  1.9646366E-4
7.4	  1.768173E-4
7.5	  1.768173E-4
7.6	  3.9292732E-5
7.7	  1.9646366E-5
7.8	  1.9646366E-5
7.9	  0.0
8.0	  0.0
8.1	  0.0
8.2	  0.0
8.3	  0.0
8.4	  0.0
8.5	  0.0
8.6	  0.0
8.7	  0.0
8.8	  0.0
8.9	  0.0
9.0	  0.0



DATASET #9

     Name: Primary
   Points: 66
     Info: 

Data[x,y]:
2.5	  1.5023379
2.6	  1.1897839
2.7	  0.94833004
2.8	  0.75577605
2.9	  0.5990766
3.0	  0.4756385
3.1	  0.37848723
3.2	  0.30049115
3.3	  0.23882122
3.4	  0.18868369
3.5	  0.15074657
3.6	  0.11948919
3.7	  0.09485265
3.8	  0.07577603
3.9	  0.060019646
4.0	  0.04768173
4.1	  0.037544206
4.2	  0.02929273
4.3	  0.023477407
4.4	  0.018015716
4.5	  0.014322201
4.6	  0.011139489
4.7	  0.008762279
4.8	  0.007249509
4.9	  0.005697446
5.0	  0.004715128
5.1	  0.003772102
5.2	  0.003123772
5.3	  0.0026129666
5.4	  0.0021218075
5.5	  0.0015717093
5.6	  0.0012377211
5.7	  9.626719E-4
5.8	  7.072692E-4
5.9	  5.5009825E-4
6.0	  4.518664E-4
6.1	  3.536346E-4
6.2	  2.5540276E-4
6.3	  2.3575638E-4
6.4	  1.9646366E-4
6.5	  1.768173E-4
6.6	  1.768173E-4
6.7	  1.5717093E-4
6.8	  1.1787819E-4
6.9	  1.1787819E-4
7.0	  1.1787819E-4
7.1	  1.1787819E-4
7.2	  1.1787819E-4
7.3	  1.1787819E-4
7.4	  1.1787819E-4
7.5	  1.1787819E-4
7.6	  3.9292732E-5
7.7	  1.9646366E-5
7.8	  1.9646366E-5
7.9	  0.0
8.0	  0.0
8.1	  0.0
8.2	  0.0
8.3	  0.0
8.4	  0.0
8.5	  0.0
8.6	  0.0
8.7	  0.0
8.8	  0.0
8.9	  0.0
9.0	  0.0


