
X-Axis: Magnitude
Y-Axis: 1 Week Cumulative Number
Number of Data Sets: 9


DATASET #1

     Name: Mean
   Points: 66
     Info: 

Data[x,y]:
2.5	  1.0530064
2.6	  0.8372774
2.7	  0.6664129
2.8	  0.5305936
2.9	  0.41971612
3.0	  0.33338064
3.1	  0.26369032
3.2	  0.20883872
3.3	  0.16583225
3.4	  0.13131613
3.5	  0.1048
3.6	  0.08269677
3.7	  0.06538065
3.8	  0.051664516
3.9	  0.04135484
4.0	  0.03268387
4.1	  0.02552258
4.2	  0.020038709
4.3	  0.015858065
4.4	  0.012580645
4.5	  0.009935484
4.6	  0.008116129
4.7	  0.00643871
4.8	  0.0052903225
4.9	  0.0042580646
5.0	  0.003432258
5.1	  0.002683871
5.2	  0.0020903226
5.3	  0.0016903225
5.4	  0.0014193548
5.5	  0.0012
5.6	  0.001032258
5.7	  7.7419356E-4
5.8	  5.8064517E-4
5.9	  4.7741935E-4
6.0	  3.7419354E-4
6.1	  3.0967742E-4
6.2	  2.1935484E-4
6.3	  1.9354839E-4
6.4	  1.4193548E-4
6.5	  1.0322581E-4
6.6	  9.032258E-5
6.7	  7.7419354E-5
6.8	  5.1612904E-5
6.9	  5.1612904E-5
7.0	  5.1612904E-5
7.1	  3.8709677E-5
7.2	  3.8709677E-5
7.3	  3.8709677E-5
7.4	  3.8709677E-5
7.5	  3.8709677E-5
7.6	  1.2903226E-5
7.7	  0.0
7.8	  0.0
7.9	  0.0
8.0	  0.0
8.1	  0.0
8.2	  0.0
8.3	  0.0
8.4	  0.0
8.5	  0.0
8.6	  0.0
8.7	  0.0
8.8	  0.0
8.9	  0.0
9.0	  0.0



DATASET #2

     Name: 2.5%,97.5%
   Points: 66
     Info: 

Data[x,y]:
2.5	  0.0
2.6	  0.0
2.7	  0.0
2.8	  0.0
2.9	  0.0
3.0	  0.0
3.1	  0.0
3.2	  0.0
3.3	  0.0
3.4	  0.0
3.5	  0.0
3.6	  0.0
3.7	  0.0
3.8	  0.0
3.9	  0.0
4.0	  0.0
4.1	  0.0
4.2	  0.0
4.3	  0.0
4.4	  0.0
4.5	  0.0
4.6	  0.0
4.7	  0.0
4.8	  0.0
4.9	  0.0
5.0	  0.0
5.1	  0.0
5.2	  0.0
5.3	  0.0
5.4	  0.0
5.5	  0.0
5.6	  0.0
5.7	  0.0
5.8	  0.0
5.9	  0.0
6.0	  0.0
6.1	  0.0
6.2	  0.0
6.3	  0.0
6.4	  0.0
6.5	  0.0
6.6	  0.0
6.7	  0.0
6.8	  0.0
6.9	  0.0
7.0	  0.0
7.1	  0.0
7.2	  0.0
7.3	  0.0
7.4	  0.0
7.5	  0.0
7.6	  0.0
7.7	  0.0
7.8	  0.0
7.9	  0.0
8.0	  0.0
8.1	  0.0
8.2	  0.0
8.3	  0.0
8.4	  0.0
8.5	  0.0
8.6	  0.0
8.7	  0.0
8.8	  0.0
8.9	  0.0
9.0	  0.0



DATASET #3

     Name: null
   Points: 66
     Info: 

Data[x,y]:
2.5	  3.0
2.6	  3.0
2.7	  3.0
2.8	  2.0
2.9	  2.0
3.0	  2.0
3.1	  1.0
3.2	  1.0
3.3	  1.0
3.4	  1.0
3.5	  1.0
3.6	  1.0
3.7	  1.0
3.8	  1.0
3.9	  0.0
4.0	  0.0
4.1	  0.0
4.2	  0.0
4.3	  0.0
4.4	  0.0
4.5	  0.0
4.6	  0.0
4.7	  0.0
4.8	  0.0
4.9	  0.0
5.0	  0.0
5.1	  0.0
5.2	  0.0
5.3	  0.0
5.4	  0.0
5.5	  0.0
5.6	  0.0
5.7	  0.0
5.8	  0.0
5.9	  0.0
6.0	  0.0
6.1	  0.0
6.2	  0.0
6.3	  0.0
6.4	  0.0
6.5	  0.0
6.6	  0.0
6.7	  0.0
6.8	  0.0
6.9	  0.0
7.0	  0.0
7.1	  0.0
7.2	  0.0
7.3	  0.0
7.4	  0.0
7.5	  0.0
7.6	  0.0
7.7	  0.0
7.8	  0.0
7.9	  0.0
8.0	  0.0
8.1	  0.0
8.2	  0.0
8.3	  0.0
8.4	  0.0
8.5	  0.0
8.6	  0.0
8.7	  0.0
8.8	  0.0
8.9	  0.0
9.0	  0.0



DATASET #4

     Name: Median
   Points: 66
     Info: 

Data[x,y]:
2.5	  0.0
2.6	  0.0
2.7	  0.0
2.8	  0.0
2.9	  0.0
3.0	  0.0
3.1	  0.0
3.2	  0.0
3.3	  0.0
3.4	  0.0
3.5	  0.0
3.6	  0.0
3.7	  0.0
3.8	  0.0
3.9	  0.0
4.0	  0.0
4.1	  0.0
4.2	  0.0
4.3	  0.0
4.4	  0.0
4.5	  0.0
4.6	  0.0
4.7	  0.0
4.8	  0.0
4.9	  0.0
5.0	  0.0
5.1	  0.0
5.2	  0.0
5.3	  0.0
5.4	  0.0
5.5	  0.0
5.6	  0.0
5.7	  0.0
5.8	  0.0
5.9	  0.0
6.0	  0.0
6.1	  0.0
6.2	  0.0
6.3	  0.0
6.4	  0.0
6.5	  0.0
6.6	  0.0
6.7	  0.0
6.8	  0.0
6.9	  0.0
7.0	  0.0
7.1	  0.0
7.2	  0.0
7.3	  0.0
7.4	  0.0
7.5	  0.0
7.6	  0.0
7.7	  0.0
7.8	  0.0
7.9	  0.0
8.0	  0.0
8.1	  0.0
8.2	  0.0
8.3	  0.0
8.4	  0.0
8.5	  0.0
8.6	  0.0
8.7	  0.0
8.8	  0.0
8.9	  0.0
9.0	  0.0



DATASET #5

     Name: Mode
   Points: 66
     Info: 

Data[x,y]:
2.5	  0.0
2.6	  0.0
2.7	  0.0
2.8	  0.0
2.9	  0.0
3.0	  0.0
3.1	  0.0
3.2	  0.0
3.3	  0.0
3.4	  0.0
3.5	  0.0
3.6	  0.0
3.7	  0.0
3.8	  0.0
3.9	  0.0
4.0	  0.0
4.1	  0.0
4.2	  0.0
4.3	  0.0
4.4	  0.0
4.5	  0.0
4.6	  0.0
4.7	  0.0
4.8	  0.0
4.9	  0.0
5.0	  0.0
5.1	  0.0
5.2	  0.0
5.3	  0.0
5.4	  0.0
5.5	  0.0
5.6	  0.0
5.7	  0.0
5.8	  0.0
5.9	  0.0
6.0	  0.0
6.1	  0.0
6.2	  0.0
6.3	  0.0
6.4	  0.0
6.5	  0.0
6.6	  0.0
6.7	  0.0
6.8	  0.0
6.9	  0.0
7.0	  0.0
7.1	  0.0
7.2	  0.0
7.3	  0.0
7.4	  0.0
7.5	  0.0
7.6	  0.0
7.7	  0.0
7.8	  0.0
7.9	  0.0
8.0	  0.0
8.1	  0.0
8.2	  0.0
8.3	  0.0
8.4	  0.0
8.5	  0.0
8.6	  0.0
8.7	  0.0
8.8	  0.0
8.9	  0.0
9.0	  0.0



DATASET #6

     Name: 1 wk Prob
   Points: 66
     Info: 

Data[x,y]:
2.5	  0.42181936
2.6	  0.3551097
2.7	  0.29707098
2.8	  0.24629678
2.9	  0.20163871
3.0	  0.16414194
3.1	  0.13334194
3.2	  0.1079871
3.3	  0.08673549
3.4	  0.06975484
3.5	  0.056632258
3.6	  0.045212902
3.7	  0.03651613
3.8	  0.029058065
3.9	  0.023587096
4.0	  0.018825807
4.1	  0.014825806
4.2	  0.011793548
4.3	  0.009341936
4.4	  0.007251613
4.5	  0.005883871
4.6	  0.0048
4.7	  0.0039096773
4.8	  0.0032903226
4.9	  0.0026709677
5.0	  0.002116129
5.1	  0.0016645162
5.2	  0.0014064516
5.3	  0.0011483871
5.4	  0.001032258
5.5	  9.032258E-4
5.6	  7.612903E-4
5.7	  6.1935483E-4
5.8	  4.7741935E-4
5.9	  4.0E-4
6.0	  3.2258066E-4
6.1	  2.580645E-4
6.2	  1.8064516E-4
6.3	  1.5483871E-4
6.4	  1.16129035E-4
6.5	  1.0322581E-4
6.6	  9.032258E-5
6.7	  7.7419354E-5
6.8	  5.1612904E-5
6.9	  5.1612904E-5
7.0	  5.1612904E-5
7.1	  3.8709677E-5
7.2	  3.8709677E-5
7.3	  3.8709677E-5
7.4	  3.8709677E-5
7.5	  3.8709677E-5
7.6	  1.2903226E-5
7.7	  0.0
7.8	  0.0
7.9	  0.0
8.0	  0.0
8.1	  0.0
8.2	  0.0
8.3	  0.0
8.4	  0.0
8.5	  0.0
8.6	  0.0
8.7	  0.0
8.8	  0.0
8.9	  0.0
9.0	  0.0



DATASET #7

Name: 95% Conf
Num Points: 66
Info: 

X, Y Data:
2.5	0.42181936	[0.4183399	0.42530656]
2.6	0.3551097	[0.35174128	0.35849246]
2.7	0.29707098	[0.29385737	0.30030474]
2.8	0.24629678	[0.24326953	0.2493492]
2.9	0.20163871	[0.19882229	0.20448478]
3.0	0.16414194	[0.16154434	0.1667729]
3.1	0.13334194	[0.13096032	0.13576001]
3.2	0.1079871	[0.10581497	0.11019819]
3.3	0.08673549	[0.08476799	0.08874408]
3.4	0.06975484	[0.06797625	0.07157623]
3.5	0.056632258	[0.055020425	0.058288217]
3.6	0.045212902	[0.04376614	0.046704948]
3.7	0.03651613	[0.035212	0.03786643]
3.8	0.029058065	[0.02789229	0.03027078]
3.9	0.023587096	[0.022535706	0.024686001]
4.0	0.018825807	[0.017886218	0.019813417]
4.1	0.014825806	[0.013992382	0.015707692]
4.2	0.011793548	[0.011051069	0.012584836]
4.3	0.009341936	[0.00868231	0.010050666]
4.4	0.007251613	[0.0066719963	0.007880604]
4.5	0.005883871	[0.005363199	0.0064541125]
4.6	0.0048	[0.0043312027	0.0053185383]
4.7	0.0039096773	[0.003488135	0.0043811197]
4.8	0.0032903226	[0.0029049548	0.0037257173]
4.9	0.0026709677	[0.0023254	0.0030667107]
5.0	0.002116129	[0.0018103841	0.002472212]
5.1	0.0016645162	[0.0013952617	0.0019842784]
5.2	0.0014064516	[0.0011603149	0.0017032188]
5.3	0.0011483871	[9.2760444E-4	0.0014199533]
5.4	0.001032258	[8.238116E-4	0.0012915719]
5.5	9.032258E-4	[7.0932874E-4	0.001148099]
5.6	7.612903E-4	[5.8465154E-4	9.890513E-4]
5.7	6.1935483E-4	[4.6166294E-4	8.2835736E-4]
5.8	4.7741935E-4	[3.409817E-4	6.6542707E-4]
5.9	4.0E-4	[2.7649393E-4	5.7526835E-4]
6.0	3.2258066E-4	[2.1331172E-4	4.8386474E-4]
6.1	2.580645E-4	[1.6200695E-4	4.0642405E-4]
6.2	1.8064516E-4	[1.028097E-4	3.1129798E-4]
6.3	1.5483871E-4	[8.390052E-5	2.7884025E-4]
6.4	1.16129035E-4	[5.6675584E-5	2.2914459E-4]
6.5	1.0322581E-4	[4.7998114E-5	2.1223495E-4]
6.6	9.032258E-5	[3.9578736E-5	1.9510725E-4]
6.7	7.7419354E-5	[3.1471427E-5	1.7772146E-4]
6.8	5.1612904E-5	[1.6533635E-5	1.4193774E-4]
6.9	5.1612904E-5	[1.6533635E-5	1.4193774E-4]
7.0	5.1612904E-5	[1.6533635E-5	1.4193774E-4]
7.1	3.8709677E-5	[9.997195E-6	1.2335104E-4]
7.2	3.8709677E-5	[9.997195E-6	1.2335104E-4]
7.3	3.8709677E-5	[9.997195E-6	1.2335104E-4]
7.4	3.8709677E-5	[9.997195E-6	1.2335104E-4]
7.5	3.8709677E-5	[9.997195E-6	1.2335104E-4]
7.6	1.2903226E-5	[6.7353056E-7	8.380451E-5]
7.7	0.0	[0.0	6.179563E-5]
7.8	0.0	[0.0	6.179563E-5]
7.9	0.0	[0.0	6.179563E-5]
8.0	0.0	[0.0	6.179563E-5]
8.1	0.0	[0.0	6.179563E-5]
8.2	0.0	[0.0	6.179563E-5]
8.3	0.0	[0.0	6.179563E-5]
8.4	0.0	[0.0	0.0]
8.5	0.0	[0.0	0.0]
8.6	0.0	[0.0	0.0]
8.7	0.0	[0.0	0.0]
8.8	0.0	[0.0	0.0]
8.9	0.0	[0.0	0.0]
9.0	0.0	[0.0	0.0]



DATASET #8

     Name: Supra
   Points: 66
     Info: 

Data[x,y]:
2.5	  9.032258E-5
2.6	  9.032258E-5
2.7	  9.032258E-5
2.8	  9.032258E-5
2.9	  9.032258E-5
3.0	  9.032258E-5
3.1	  9.032258E-5
3.2	  9.032258E-5
3.3	  9.032258E-5
3.4	  9.032258E-5
3.5	  9.032258E-5
3.6	  9.032258E-5
3.7	  9.032258E-5
3.8	  9.032258E-5
3.9	  9.032258E-5
4.0	  9.032258E-5
4.1	  9.032258E-5
4.2	  9.032258E-5
4.3	  9.032258E-5
4.4	  9.032258E-5
4.5	  9.032258E-5
4.6	  9.032258E-5
4.7	  9.032258E-5
4.8	  9.032258E-5
4.9	  9.032258E-5
5.0	  9.032258E-5
5.1	  9.032258E-5
5.2	  9.032258E-5
5.3	  9.032258E-5
5.4	  9.032258E-5
5.5	  9.032258E-5
5.6	  9.032258E-5
5.7	  9.032258E-5
5.8	  9.032258E-5
5.9	  9.032258E-5
6.0	  9.032258E-5
6.1	  9.032258E-5
6.2	  9.032258E-5
6.3	  9.032258E-5
6.4	  7.7419354E-5
6.5	  7.7419354E-5
6.6	  7.7419354E-5
6.7	  7.7419354E-5
6.8	  5.1612904E-5
6.9	  5.1612904E-5
7.0	  5.1612904E-5
7.1	  3.8709677E-5
7.2	  3.8709677E-5
7.3	  3.8709677E-5
7.4	  3.8709677E-5
7.5	  3.8709677E-5
7.6	  1.2903226E-5
7.7	  0.0
7.8	  0.0
7.9	  0.0
8.0	  0.0
8.1	  0.0
8.2	  0.0
8.3	  0.0
8.4	  0.0
8.5	  0.0
8.6	  0.0
8.7	  0.0
8.8	  0.0
8.9	  0.0
9.0	  0.0



DATASET #9

     Name: Primary
   Points: 66
     Info: 

Data[x,y]:
2.5	  0.5470968
2.6	  0.4340258
2.7	  0.3463871
2.8	  0.27456775
2.9	  0.21713549
3.0	  0.17236128
3.1	  0.13651612
3.2	  0.10790968
3.3	  0.08510968
3.4	  0.067032255
3.5	  0.053651612
3.6	  0.04216774
3.7	  0.033703227
3.8	  0.026516128
3.9	  0.02131613
4.0	  0.016929032
4.1	  0.013316129
4.2	  0.010425806
4.3	  0.008167742
4.4	  0.006180645
4.5	  0.0049935486
4.6	  0.0039741937
4.7	  0.0032258064
4.8	  0.0027096774
4.9	  0.0021419355
5.0	  0.0016516129
5.1	  0.0012774194
5.2	  0.0010709678
5.3	  9.032258E-4
5.4	  8.129032E-4
5.5	  7.096774E-4
5.6	  6.1935483E-4
5.7	  4.903226E-4
5.8	  3.7419354E-4
5.9	  3.2258066E-4
6.0	  2.580645E-4
6.1	  1.9354839E-4
6.2	  1.4193548E-4
6.3	  1.16129035E-4
6.4	  7.7419354E-5
6.5	  6.451613E-5
6.6	  6.451613E-5
6.7	  5.1612904E-5
6.8	  2.5806452E-5
6.9	  2.5806452E-5
7.0	  2.5806452E-5
7.1	  2.5806452E-5
7.2	  2.5806452E-5
7.3	  2.5806452E-5
7.4	  2.5806452E-5
7.5	  2.5806452E-5
7.6	  1.2903226E-5
7.7	  0.0
7.8	  0.0
7.9	  0.0
8.0	  0.0
8.1	  0.0
8.2	  0.0
8.3	  0.0
8.4	  0.0
8.5	  0.0
8.6	  0.0
8.7	  0.0
8.8	  0.0
8.9	  0.0
9.0	  0.0


