
X-Axis: Magnitude
Y-Axis: 1 Year Cumulative Number
Number of Data Sets: 9


DATASET #1

     Name: Mean
   Points: 66
     Info: 

Data[x,y]:
2.5	  3.756955
2.6	  2.9854968
2.7	  2.3700259
2.8	  1.8854194
2.9	  1.4923354
3.0	  1.1834581
3.1	  0.9388774
3.2	  0.7456
3.3	  0.59338063
3.4	  0.47144517
3.5	  0.3764129
3.6	  0.2979355
3.7	  0.2355613
3.8	  0.18738064
3.9	  0.14948387
4.0	  0.1179871
4.1	  0.09287742
4.2	  0.07321291
4.3	  0.05851613
4.4	  0.046180647
4.5	  0.037019353
4.6	  0.029896773
4.7	  0.023780646
4.8	  0.019019354
4.9	  0.015316129
5.0	  0.01203871
5.1	  0.009393549
5.2	  0.0074064517
5.3	  0.0059870966
5.4	  0.0048258062
5.5	  0.0037935483
5.6	  0.0031225807
5.7	  0.0024774193
5.8	  0.0019483871
5.9	  0.0015741936
6.0	  0.0013032258
6.1	  0.0010193548
6.2	  7.2258065E-4
6.3	  6.322581E-4
6.4	  4.7741935E-4
6.5	  3.3548387E-4
6.6	  2.967742E-4
6.7	  2.451613E-4
6.8	  2.0645162E-4
6.9	  1.9354839E-4
7.0	  1.9354839E-4
7.1	  1.6774194E-4
7.2	  1.4193548E-4
7.3	  1.4193548E-4
7.4	  1.16129035E-4
7.5	  1.0322581E-4
7.6	  2.5806452E-5
7.7	  1.2903226E-5
7.8	  1.2903226E-5
7.9	  0.0
8.0	  0.0
8.1	  0.0
8.2	  0.0
8.3	  0.0
8.4	  0.0
8.5	  0.0
8.6	  0.0
8.7	  0.0
8.8	  0.0
8.9	  0.0
9.0	  0.0



DATASET #2

     Name: 2.5%,97.5%
   Points: 66
     Info: 

Data[x,y]:
2.5	  0.0
2.6	  0.0
2.7	  0.0
2.8	  0.0
2.9	  0.0
3.0	  0.0
3.1	  0.0
3.2	  0.0
3.3	  0.0
3.4	  0.0
3.5	  0.0
3.6	  0.0
3.7	  0.0
3.8	  0.0
3.9	  0.0
4.0	  0.0
4.1	  0.0
4.2	  0.0
4.3	  0.0
4.4	  0.0
4.5	  0.0
4.6	  0.0
4.7	  0.0
4.8	  0.0
4.9	  0.0
5.0	  0.0
5.1	  0.0
5.2	  0.0
5.3	  0.0
5.4	  0.0
5.5	  0.0
5.6	  0.0
5.7	  0.0
5.8	  0.0
5.9	  0.0
6.0	  0.0
6.1	  0.0
6.2	  0.0
6.3	  0.0
6.4	  0.0
6.5	  0.0
6.6	  0.0
6.7	  0.0
6.8	  0.0
6.9	  0.0
7.0	  0.0
7.1	  0.0
7.2	  0.0
7.3	  0.0
7.4	  0.0
7.5	  0.0
7.6	  0.0
7.7	  0.0
7.8	  0.0
7.9	  0.0
8.0	  0.0
8.1	  0.0
8.2	  0.0
8.3	  0.0
8.4	  0.0
8.5	  0.0
8.6	  0.0
8.7	  0.0
8.8	  0.0
8.9	  0.0
9.0	  0.0



DATASET #3

     Name: null
   Points: 66
     Info: 

Data[x,y]:
2.5	  7.0
2.6	  6.0
2.7	  5.0
2.8	  4.0
2.9	  4.0
3.0	  3.0
3.1	  3.0
3.2	  2.0
3.3	  2.0
3.4	  2.0
3.5	  2.0
3.6	  1.0
3.7	  1.0
3.8	  1.0
3.9	  1.0
4.0	  1.0
4.1	  1.0
4.2	  1.0
4.3	  0.0
4.4	  0.0
4.5	  0.0
4.6	  0.0
4.7	  0.0
4.8	  0.0
4.9	  0.0
5.0	  0.0
5.1	  0.0
5.2	  0.0
5.3	  0.0
5.4	  0.0
5.5	  0.0
5.6	  0.0
5.7	  0.0
5.8	  0.0
5.9	  0.0
6.0	  0.0
6.1	  0.0
6.2	  0.0
6.3	  0.0
6.4	  0.0
6.5	  0.0
6.6	  0.0
6.7	  0.0
6.8	  0.0
6.9	  0.0
7.0	  0.0
7.1	  0.0
7.2	  0.0
7.3	  0.0
7.4	  0.0
7.5	  0.0
7.6	  0.0
7.7	  0.0
7.8	  0.0
7.9	  0.0
8.0	  0.0
8.1	  0.0
8.2	  0.0
8.3	  0.0
8.4	  0.0
8.5	  0.0
8.6	  0.0
8.7	  0.0
8.8	  0.0
8.9	  0.0
9.0	  0.0



DATASET #4

     Name: Median
   Points: 66
     Info: 

Data[x,y]:
2.5	  1.0
2.6	  1.0
2.7	  1.0
2.8	  0.0
2.9	  0.0
3.0	  0.0
3.1	  0.0
3.2	  0.0
3.3	  0.0
3.4	  0.0
3.5	  0.0
3.6	  0.0
3.7	  0.0
3.8	  0.0
3.9	  0.0
4.0	  0.0
4.1	  0.0
4.2	  0.0
4.3	  0.0
4.4	  0.0
4.5	  0.0
4.6	  0.0
4.7	  0.0
4.8	  0.0
4.9	  0.0
5.0	  0.0
5.1	  0.0
5.2	  0.0
5.3	  0.0
5.4	  0.0
5.5	  0.0
5.6	  0.0
5.7	  0.0
5.8	  0.0
5.9	  0.0
6.0	  0.0
6.1	  0.0
6.2	  0.0
6.3	  0.0
6.4	  0.0
6.5	  0.0
6.6	  0.0
6.7	  0.0
6.8	  0.0
6.9	  0.0
7.0	  0.0
7.1	  0.0
7.2	  0.0
7.3	  0.0
7.4	  0.0
7.5	  0.0
7.6	  0.0
7.7	  0.0
7.8	  0.0
7.9	  0.0
8.0	  0.0
8.1	  0.0
8.2	  0.0
8.3	  0.0
8.4	  0.0
8.5	  0.0
8.6	  0.0
8.7	  0.0
8.8	  0.0
8.9	  0.0
9.0	  0.0



DATASET #5

     Name: Mode
   Points: 66
     Info: 

Data[x,y]:
2.5	  1.0
2.6	  0.0
2.7	  0.0
2.8	  0.0
2.9	  0.0
3.0	  0.0
3.1	  0.0
3.2	  0.0
3.3	  0.0
3.4	  0.0
3.5	  0.0
3.6	  0.0
3.7	  0.0
3.8	  0.0
3.9	  0.0
4.0	  0.0
4.1	  0.0
4.2	  0.0
4.3	  0.0
4.4	  0.0
4.5	  0.0
4.6	  0.0
4.7	  0.0
4.8	  0.0
4.9	  0.0
5.0	  0.0
5.1	  0.0
5.2	  0.0
5.3	  0.0
5.4	  0.0
5.5	  0.0
5.6	  0.0
5.7	  0.0
5.8	  0.0
5.9	  0.0
6.0	  0.0
6.1	  0.0
6.2	  0.0
6.3	  0.0
6.4	  0.0
6.5	  0.0
6.6	  0.0
6.7	  0.0
6.8	  0.0
6.9	  0.0
7.0	  0.0
7.1	  0.0
7.2	  0.0
7.3	  0.0
7.4	  0.0
7.5	  0.0
7.6	  0.0
7.7	  0.0
7.8	  0.0
7.9	  0.0
8.0	  0.0
8.1	  0.0
8.2	  0.0
8.3	  0.0
8.4	  0.0
8.5	  0.0
8.6	  0.0
8.7	  0.0
8.8	  0.0
8.9	  0.0
9.0	  0.0



DATASET #6

     Name: 1 yr Prob
   Points: 66
     Info: 

Data[x,y]:
2.5	  0.69936776
2.6	  0.6172258
2.7	  0.5388
2.8	  0.4635613
2.9	  0.39196128
3.0	  0.3283613
3.1	  0.2744258
3.2	  0.22623226
3.3	  0.18489033
3.4	  0.15181935
3.5	  0.124503225
3.6	  0.10108387
3.7	  0.082141936
3.8	  0.06610323
3.9	  0.05376774
4.0	  0.043483872
4.1	  0.034709677
4.2	  0.027935484
4.3	  0.022670968
4.4	  0.01788387
4.5	  0.014580646
4.6	  0.011948387
4.7	  0.009767742
4.8	  0.008206451
4.9	  0.0067225806
5.0	  0.005483871
5.1	  0.004335484
5.2	  0.0034709678
5.3	  0.002916129
5.4	  0.0024387096
5.5	  0.0020516128
5.6	  0.0016645162
5.7	  0.0013419355
5.8	  0.0010580645
5.9	  8.9032255E-4
6.0	  6.83871E-4
6.1	  5.548387E-4
6.2	  4.1290323E-4
6.3	  3.4838708E-4
6.4	  2.967742E-4
6.5	  2.451613E-4
6.6	  2.3225807E-4
6.7	  1.9354839E-4
6.8	  1.5483871E-4
6.9	  1.5483871E-4
7.0	  1.5483871E-4
7.1	  1.4193548E-4
7.2	  1.16129035E-4
7.3	  1.16129035E-4
7.4	  1.16129035E-4
7.5	  1.0322581E-4
7.6	  2.5806452E-5
7.7	  1.2903226E-5
7.8	  1.2903226E-5
7.9	  0.0
8.0	  0.0
8.1	  0.0
8.2	  0.0
8.3	  0.0
8.4	  0.0
8.5	  0.0
8.6	  0.0
8.7	  0.0
8.8	  0.0
8.9	  0.0
9.0	  0.0



DATASET #7

Name: 95% Conf
Num Points: 66
Info: 

X, Y Data:
2.5	0.69936776	[0.6961231	0.70259255]
2.6	0.6172258	[0.61379147	0.6206485]
2.7	0.5388	[0.5352821	0.5423141]
2.8	0.4635613	[0.46004584	0.46708035]
2.9	0.39196128	[0.3885232	0.39541012]
3.0	0.3283613	[0.3250571	0.33168253]
3.1	0.2744258	[0.27128896	0.27758506]
3.2	0.22623226	[0.22329375	0.22919796]
3.3	0.18489033	[0.18216635	0.1876456]
3.4	0.15181935	[0.14930375	0.15436956]
3.5	0.124503225	[0.12219096	0.12685283]
3.6	0.10108387	[0.09897492	0.10323249]
3.7	0.082141936	[0.08022301	0.08410242]
3.8	0.06610323	[0.06436896	0.06788066]
3.9	0.05376774	[0.05219533	0.05538457]
4.0	0.043483872	[0.042064134	0.044949066]
4.1	0.034709677	[0.03343751	0.036028203]
4.2	0.027935484	[0.02679216	0.029125866]
4.3	0.022670968	[0.021640083	0.023749463]
4.4	0.01788387	[0.016968122	0.018847743]
4.5	0.014580646	[0.013754191	0.015455589]
4.6	0.011948387	[0.011200988	0.012744576]
4.7	0.009767742	[0.009092985	0.01049155]
4.8	0.008206451	[0.007588997	0.0088731535]
4.9	0.0067225806	[0.0061650295	0.0073295794]
5.0	0.005483871	[0.0049817287	0.0060356436]
5.1	0.004335484	[0.0038907295	0.0048300596]
5.2	0.0034709678	[0.0030747184	0.003917205]
5.3	0.002916129	[0.002554303	0.0033280682]
5.4	0.0024387096	[0.002109252	0.0028184063]
5.5	0.0020516128	[0.0017508236	0.0024027622]
5.6	0.0016645162	[0.0013952617	0.0019842784]
5.7	0.0013419355	[0.0011019029	0.0016326334]
5.8	0.0010580645	[8.468192E-4	0.0013201575]
5.9	8.9032255E-4	[6.979359E-4	0.0011336973]
6.0	6.83871E-4	[5.173255E-4	9.0163486E-4]
6.1	5.548387E-4	[4.06471E-4	7.5462356E-4]
6.2	4.1290323E-4	[2.8716115E-4	5.903721E-4]
6.3	3.4838708E-4	[2.342022E-4	5.1449414E-4]
6.4	2.967742E-4	[1.9261855E-4	4.5304914E-4]
6.5	2.451613E-4	[1.5193374E-4	3.9076048E-4]
6.6	2.3225807E-4	[1.4193426E-4	3.7502853E-4]
6.7	1.9354839E-4	[1.1244362E-4	3.2736507E-4]
6.8	1.5483871E-4	[8.390052E-5	2.7884025E-4]
6.9	1.5483871E-4	[8.390052E-5	2.7884025E-4]
7.0	1.5483871E-4	[8.390052E-5	2.7884025E-4]
7.1	1.4193548E-4	[7.4654134E-5	2.6242554E-4]
7.2	1.16129035E-4	[5.6675584E-5	2.2914459E-4]
7.3	1.16129035E-4	[5.6675584E-5	2.2914459E-4]
7.4	1.16129035E-4	[5.6675584E-5	2.2914459E-4]
7.5	1.0322581E-4	[4.7998114E-5	2.1223495E-4]
7.6	2.5806452E-5	[4.4698213E-6	1.0408231E-4]
7.7	1.2903226E-5	[6.7353056E-7	8.380451E-5]
7.8	1.2903226E-5	[6.7353056E-7	8.380451E-5]
7.9	0.0	[0.0	6.179563E-5]
8.0	0.0	[0.0	6.179563E-5]
8.1	0.0	[0.0	6.179563E-5]
8.2	0.0	[0.0	6.179563E-5]
8.3	0.0	[0.0	6.179563E-5]
8.4	0.0	[0.0	0.0]
8.5	0.0	[0.0	0.0]
8.6	0.0	[0.0	0.0]
8.7	0.0	[0.0	0.0]
8.8	0.0	[0.0	0.0]
8.9	0.0	[0.0	0.0]
9.0	0.0	[0.0	0.0]



DATASET #8

     Name: Supra
   Points: 66
     Info: 

Data[x,y]:
2.5	  2.7096775E-4
2.6	  2.7096775E-4
2.7	  2.7096775E-4
2.8	  2.7096775E-4
2.9	  2.7096775E-4
3.0	  2.7096775E-4
3.1	  2.7096775E-4
3.2	  2.7096775E-4
3.3	  2.7096775E-4
3.4	  2.7096775E-4
3.5	  2.7096775E-4
3.6	  2.7096775E-4
3.7	  2.7096775E-4
3.8	  2.7096775E-4
3.9	  2.7096775E-4
4.0	  2.7096775E-4
4.1	  2.7096775E-4
4.2	  2.7096775E-4
4.3	  2.7096775E-4
4.4	  2.7096775E-4
4.5	  2.7096775E-4
4.6	  2.7096775E-4
4.7	  2.7096775E-4
4.8	  2.7096775E-4
4.9	  2.7096775E-4
5.0	  2.7096775E-4
5.1	  2.7096775E-4
5.2	  2.7096775E-4
5.3	  2.7096775E-4
5.4	  2.7096775E-4
5.5	  2.7096775E-4
5.6	  2.7096775E-4
5.7	  2.7096775E-4
5.8	  2.7096775E-4
5.9	  2.7096775E-4
6.0	  2.7096775E-4
6.1	  2.7096775E-4
6.2	  2.7096775E-4
6.3	  2.7096775E-4
6.4	  2.3225807E-4
6.5	  2.1935484E-4
6.6	  2.1935484E-4
6.7	  1.9354839E-4
6.8	  1.5483871E-4
6.9	  1.5483871E-4
7.0	  1.5483871E-4
7.1	  1.4193548E-4
7.2	  1.16129035E-4
7.3	  1.16129035E-4
7.4	  1.16129035E-4
7.5	  1.0322581E-4
7.6	  2.5806452E-5
7.7	  1.2903226E-5
7.8	  1.2903226E-5
7.9	  0.0
8.0	  0.0
8.1	  0.0
8.2	  0.0
8.3	  0.0
8.4	  0.0
8.5	  0.0
8.6	  0.0
8.7	  0.0
8.8	  0.0
8.9	  0.0
9.0	  0.0



DATASET #9

     Name: Primary
   Points: 66
     Info: 

Data[x,y]:
2.5	  1.1965935
2.6	  0.9487484
2.7	  0.75658065
2.8	  0.60169035
2.9	  0.4760645
3.0	  0.37741935
3.1	  0.29972902
3.2	  0.23736775
3.3	  0.18781936
3.4	  0.14901936
3.5	  0.1192129
3.6	  0.09446452
3.7	  0.07512258
3.8	  0.059367742
3.9	  0.047303226
4.0	  0.03762581
4.1	  0.029483872
4.2	  0.023303226
4.3	  0.01876129
4.4	  0.014348387
4.5	  0.011458064
4.6	  0.008967742
4.7	  0.0072129034
4.8	  0.0060387095
4.9	  0.0048129032
5.0	  0.0039096773
5.1	  0.0030580645
5.2	  0.0024774193
5.3	  0.002064516
5.4	  0.0016774194
5.5	  0.0013419355
5.6	  0.0011096774
5.7	  8.516129E-4
5.8	  6.7096774E-4
5.9	  5.548387E-4
6.0	  4.1290323E-4
6.1	  3.0967742E-4
6.2	  2.3225807E-4
6.3	  1.9354839E-4
6.4	  1.5483871E-4
6.5	  1.2903225E-4
6.6	  1.2903225E-4
6.7	  1.16129035E-4
6.8	  9.032258E-5
6.9	  9.032258E-5
7.0	  9.032258E-5
7.1	  7.7419354E-5
7.2	  6.451613E-5
7.3	  6.451613E-5
7.4	  6.451613E-5
7.5	  6.451613E-5
7.6	  2.5806452E-5
7.7	  1.2903226E-5
7.8	  1.2903226E-5
7.9	  0.0
8.0	  0.0
8.1	  0.0
8.2	  0.0
8.3	  0.0
8.4	  0.0
8.5	  0.0
8.6	  0.0
8.7	  0.0
8.8	  0.0
8.9	  0.0
9.0	  0.0


