
X-Axis: Magnitude
Y-Axis: 1 Month Cumulative Number
Number of Data Sets: 9


DATASET #1

     Name: Mean
   Points: 66
     Info: 

Data[x,y]:
2.5	  5196.4487
2.6	  4127.953
2.7	  3279.3193
2.8	  2604.786
2.9	  2068.3657
3.0	  1642.6118
3.1	  1304.9504
3.2	  1036.3195
3.3	  822.89526
3.4	  653.223
3.5	  518.91925
3.6	  412.6243
3.7	  327.9109
3.8	  260.59302
3.9	  207.03804
4.0	  164.26837
4.1	  130.43669
4.2	  103.425224
4.3	  82.025536
4.4	  65.069305
4.5	  51.625847
4.6	  40.880146
4.7	  32.553936
4.8	  25.793642
4.9	  20.447628
5.0	  16.121418
5.1	  12.727983
5.2	  10.015112
5.3	  7.8144865
5.4	  6.100052
5.5	  4.7488275
5.6	  3.6451278
5.7	  2.8045857
5.8	  2.1438248
5.9	  1.6206357
6.0	  1.2324127
6.1	  0.88796246
6.2	  0.57894737
6.3	  0.4413757
6.4	  0.3413236
6.5	  0.2542991
6.6	  0.21104743
6.7	  0.17300677
6.8	  0.1323606
6.9	  0.0990099
7.0	  0.07503908
7.1	  0.06149036
7.2	  0.044293903
7.3	  0.032308493
7.4	  0.027097447
7.5	  0.022407504
7.6	  0.011985409
7.7	  0.0036477332
7.8	  0.002084419
7.9	  0.0010422094
8.0	  0.0
8.1	  0.0
8.2	  0.0
8.3	  0.0
8.4	  0.0
8.5	  0.0
8.6	  0.0
8.7	  0.0
8.8	  0.0
8.9	  0.0
9.0	  0.0



DATASET #2

     Name: 2.5%,97.5%
   Points: 66
     Info: 

Data[x,y]:
2.5	  3473.0
2.6	  2751.0
2.7	  2183.0
2.8	  1718.0
2.9	  1362.0
3.0	  1081.0
3.1	  860.0
3.2	  678.0
3.3	  531.0
3.4	  420.0
3.5	  330.0
3.6	  262.0
3.7	  205.0
3.8	  161.0
3.9	  125.0
4.0	  98.0
4.1	  75.0
4.2	  57.0
4.3	  44.0
4.4	  33.0
4.5	  25.0
4.6	  19.0
4.7	  14.0
4.8	  10.0
4.9	  7.0
5.0	  5.0
5.1	  4.0
5.2	  2.0
5.3	  1.0
5.4	  1.0
5.5	  0.0
5.6	  0.0
5.7	  0.0
5.8	  0.0
5.9	  0.0
6.0	  0.0
6.1	  0.0
6.2	  0.0
6.3	  0.0
6.4	  0.0
6.5	  0.0
6.6	  0.0
6.7	  0.0
6.8	  0.0
6.9	  0.0
7.0	  0.0
7.1	  0.0
7.2	  0.0
7.3	  0.0
7.4	  0.0
7.5	  0.0
7.6	  0.0
7.7	  0.0
7.8	  0.0
7.9	  0.0
8.0	  0.0
8.1	  0.0
8.2	  0.0
8.3	  0.0
8.4	  0.0
8.5	  0.0
8.6	  0.0
8.7	  0.0
8.8	  0.0
8.9	  0.0
9.0	  0.0



DATASET #3

     Name: null
   Points: 66
     Info: 

Data[x,y]:
2.5	  14393.0
2.6	  11495.0
2.7	  9118.0
2.8	  7256.0
2.9	  5738.0
3.0	  4592.0
3.1	  3655.0
3.2	  2882.0
3.3	  2313.0
3.4	  1832.0
3.5	  1458.0
3.6	  1177.0
3.7	  937.0
3.8	  734.0
3.9	  587.0
4.0	  462.0
4.1	  361.0
4.2	  282.0
4.3	  230.0
4.4	  174.0
4.5	  142.0
4.6	  111.0
4.7	  87.0
4.8	  71.0
4.9	  56.0
5.0	  45.0
5.1	  36.0
5.2	  28.0
5.3	  23.0
5.4	  18.0
5.5	  15.0
5.6	  12.0
5.7	  10.0
5.8	  8.0
5.9	  6.0
6.0	  5.0
6.1	  4.0
6.2	  3.0
6.3	  3.0
6.4	  2.0
6.5	  2.0
6.6	  2.0
6.7	  1.0
6.8	  1.0
6.9	  1.0
7.0	  1.0
7.1	  1.0
7.2	  1.0
7.3	  1.0
7.4	  1.0
7.5	  0.0
7.6	  0.0
7.7	  0.0
7.8	  0.0
7.9	  0.0
8.0	  0.0
8.1	  0.0
8.2	  0.0
8.3	  0.0
8.4	  0.0
8.5	  0.0
8.6	  0.0
8.7	  0.0
8.8	  0.0
8.9	  0.0
9.0	  0.0



DATASET #4

     Name: Median
   Points: 66
     Info: 

Data[x,y]:
2.5	  4376.0
2.6	  3473.0
2.7	  2756.0
2.8	  2189.0
2.9	  1743.0
3.0	  1384.0
3.1	  1102.0
3.2	  878.0
3.3	  697.0
3.4	  555.0
3.5	  440.0
3.6	  349.0
3.7	  278.0
3.8	  221.0
3.9	  177.0
4.0	  141.0
4.1	  112.0
4.2	  88.0
4.3	  70.0
4.4	  56.0
4.5	  44.0
4.6	  35.0
4.7	  28.0
4.8	  22.0
4.9	  18.0
5.0	  14.0
5.1	  11.0
5.2	  9.0
5.3	  7.0
5.4	  5.0
5.5	  4.0
5.6	  3.0
5.7	  2.0
5.8	  2.0
5.9	  1.0
6.0	  1.0
6.1	  1.0
6.2	  0.0
6.3	  0.0
6.4	  0.0
6.5	  0.0
6.6	  0.0
6.7	  0.0
6.8	  0.0
6.9	  0.0
7.0	  0.0
7.1	  0.0
7.2	  0.0
7.3	  0.0
7.4	  0.0
7.5	  0.0
7.6	  0.0
7.7	  0.0
7.8	  0.0
7.9	  0.0
8.0	  0.0
8.1	  0.0
8.2	  0.0
8.3	  0.0
8.4	  0.0
8.5	  0.0
8.6	  0.0
8.7	  0.0
8.8	  0.0
8.9	  0.0
9.0	  0.0



DATASET #5

     Name: Mode
   Points: 66
     Info: 

Data[x,y]:
2.5	  4058.0
2.6	  3171.0
2.7	  2482.0
2.8	  2004.0
2.9	  1583.0
3.0	  1248.0
3.1	  974.0
3.2	  798.0
3.3	  603.0
3.4	  511.0
3.5	  412.0
3.6	  325.0
3.7	  237.0
3.8	  210.0
3.9	  161.0
4.0	  117.0
4.1	  101.0
4.2	  77.0
4.3	  63.0
4.4	  50.0
4.5	  39.0
4.6	  32.0
4.7	  27.0
4.8	  21.0
4.9	  15.0
5.0	  11.0
5.1	  10.0
5.2	  7.0
5.3	  6.0
5.4	  5.0
5.5	  3.0
5.6	  2.0
5.7	  1.0
5.8	  1.0
5.9	  1.0
6.0	  0.0
6.1	  0.0
6.2	  0.0
6.3	  0.0
6.4	  0.0
6.5	  0.0
6.6	  0.0
6.7	  0.0
6.8	  0.0
6.9	  0.0
7.0	  0.0
7.1	  0.0
7.2	  0.0
7.3	  0.0
7.4	  0.0
7.5	  0.0
7.6	  0.0
7.7	  0.0
7.8	  0.0
7.9	  0.0
8.0	  0.0
8.1	  0.0
8.2	  0.0
8.3	  0.0
8.4	  0.0
8.5	  0.0
8.6	  0.0
8.7	  0.0
8.8	  0.0
8.9	  0.0
9.0	  0.0



DATASET #6

     Name: 1 mo Prob
   Points: 66
     Info: 

Data[x,y]:
2.5	  1.0
2.6	  1.0
2.7	  1.0
2.8	  1.0
2.9	  1.0
3.0	  1.0
3.1	  1.0
3.2	  1.0
3.3	  1.0
3.4	  1.0
3.5	  1.0
3.6	  1.0
3.7	  1.0
3.8	  1.0
3.9	  1.0
4.0	  1.0
4.1	  1.0
4.2	  1.0
4.3	  1.0
4.4	  1.0
4.5	  1.0
4.6	  1.0
4.7	  1.0
4.8	  1.0
4.9	  1.0
5.0	  0.9994789
5.1	  0.9994789
5.2	  0.99791557
5.3	  0.9927045
5.4	  0.9838458
5.5	  0.96039605
5.6	  0.920271
5.7	  0.86607605
5.8	  0.8019802
5.9	  0.71182907
6.0	  0.61803025
6.1	  0.5101615
6.2	  0.3866597
6.3	  0.32100052
6.4	  0.2558624
6.5	  0.20010422
6.6	  0.17404899
6.7	  0.14695154
6.8	  0.118290775
6.9	  0.09327775
7.0	  0.07243356
7.1	  0.06044815
7.2	  0.044293903
7.3	  0.032308493
7.4	  0.027097447
7.5	  0.022407504
7.6	  0.011985409
7.7	  0.0036477332
7.8	  0.002084419
7.9	  0.0010422094
8.0	  0.0
8.1	  0.0
8.2	  0.0
8.3	  0.0
8.4	  0.0
8.5	  0.0
8.6	  0.0
8.7	  0.0
8.8	  0.0
8.9	  0.0
9.0	  0.0



DATASET #7

Name: 95% Conf
Num Points: 66
Info: 

X, Y Data:
2.5	1.0	[1.0	1.0]
2.6	1.0	[1.0	1.0]
2.7	1.0	[1.0	1.0]
2.8	1.0	[1.0	1.0]
2.9	1.0	[1.0	1.0]
3.0	1.0	[1.0	1.0]
3.1	1.0	[1.0	1.0]
3.2	1.0	[1.0	1.0]
3.3	1.0	[1.0	1.0]
3.4	1.0	[1.0	1.0]
3.5	1.0	[1.0	1.0]
3.6	1.0	[1.0	1.0]
3.7	1.0	[1.0	1.0]
3.8	1.0	[1.0	1.0]
3.9	1.0	[1.0	1.0]
4.0	1.0	[1.0	1.0]
4.1	1.0	[1.0	1.0]
4.2	1.0	[1.0	1.0]
4.3	1.0	[1.0	1.0]
4.4	1.0	[1.0	1.0]
4.5	1.0	[1.0	1.0]
4.6	1.0	[1.0	1.0]
4.7	1.0	[1.0	1.0]
4.8	1.0	[1.0	1.0]
4.9	1.0	[1.0	1.0]
5.0	0.9994789	[0.99662244	0.9999728]
5.1	0.9994789	[0.99662244	0.9999728]
5.2	0.99791557	[0.9942812	0.9993321]
5.3	0.9927045	[0.9874664	0.99584365]
5.4	0.9838458	[0.976858	0.98881227]
5.5	0.96039605	[0.9504233	0.96847457]
5.6	0.920271	[0.9070169	0.93180984]
5.7	0.86607605	[0.84983194	0.8808325]
5.8	0.8019802	[0.7832855	0.8194506]
5.9	0.71182907	[0.6908919	0.7319089]
6.0	0.61803025	[0.5958131	0.6397701]
6.1	0.5101615	[0.4875368	0.53274524]
6.2	0.3866597	[0.36486062	0.40891713]
6.3	0.32100052	[0.30023193	0.34249327]
6.4	0.2558624	[0.23658699	0.27612638]
6.5	0.20010422	[0.18255949	0.21886468]
6.6	0.17404899	[0.15749048	0.19192988]
6.7	0.14695154	[0.1315672	0.16376972]
6.8	0.118290775	[0.10435177	0.13378245]
6.9	0.09327775	[0.08082215	0.107390955]
7.0	0.07243356	[0.061429627	0.08518418]
7.1	0.06044815	[0.05039942	0.07229595]
7.2	0.044293903	[0.035728607	0.054731324]
7.3	0.032308493	[0.025055058	0.04149177]
7.4	0.027097447	[0.020497195	0.035654437]
7.5	0.022407504	[0.016454961	0.030342631]
7.6	0.011985409	[0.007791013	0.01823201]
7.7	0.0036477332	[0.0015993068	0.007859161]
7.8	0.002084419	[6.679229E-4	0.005718829]
7.9	0.0010422094	[1.8053636E-4	0.004194368]
8.0	0.0	[0.0	0.0024907386]
8.1	0.0	[0.0	0.0024907386]
8.2	0.0	[0.0	0.0024907386]
8.3	0.0	[0.0	0.0024907386]
8.4	0.0	[0.0	0.0]
8.5	0.0	[0.0	0.0]
8.6	0.0	[0.0	0.0]
8.7	0.0	[0.0	0.0]
8.8	0.0	[0.0	0.0]
8.9	0.0	[0.0	0.0]
9.0	0.0	[0.0	0.0]



DATASET #8

     Name: Supra
   Points: 66
     Info: 

Data[x,y]:
2.5	  0.3048463
2.6	  0.3048463
2.7	  0.3048463
2.8	  0.3048463
2.9	  0.3048463
3.0	  0.3048463
3.1	  0.3048463
3.2	  0.3048463
3.3	  0.3048463
3.4	  0.3048463
3.5	  0.3048463
3.6	  0.3048463
3.7	  0.3048463
3.8	  0.3048463
3.9	  0.3048463
4.0	  0.3048463
4.1	  0.3048463
4.2	  0.3048463
4.3	  0.3048463
4.4	  0.3048463
4.5	  0.3048463
4.6	  0.3048463
4.7	  0.3048463
4.8	  0.3048463
4.9	  0.3048463
5.0	  0.3048463
5.1	  0.3048463
5.2	  0.3048463
5.3	  0.3048463
5.4	  0.3048463
5.5	  0.3048463
5.6	  0.3048463
5.7	  0.3048463
5.8	  0.3048463
5.9	  0.3048463
6.0	  0.3048463
6.1	  0.26941115
6.2	  0.2204273
6.3	  0.18968213
6.4	  0.17144346
6.5	  0.14695154
6.6	  0.13340281
6.7	  0.116727464
6.8	  0.09848879
6.9	  0.08285566
7.0	  0.066701405
7.1	  0.056800418
7.2	  0.04273059
7.3	  0.031266283
7.4	  0.026055237
7.5	  0.022407504
7.6	  0.011985409
7.7	  0.0036477332
7.8	  0.002084419
7.9	  0.0010422094
8.0	  0.0
8.1	  0.0
8.2	  0.0
8.3	  0.0
8.4	  0.0
8.5	  0.0
8.6	  0.0
8.7	  0.0
8.8	  0.0
8.9	  0.0
9.0	  0.0



DATASET #9

     Name: Primary
   Points: 66
     Info: 

Data[x,y]:
2.5	  2273.159
2.6	  1805.3663
2.7	  1435.0402
2.8	  1139.7092
2.9	  905.271
3.0	  718.9208
3.1	  571.1855
3.2	  453.247
3.3	  359.72693
3.4	  285.66754
3.5	  226.86034
3.6	  180.30171
3.7	  143.40698
3.8	  114.07816
3.9	  90.545074
4.0	  71.83116
4.1	  57.013027
4.2	  45.199585
4.3	  35.866077
4.4	  28.47681
4.5	  22.5654
4.6	  17.838457
4.7	  14.213653
4.8	  11.251694
4.9	  8.921313
5.0	  6.995831
5.1	  5.5148516
5.2	  4.3616467
5.3	  3.392392
5.4	  2.6300156
5.5	  2.050026
5.6	  1.5888484
5.7	  1.2272017
5.8	  0.9405941
5.9	  0.7149557
6.0	  0.53986454
6.1	  0.39187077
6.2	  0.25951016
6.3	  0.19541427
6.4	  0.14695154
6.5	  0.10786868
6.6	  0.09431996
6.7	  0.07972903
6.8	  0.063574776
6.9	  0.05158937
7.0	  0.03960396
7.1	  0.030224076
7.2	  0.02084419
7.3	  0.015633142
7.4	  0.013027619
7.5	  0.00990099
7.6	  0.0052110474
7.7	  0.002084419
7.8	  0.0015633142
7.9	  5.211047E-4
8.0	  0.0
8.1	  0.0
8.2	  0.0
8.3	  0.0
8.4	  0.0
8.5	  0.0
8.6	  0.0
8.7	  0.0
8.8	  0.0
8.9	  0.0
9.0	  0.0


