
X-Axis: Magnitude
Y-Axis: 1 Week Cumulative Number
Number of Data Sets: 9


DATASET #1

     Name: Mean
   Points: 66
     Info: 

Data[x,y]:
2.5	  4121.838
2.6	  3275.4688
2.7	  2600.6248
2.8	  2064.9485
2.9	  1639.9323
3.0	  1302.24
3.1	  1033.5116
3.2	  820.2545
3.3	  650.8869
3.4	  516.5844
3.5	  409.87662
3.6	  325.53726
3.7	  258.9143
3.8	  205.50386
3.9	  163.17139
4.0	  129.59468
4.1	  102.90403
4.2	  81.491005
4.3	  64.467865
4.4	  51.209084
4.5	  40.52528
4.6	  32.095974
4.7	  25.515852
4.8	  20.13282
4.9	  15.964868
5.0	  12.634105
5.1	  9.936589
5.2	  7.8680377
5.3	  6.1559553
5.4	  4.8226223
5.5	  3.7463582
5.6	  2.8860326
5.7	  2.2322195
5.8	  1.7035133
5.9	  1.2596401
6.0	  0.98114824
6.1	  0.72065127
6.2	  0.46186805
6.3	  0.3410454
6.4	  0.24764353
6.5	  0.17823479
6.6	  0.14224507
6.7	  0.11225364
6.8	  0.088260494
6.9	  0.059982862
7.0	  0.04798629
7.1	  0.038560413
7.2	  0.023993146
7.3	  0.016281063
7.4	  0.013710368
7.5	  0.010282776
7.6	  0.005141388
7.7	  0.002570694
7.8	  8.56898E-4
7.9	  8.56898E-4
8.0	  0.0
8.1	  0.0
8.2	  0.0
8.3	  0.0
8.4	  0.0
8.5	  0.0
8.6	  0.0
8.7	  0.0
8.8	  0.0
8.9	  0.0
9.0	  0.0



DATASET #2

     Name: 2.5%,97.5%
   Points: 66
     Info: 

Data[x,y]:
2.5	  2990.0
2.6	  2368.0
2.7	  1873.0
2.8	  1485.0
2.9	  1172.0
3.0	  930.0
3.1	  731.0
3.2	  580.0
3.3	  455.0
3.4	  362.0
3.5	  281.0
3.6	  221.0
3.7	  173.0
3.8	  135.0
3.9	  105.0
4.0	  81.0
4.1	  63.0
4.2	  47.0
4.3	  36.0
4.4	  28.0
4.5	  20.0
4.6	  16.0
4.7	  12.0
4.8	  8.0
4.9	  6.0
5.0	  4.0
5.1	  3.0
5.2	  2.0
5.3	  1.0
5.4	  1.0
5.5	  0.0
5.6	  0.0
5.7	  0.0
5.8	  0.0
5.9	  0.0
6.0	  0.0
6.1	  0.0
6.2	  0.0
6.3	  0.0
6.4	  0.0
6.5	  0.0
6.6	  0.0
6.7	  0.0
6.8	  0.0
6.9	  0.0
7.0	  0.0
7.1	  0.0
7.2	  0.0
7.3	  0.0
7.4	  0.0
7.5	  0.0
7.6	  0.0
7.7	  0.0
7.8	  0.0
7.9	  0.0
8.0	  0.0
8.1	  0.0
8.2	  0.0
8.3	  0.0
8.4	  0.0
8.5	  0.0
8.6	  0.0
8.7	  0.0
8.8	  0.0
8.9	  0.0
9.0	  0.0



DATASET #3

     Name: null
   Points: 66
     Info: 

Data[x,y]:
2.5	  8782.0
2.6	  7013.0
2.7	  5534.0
2.8	  4448.0
2.9	  3493.0
3.0	  2767.0
3.1	  2190.0
3.2	  1714.0
3.3	  1357.0
3.4	  1083.0
3.5	  854.0
3.6	  697.0
3.7	  556.0
3.8	  450.0
3.9	  350.0
4.0	  276.0
4.1	  221.0
4.2	  176.0
4.3	  140.0
4.4	  113.0
4.5	  88.0
4.6	  72.0
4.7	  57.0
4.8	  48.0
4.9	  38.0
5.0	  31.0
5.1	  25.0
5.2	  20.0
5.3	  17.0
5.4	  13.0
5.5	  11.0
5.6	  9.0
5.7	  7.0
5.8	  6.0
5.9	  5.0
6.0	  4.0
6.1	  3.0
6.2	  3.0
6.3	  2.0
6.4	  2.0
6.5	  1.0
6.6	  1.0
6.7	  1.0
6.8	  1.0
6.9	  1.0
7.0	  1.0
7.1	  1.0
7.2	  0.0
7.3	  0.0
7.4	  0.0
7.5	  0.0
7.6	  0.0
7.7	  0.0
7.8	  0.0
7.9	  0.0
8.0	  0.0
8.1	  0.0
8.2	  0.0
8.3	  0.0
8.4	  0.0
8.5	  0.0
8.6	  0.0
8.7	  0.0
8.8	  0.0
8.9	  0.0
9.0	  0.0



DATASET #4

     Name: Median
   Points: 66
     Info: 

Data[x,y]:
2.5	  3629.0
2.6	  2883.0
2.7	  2296.0
2.8	  1820.0
2.9	  1448.0
3.0	  1150.0
3.1	  912.0
3.2	  724.0
3.3	  575.0
3.4	  456.0
3.5	  363.0
3.6	  287.0
3.7	  230.0
3.8	  182.0
3.9	  146.0
4.0	  116.0
4.1	  92.0
4.2	  73.0
4.3	  58.0
4.4	  46.0
4.5	  36.0
4.6	  29.0
4.7	  23.0
4.8	  18.0
4.9	  14.0
5.0	  11.0
5.1	  9.0
5.2	  7.0
5.3	  5.0
5.4	  4.0
5.5	  3.0
5.6	  2.0
5.7	  2.0
5.8	  1.0
5.9	  1.0
6.0	  1.0
6.1	  0.0
6.2	  0.0
6.3	  0.0
6.4	  0.0
6.5	  0.0
6.6	  0.0
6.7	  0.0
6.8	  0.0
6.9	  0.0
7.0	  0.0
7.1	  0.0
7.2	  0.0
7.3	  0.0
7.4	  0.0
7.5	  0.0
7.6	  0.0
7.7	  0.0
7.8	  0.0
7.9	  0.0
8.0	  0.0
8.1	  0.0
8.2	  0.0
8.3	  0.0
8.4	  0.0
8.5	  0.0
8.6	  0.0
8.7	  0.0
8.8	  0.0
8.9	  0.0
9.0	  0.0



DATASET #5

     Name: Mode
   Points: 66
     Info: 

Data[x,y]:
2.5	  3328.0
2.6	  2803.0
2.7	  2364.0
2.8	  1747.0
2.9	  1383.0
3.0	  1181.0
3.1	  901.0
3.2	  699.0
3.3	  551.0
3.4	  451.0
3.5	  346.0
3.6	  273.0
3.7	  228.0
3.8	  180.0
3.9	  139.0
4.0	  104.0
4.1	  90.0
4.2	  73.0
4.3	  55.0
4.4	  43.0
4.5	  35.0
4.6	  24.0
4.7	  22.0
4.8	  18.0
4.9	  12.0
5.0	  10.0
5.1	  8.0
5.2	  7.0
5.3	  4.0
5.4	  4.0
5.5	  3.0
5.6	  2.0
5.7	  1.0
5.8	  1.0
5.9	  0.0
6.0	  0.0
6.1	  0.0
6.2	  0.0
6.3	  0.0
6.4	  0.0
6.5	  0.0
6.6	  0.0
6.7	  0.0
6.8	  0.0
6.9	  0.0
7.0	  0.0
7.1	  0.0
7.2	  0.0
7.3	  0.0
7.4	  0.0
7.5	  0.0
7.6	  0.0
7.7	  0.0
7.8	  0.0
7.9	  0.0
8.0	  0.0
8.1	  0.0
8.2	  0.0
8.3	  0.0
8.4	  0.0
8.5	  0.0
8.6	  0.0
8.7	  0.0
8.8	  0.0
8.9	  0.0
9.0	  0.0



DATASET #6

     Name: 1 wk Prob
   Points: 66
     Info: 

Data[x,y]:
2.5	  1.0
2.6	  1.0
2.7	  1.0
2.8	  1.0
2.9	  1.0
3.0	  1.0
3.1	  1.0
3.2	  1.0
3.3	  1.0
3.4	  1.0
3.5	  1.0
3.6	  1.0
3.7	  1.0
3.8	  1.0
3.9	  1.0
4.0	  1.0
4.1	  1.0
4.2	  1.0
4.3	  1.0
4.4	  1.0
4.5	  1.0
4.6	  1.0
4.7	  1.0
4.8	  1.0
4.9	  1.0
5.0	  1.0
5.1	  1.0
5.2	  0.9974293
5.3	  0.991431
5.4	  0.97686374
5.5	  0.9502999
5.6	  0.9014567
5.7	  0.832048
5.8	  0.7472151
5.9	  0.6435304
6.0	  0.5552699
6.1	  0.45158526
6.2	  0.32562125
6.3	  0.25792632
6.4	  0.19708654
6.5	  0.14738646
6.6	  0.119965725
6.7	  0.09768637
6.8	  0.078834616
6.9	  0.058269065
7.0	  0.047129393
7.1	  0.037703514
7.2	  0.023993146
7.3	  0.016281063
7.4	  0.013710368
7.5	  0.010282776
7.6	  0.005141388
7.7	  0.002570694
7.8	  8.56898E-4
7.9	  8.56898E-4
8.0	  0.0
8.1	  0.0
8.2	  0.0
8.3	  0.0
8.4	  0.0
8.5	  0.0
8.6	  0.0
8.7	  0.0
8.8	  0.0
8.9	  0.0
9.0	  0.0



DATASET #7

Name: 95% Conf
Num Points: 66
Info: 

X, Y Data:
2.5	1.0	[1.0	1.0]
2.6	1.0	[1.0	1.0]
2.7	1.0	[1.0	1.0]
2.8	1.0	[1.0	1.0]
2.9	1.0	[1.0	1.0]
3.0	1.0	[1.0	1.0]
3.1	1.0	[1.0	1.0]
3.2	1.0	[1.0	1.0]
3.3	1.0	[1.0	1.0]
3.4	1.0	[1.0	1.0]
3.5	1.0	[1.0	1.0]
3.6	1.0	[1.0	1.0]
3.7	1.0	[1.0	1.0]
3.8	1.0	[1.0	1.0]
3.9	1.0	[1.0	1.0]
4.0	1.0	[1.0	1.0]
4.1	1.0	[1.0	1.0]
4.2	1.0	[1.0	1.0]
4.3	1.0	[1.0	1.0]
4.4	1.0	[1.0	1.0]
4.5	1.0	[1.0	1.0]
4.6	1.0	[1.0	1.0]
4.7	1.0	[1.0	1.0]
4.8	1.0	[1.0	1.0]
4.9	1.0	[1.0	1.0]
5.0	1.0	[1.0	1.0]
5.1	1.0	[1.0	1.0]
5.2	0.9974293	[0.9918389	0.9993359]
5.3	0.991431	[0.9837479	0.99563974]
5.4	0.97686374	[0.9660438	0.98440176]
5.5	0.9502999	[0.9358094	0.9617349]
5.6	0.9014567	[0.8825566	0.9176567]
5.7	0.832048	[0.8090693	0.85280436]
5.8	0.7472151	[0.7210552	0.7717249]
5.9	0.6435304	[0.6151862	0.6709181]
6.0	0.5552699	[0.5261935	0.58397824]
6.1	0.45158526	[0.42281333	0.48067966]
6.2	0.32562125	[0.29892734	0.35347766]
6.3	0.25792632	[0.23323464	0.28423354]
6.4	0.19708654	[0.17486425	0.22133382]
6.5	0.14738646	[0.12780234	0.16933306]
6.6	0.119965725	[0.10216079	0.14032158]
6.7	0.09768637	[0.08155527	0.11652361]
6.8	0.078834616	[0.06432988	0.096179254]
6.9	0.058269065	[0.04584123	0.073687315]
7.0	0.047129393	[0.036011025	0.061323326]
7.1	0.037703514	[0.027836656	0.050721623]
7.2	0.023993146	[0.016299611	0.034960117]
7.3	0.016281063	[0.01011227	0.025806757]
7.4	0.013710368	[0.008129781	0.022681026]
7.5	0.010282776	[0.0055803214	0.018427664]
7.6	0.005141388	[0.0020916665	0.011753329]
7.7	0.002570694	[6.641386E-4	0.00816112]
7.8	8.56898E-4	[4.4730492E-5	0.005546425]
7.9	8.56898E-4	[4.4730492E-5	0.005546425]
8.0	0.0	[0.0	0.004090415]
8.1	0.0	[0.0	0.004090415]
8.2	0.0	[0.0	0.004090415]
8.3	0.0	[0.0	0.004090415]
8.4	0.0	[0.0	0.0]
8.5	0.0	[0.0	0.0]
8.6	0.0	[0.0	0.0]
8.7	0.0	[0.0	0.0]
8.8	0.0	[0.0	0.0]
8.9	0.0	[0.0	0.0]
9.0	0.0	[0.0	0.0]



DATASET #8

     Name: Supra
   Points: 66
     Info: 

Data[x,y]:
2.5	  0.24764353
2.6	  0.24764353
2.7	  0.24764353
2.8	  0.24764353
2.9	  0.24764353
3.0	  0.24764353
3.1	  0.24764353
3.2	  0.24764353
3.3	  0.24764353
3.4	  0.24764353
3.5	  0.24764353
3.6	  0.24764353
3.7	  0.24764353
3.8	  0.24764353
3.9	  0.24764353
4.0	  0.24764353
4.1	  0.24764353
4.2	  0.24764353
4.3	  0.24764353
4.4	  0.24764353
4.5	  0.24764353
4.6	  0.24764353
4.7	  0.24764353
4.8	  0.24764353
4.9	  0.24764353
5.0	  0.24764353
5.1	  0.24764353
5.2	  0.24764353
5.3	  0.24764353
5.4	  0.24764353
5.5	  0.24764353
5.6	  0.24764353
5.7	  0.24764353
5.8	  0.24764353
5.9	  0.24764353
6.0	  0.24764353
6.1	  0.22536418
6.2	  0.1756641
6.3	  0.14910026
6.4	  0.12253642
6.5	  0.09768637
6.6	  0.086546704
6.7	  0.07626393
6.8	  0.062553555
6.9	  0.04798629
7.0	  0.040274207
7.1	  0.035132818
7.2	  0.023136247
7.3	  0.016281063
7.4	  0.013710368
7.5	  0.010282776
7.6	  0.005141388
7.7	  0.002570694
7.8	  8.56898E-4
7.9	  8.56898E-4
8.0	  0.0
8.1	  0.0
8.2	  0.0
8.3	  0.0
8.4	  0.0
8.5	  0.0
8.6	  0.0
8.7	  0.0
8.8	  0.0
8.9	  0.0
9.0	  0.0



DATASET #9

     Name: Primary
   Points: 66
     Info: 

Data[x,y]:
2.5	  2065.0386
2.6	  1640.4353
2.7	  1302.8612
2.8	  1034.4293
2.9	  821.5861
3.0	  652.4173
3.1	  518.0814
3.2	  410.9306
3.3	  325.79092
3.4	  258.71466
3.5	  205.40874
3.6	  163.23651
3.7	  129.91689
3.8	  103.24079
3.9	  81.85776
4.0	  64.9563
4.1	  51.490147
4.2	  40.82519
4.3	  32.380463
4.4	  25.713797
4.5	  20.381319
4.6	  16.089117
4.7	  12.782348
4.8	  10.07455
4.9	  8.020566
5.0	  6.3496146
5.1	  4.982005
5.2	  4.0017138
5.3	  3.1293917
5.4	  2.4567266
5.5	  1.9023136
5.6	  1.461868
5.7	  1.1319623
5.8	  0.8586118
5.9	  0.63581836
6.0	  0.49014568
6.1	  0.36075407
6.2	  0.22450729
6.3	  0.16795202
6.4	  0.12167952
6.5	  0.09168809
6.6	  0.077120826
6.7	  0.062553555
6.8	  0.049700085
6.9	  0.037703514
7.0	  0.029991431
7.1	  0.023136247
7.2	  0.013710368
7.3	  0.0094258785
7.4	  0.008568981
7.5	  0.006855184
7.6	  0.002570694
7.7	  8.56898E-4
7.8	  0.0
7.9	  0.0
8.0	  0.0
8.1	  0.0
8.2	  0.0
8.3	  0.0
8.4	  0.0
8.5	  0.0
8.6	  0.0
8.7	  0.0
8.8	  0.0
8.9	  0.0
9.0	  0.0


