
X-Axis: Magnitude
Y-Axis: 1 Month Cumulative Number
Number of Data Sets: 9


DATASET #1

     Name: Mean
   Points: 66
     Info: 

Data[x,y]:
2.5	  2869.3213
2.6	  2279.1091
2.7	  1810.2516
2.8	  1437.8765
2.9	  1142.0297
3.0	  907.0554
3.1	  720.34216
3.2	  572.08887
3.3	  454.41168
3.4	  360.96536
3.5	  286.63892
3.6	  227.5965
3.7	  180.75728
3.8	  143.53346
3.9	  113.95568
4.0	  90.45877
4.1	  71.79755
4.2	  56.98188
4.3	  45.20803
4.4	  35.85328
4.5	  28.41432
4.6	  22.5086
4.7	  17.81657
4.8	  14.085
4.9	  11.13063
5.0	  8.78471
5.1	  6.91542
5.2	  5.43302
5.3	  4.25686
5.4	  3.32251
5.5	  2.58152
5.6	  1.99071
5.7	  1.52154
5.8	  1.15095
5.9	  0.85759
6.0	  0.65029
6.1	  0.47784
6.2	  0.32399
6.3	  0.24852
6.4	  0.19119
6.5	  0.14904
6.6	  0.12104
6.7	  0.09807
6.8	  0.08007
6.9	  0.06273
7.0	  0.04853
7.1	  0.04018
7.2	  0.02973
7.3	  0.01986
7.4	  0.01731
7.5	  0.0129
7.6	  0.00682
7.7	  0.002
7.8	  0.00128
7.9	  8.1E-4
8.0	  3.7E-4
8.1	  1.0E-5
8.2	  0.0
8.3	  0.0
8.4	  0.0
8.5	  0.0
8.6	  0.0
8.7	  0.0
8.8	  0.0
8.9	  0.0
9.0	  0.0



DATASET #2

     Name: 2.5%,97.5%
   Points: 66
     Info: 

Data[x,y]:
2.5	  2187.0
2.6	  1732.0
2.7	  1370.0
2.8	  1084.0
2.9	  856.0
3.0	  675.0
3.1	  532.0
3.2	  419.0
3.3	  329.0
3.4	  259.0
3.5	  202.0
3.6	  158.0
3.7	  123.0
3.8	  95.0
3.9	  74.0
4.0	  57.0
4.1	  44.0
4.2	  33.0
4.3	  25.0
4.4	  19.0
4.5	  14.0
4.6	  10.0
4.7	  7.0
4.8	  5.0
4.9	  3.0
5.0	  2.0
5.1	  1.0
5.2	  1.0
5.3	  0.0
5.4	  0.0
5.5	  0.0
5.6	  0.0
5.7	  0.0
5.8	  0.0
5.9	  0.0
6.0	  0.0
6.1	  0.0
6.2	  0.0
6.3	  0.0
6.4	  0.0
6.5	  0.0
6.6	  0.0
6.7	  0.0
6.8	  0.0
6.9	  0.0
7.0	  0.0
7.1	  0.0
7.2	  0.0
7.3	  0.0
7.4	  0.0
7.5	  0.0
7.6	  0.0
7.7	  0.0
7.8	  0.0
7.9	  0.0
8.0	  0.0
8.1	  0.0
8.2	  0.0
8.3	  0.0
8.4	  0.0
8.5	  0.0
8.6	  0.0
8.7	  0.0
8.8	  0.0
8.9	  0.0
9.0	  0.0



DATASET #3

     Name: null
   Points: 66
     Info: 

Data[x,y]:
2.5	  6031.0
2.6	  4793.0
2.7	  3802.0
2.8	  3019.0
2.9	  2398.0
3.0	  1908.0
3.1	  1514.0
3.2	  1207.0
3.3	  958.0
3.4	  764.0
3.5	  607.0
3.6	  483.0
3.7	  384.0
3.8	  307.0
3.9	  244.0
4.0	  195.0
4.1	  155.0
4.2	  124.0
4.3	  99.0
4.4	  79.0
4.5	  64.0
4.6	  51.0
4.7	  41.0
4.8	  33.0
4.9	  27.0
5.0	  22.0
5.1	  18.0
5.2	  14.0
5.3	  12.0
5.4	  10.0
5.5	  8.0
5.6	  7.0
5.7	  5.0
5.8	  4.0
5.9	  4.0
6.0	  3.0
6.1	  3.0
6.2	  2.0
6.3	  2.0
6.4	  2.0
6.5	  1.0
6.6	  1.0
6.7	  1.0
6.8	  1.0
6.9	  1.0
7.0	  1.0
7.1	  1.0
7.2	  1.0
7.3	  0.0
7.4	  0.0
7.5	  0.0
7.6	  0.0
7.7	  0.0
7.8	  0.0
7.9	  0.0
8.0	  0.0
8.1	  0.0
8.2	  0.0
8.3	  0.0
8.4	  0.0
8.5	  0.0
8.6	  0.0
8.7	  0.0
8.8	  0.0
8.9	  0.0
9.0	  0.0



DATASET #4

     Name: Median
   Points: 66
     Info: 

Data[x,y]:
2.5	  2553.0
2.6	  2028.0
2.7	  1612.0
2.8	  1281.0
2.9	  1018.0
3.0	  809.0
3.1	  643.0
3.2	  511.0
3.3	  407.0
3.4	  323.0
3.5	  257.0
3.6	  204.0
3.7	  163.0
3.8	  129.0
3.9	  103.0
4.0	  82.0
4.1	  65.0
4.2	  52.0
4.3	  41.0
4.4	  32.0
4.5	  26.0
4.6	  20.0
4.7	  16.0
4.8	  13.0
4.9	  10.0
5.0	  8.0
5.1	  6.0
5.2	  5.0
5.3	  4.0
5.4	  3.0
5.5	  2.0
5.6	  2.0
5.7	  1.0
5.8	  1.0
5.9	  1.0
6.0	  0.0
6.1	  0.0
6.2	  0.0
6.3	  0.0
6.4	  0.0
6.5	  0.0
6.6	  0.0
6.7	  0.0
6.8	  0.0
6.9	  0.0
7.0	  0.0
7.1	  0.0
7.2	  0.0
7.3	  0.0
7.4	  0.0
7.5	  0.0
7.6	  0.0
7.7	  0.0
7.8	  0.0
7.9	  0.0
8.0	  0.0
8.1	  0.0
8.2	  0.0
8.3	  0.0
8.4	  0.0
8.5	  0.0
8.6	  0.0
8.7	  0.0
8.8	  0.0
8.9	  0.0
9.0	  0.0



DATASET #5

     Name: Mode
   Points: 66
     Info: 

Data[x,y]:
2.5	  2424.0
2.6	  1941.0
2.7	  1509.0
2.8	  1224.0
2.9	  974.0
3.0	  778.0
3.1	  619.0
3.2	  487.0
3.3	  389.0
3.4	  307.0
3.5	  239.0
3.6	  197.0
3.7	  153.0
3.8	  121.0
3.9	  99.0
4.0	  78.0
4.1	  62.0
4.2	  48.0
4.3	  38.0
4.4	  30.0
4.5	  24.0
4.6	  19.0
4.7	  15.0
4.8	  12.0
4.9	  9.0
5.0	  7.0
5.1	  5.0
5.2	  4.0
5.3	  3.0
5.4	  2.0
5.5	  2.0
5.6	  1.0
5.7	  1.0
5.8	  0.0
5.9	  0.0
6.0	  0.0
6.1	  0.0
6.2	  0.0
6.3	  0.0
6.4	  0.0
6.5	  0.0
6.6	  0.0
6.7	  0.0
6.8	  0.0
6.9	  0.0
7.0	  0.0
7.1	  0.0
7.2	  0.0
7.3	  0.0
7.4	  0.0
7.5	  0.0
7.6	  0.0
7.7	  0.0
7.8	  0.0
7.9	  0.0
8.0	  0.0
8.1	  0.0
8.2	  0.0
8.3	  0.0
8.4	  0.0
8.5	  0.0
8.6	  0.0
8.7	  0.0
8.8	  0.0
8.9	  0.0
9.0	  0.0



DATASET #6

     Name: 1 mo Prob
   Points: 66
     Info: 

Data[x,y]:
2.5	  1.0
2.6	  1.0
2.7	  1.0
2.8	  1.0
2.9	  1.0
3.0	  1.0
3.1	  1.0
3.2	  1.0
3.3	  1.0
3.4	  1.0
3.5	  1.0
3.6	  1.0
3.7	  1.0
3.8	  1.0
3.9	  1.0
4.0	  1.0
4.1	  1.0
4.2	  1.0
4.3	  1.0
4.4	  1.0
4.5	  1.0
4.6	  1.0
4.7	  1.0
4.8	  0.99998
4.9	  0.9997
5.0	  0.99849
5.1	  0.99459
5.2	  0.98518
5.3	  0.96469
5.4	  0.92867
5.5	  0.87488
5.6	  0.80393
5.7	  0.71834
5.8	  0.62202
5.9	  0.52123
6.0	  0.43023
6.1	  0.34221
6.2	  0.2494
6.3	  0.19923
6.4	  0.15718
6.5	  0.12525
6.6	  0.1069
6.7	  0.0882
6.8	  0.07386
6.9	  0.0593
7.0	  0.04661
7.1	  0.03912
7.2	  0.02923
7.3	  0.01963
7.4	  0.01712
7.5	  0.01282
7.6	  0.0068
7.7	  0.00199
7.8	  0.00128
7.9	  8.1E-4
8.0	  3.7E-4
8.1	  1.0E-5
8.2	  0.0
8.3	  0.0
8.4	  0.0
8.5	  0.0
8.6	  0.0
8.7	  0.0
8.8	  0.0
8.9	  0.0
9.0	  0.0



DATASET #7

Name: 95% Conf
Num Points: 66
Info: 

X, Y Data:
2.5	1.0	[1.0	1.0]
2.6	1.0	[1.0	1.0]
2.7	1.0	[1.0	1.0]
2.8	1.0	[1.0	1.0]
2.9	1.0	[1.0	1.0]
3.0	1.0	[1.0	1.0]
3.1	1.0	[1.0	1.0]
3.2	1.0	[1.0	1.0]
3.3	1.0	[1.0	1.0]
3.4	1.0	[1.0	1.0]
3.5	1.0	[1.0	1.0]
3.6	1.0	[1.0	1.0]
3.7	1.0	[1.0	1.0]
3.8	1.0	[1.0	1.0]
3.9	1.0	[1.0	1.0]
4.0	1.0	[1.0	1.0]
4.1	1.0	[1.0	1.0]
4.2	1.0	[1.0	1.0]
4.3	1.0	[1.0	1.0]
4.4	1.0	[1.0	1.0]
4.5	1.0	[1.0	1.0]
4.6	1.0	[1.0	1.0]
4.7	1.0	[1.0	1.0]
4.8	0.99998	[0.99991935	0.99999654]
4.9	0.9997	[0.9995659	0.99979395]
5.0	0.99849	[0.998224	0.9987169]
5.1	0.99459	[0.99411076	0.9950308]
5.2	0.98518	[0.98440707	0.98591536]
5.3	0.96469	[0.96352303	0.9658211]
5.4	0.92867	[0.9270532	0.93025374]
5.5	0.87488	[0.8728099	0.87692124]
5.6	0.80393	[0.8014526	0.806384]
5.7	0.71834	[0.7155387	0.7211245]
5.8	0.62202	[0.619005	0.6250256]
5.9	0.52123	[0.518128	0.5243304]
6.0	0.43023	[0.42715904	0.43330634]
6.1	0.34221	[0.33927044	0.34516168]
6.2	0.2494	[0.246723	0.2520963]
6.3	0.19923	[0.19676095	0.20172219]
6.4	0.15718	[0.15493229	0.1594541]
6.5	0.12525	[0.123207845	0.12732102]
6.6	0.1069	[0.104995005	0.10883528]
6.7	0.0882	[0.08645315	0.08997858]
6.8	0.07386	[0.07225031	0.07550253]
6.9	0.0593	[0.057848025	0.06078595]
7.0	0.04661	[0.04531583	0.04793914]
7.1	0.03912	[0.037930988	0.04034457]
7.2	0.02923	[0.028198967	0.030297374]
7.3	0.01963	[0.018783553	0.02051357]
7.4	0.01712	[0.016329462	0.017947868]
7.5	0.01282	[0.012136346	0.013541352]
7.6	0.0068	[0.0063044247	0.007333839]
7.7	0.00199	[0.0017276035	0.002291349]
7.8	0.00128	[0.0010721603	0.0015270172]
7.9	8.1E-4	[6.473529E-4	0.0010120806]
8.0	3.7E-4	[2.6425757E-4	5.157182E-4]
8.1	1.0E-5	[5.219861E-7	6.4949265E-5]
8.2	0.0	[0.0	4.7892154E-5]
8.3	0.0	[0.0	4.7892154E-5]
8.4	0.0	[0.0	0.0]
8.5	0.0	[0.0	0.0]
8.6	0.0	[0.0	0.0]
8.7	0.0	[0.0	0.0]
8.8	0.0	[0.0	0.0]
8.9	0.0	[0.0	0.0]
9.0	0.0	[0.0	0.0]



DATASET #8

     Name: Supra
   Points: 66
     Info: 

Data[x,y]:
2.5	  0.17013
2.6	  0.17013
2.7	  0.17013
2.8	  0.17013
2.9	  0.17013
3.0	  0.17013
3.1	  0.17013
3.2	  0.17013
3.3	  0.17013
3.4	  0.17013
3.5	  0.17013
3.6	  0.17013
3.7	  0.17013
3.8	  0.17013
3.9	  0.17013
4.0	  0.17013
4.1	  0.17013
4.2	  0.17013
4.3	  0.17013
4.4	  0.17013
4.5	  0.17013
4.6	  0.17013
4.7	  0.17013
4.8	  0.17013
4.9	  0.17013
5.0	  0.17013
5.1	  0.17013
5.2	  0.17013
5.3	  0.17013
5.4	  0.17013
5.5	  0.17013
5.6	  0.17012
5.7	  0.17012
5.8	  0.17012
5.9	  0.1701
6.0	  0.16998
6.1	  0.15187
6.2	  0.12631
6.3	  0.11063
6.4	  0.09796
6.5	  0.08677
6.6	  0.07966
6.7	  0.06871
6.8	  0.06032
6.9	  0.05023
7.0	  0.04107
7.1	  0.03582
7.2	  0.02736
7.3	  0.01871
7.4	  0.0167
7.5	  0.01265
7.6	  0.00678
7.7	  0.00198
7.8	  0.00127
7.9	  8.1E-4
8.0	  3.7E-4
8.1	  1.0E-5
8.2	  0.0
8.3	  0.0
8.4	  0.0
8.5	  0.0
8.6	  0.0
8.7	  0.0
8.8	  0.0
8.9	  0.0
9.0	  0.0



DATASET #9

     Name: Primary
   Points: 66
     Info: 

Data[x,y]:
2.5	  1690.3654
2.6	  1342.6273
2.7	  1066.4211
2.8	  847.10266
2.9	  672.79663
3.0	  534.34174
3.1	  424.3283
3.2	  336.9944
3.3	  267.68826
3.4	  212.62471
3.5	  168.82475
3.6	  134.0403
3.7	  106.46827
3.8	  84.53946
3.9	  67.11425
4.0	  53.2792
4.1	  42.28258
4.2	  33.55564
4.3	  26.61885
4.4	  21.11211
4.5	  16.73015
4.6	  13.25564
4.7	  10.49086
4.8	  8.29211
4.9	  6.55669
5.0	  5.17376
5.1	  4.07543
5.2	  3.19988
5.3	  2.50575
5.4	  1.95725
5.5	  1.52229
5.6	  1.17374
5.7	  0.89892
5.8	  0.68058
5.9	  0.50817
6.0	  0.38295
6.1	  0.28235
6.2	  0.19067
6.3	  0.1466
6.4	  0.11158
6.5	  0.08694
6.6	  0.07371
6.7	  0.06014
6.8	  0.05001
6.9	  0.04011
7.0	  0.03103
7.1	  0.02559
7.2	  0.01866
7.3	  0.01217
7.4	  0.01051
7.5	  0.0079
7.6	  0.00427
7.7	  0.00117
7.8	  8.1E-4
7.9	  5.3E-4
8.0	  2.4E-4
8.1	  1.0E-5
8.2	  0.0
8.3	  0.0
8.4	  0.0
8.5	  0.0
8.6	  0.0
8.7	  0.0
8.8	  0.0
8.9	  0.0
9.0	  0.0


