
X-Axis: Magnitude
Y-Axis: 1 Week Cumulative Number
Number of Data Sets: 9


DATASET #1

     Name: Mean
   Points: 66
     Info: 

Data[x,y]:
2.5	  2211.686
2.6	  1756.7601
2.7	  1395.3762
2.8	  1108.3666
2.9	  880.32324
3.0	  699.1945
3.1	  555.2703
3.2	  440.99966
3.3	  350.29123
3.4	  278.24677
3.5	  220.9588
3.6	  175.46593
3.7	  139.34605
3.8	  110.65814
3.9	  87.85309
4.0	  69.73838
4.1	  55.35496
4.2	  43.93281
4.3	  34.85721
4.4	  27.64899
4.5	  21.90493
4.6	  17.35585
4.7	  13.74083
4.8	  10.861
4.9	  8.5821
5.0	  6.77346
5.1	  5.33358
5.2	  4.1897
5.3	  3.28213
5.4	  2.56283
5.5	  1.99074
5.6	  1.53459
5.7	  1.17419
5.8	  0.8882
5.9	  0.6625
6.0	  0.50263
6.1	  0.36923
6.2	  0.24981
6.3	  0.1913
6.4	  0.14686
6.5	  0.11436
6.6	  0.09334
6.7	  0.07584
6.8	  0.0621
6.9	  0.04895
7.0	  0.03795
7.1	  0.03138
7.2	  0.02329
7.3	  0.01549
7.4	  0.01353
7.5	  0.01005
7.6	  0.00541
7.7	  0.00163
7.8	  0.00106
7.9	  7.1E-4
8.0	  3.3E-4
8.1	  1.0E-5
8.2	  0.0
8.3	  0.0
8.4	  0.0
8.5	  0.0
8.6	  0.0
8.7	  0.0
8.8	  0.0
8.9	  0.0
9.0	  0.0



DATASET #2

     Name: 2.5%,97.5%
   Points: 66
     Info: 

Data[x,y]:
2.5	  1751.0
2.6	  1386.0
2.7	  1095.0
2.8	  865.0
2.9	  682.0
3.0	  538.0
3.1	  423.0
3.2	  333.0
3.3	  261.0
3.4	  205.0
3.5	  160.0
3.6	  124.0
3.7	  97.0
3.8	  75.0
3.9	  58.0
4.0	  44.0
4.1	  34.0
4.2	  25.0
4.3	  19.0
4.4	  14.0
4.5	  10.0
4.6	  7.0
4.7	  5.0
4.8	  4.0
4.9	  2.0
5.0	  1.0
5.1	  1.0
5.2	  0.0
5.3	  0.0
5.4	  0.0
5.5	  0.0
5.6	  0.0
5.7	  0.0
5.8	  0.0
5.9	  0.0
6.0	  0.0
6.1	  0.0
6.2	  0.0
6.3	  0.0
6.4	  0.0
6.5	  0.0
6.6	  0.0
6.7	  0.0
6.8	  0.0
6.9	  0.0
7.0	  0.0
7.1	  0.0
7.2	  0.0
7.3	  0.0
7.4	  0.0
7.5	  0.0
7.6	  0.0
7.7	  0.0
7.8	  0.0
7.9	  0.0
8.0	  0.0
8.1	  0.0
8.2	  0.0
8.3	  0.0
8.4	  0.0
8.5	  0.0
8.6	  0.0
8.7	  0.0
8.8	  0.0
8.9	  0.0
9.0	  0.0



DATASET #3

     Name: null
   Points: 66
     Info: 

Data[x,y]:
2.5	  4258.0
2.6	  3380.0
2.7	  2691.0
2.8	  2139.0
2.9	  1698.0
3.0	  1348.0
3.1	  1072.0
3.2	  854.0
3.3	  678.0
3.4	  539.0
3.5	  429.0
3.6	  341.0
3.7	  271.0
3.8	  216.0
3.9	  173.0
4.0	  138.0
4.1	  110.0
4.2	  88.0
4.3	  71.0
4.4	  57.0
4.5	  45.0
4.6	  37.0
4.7	  30.0
4.8	  24.0
4.9	  20.0
5.0	  16.0
5.1	  13.0
5.2	  11.0
5.3	  9.0
5.4	  8.0
5.5	  6.0
5.6	  5.0
5.7	  4.0
5.8	  4.0
5.9	  3.0
6.0	  3.0
6.1	  2.0
6.2	  2.0
6.3	  2.0
6.4	  1.0
6.5	  1.0
6.6	  1.0
6.7	  1.0
6.8	  1.0
6.9	  1.0
7.0	  1.0
7.1	  1.0
7.2	  0.0
7.3	  0.0
7.4	  0.0
7.5	  0.0
7.6	  0.0
7.7	  0.0
7.8	  0.0
7.9	  0.0
8.0	  0.0
8.1	  0.0
8.2	  0.0
8.3	  0.0
8.4	  0.0
8.5	  0.0
8.6	  0.0
8.7	  0.0
8.8	  0.0
8.9	  0.0
9.0	  0.0



DATASET #4

     Name: Median
   Points: 66
     Info: 

Data[x,y]:
2.5	  2005.0
2.6	  1594.0
2.7	  1267.0
2.8	  1007.0
2.9	  800.0
3.0	  636.0
3.1	  506.0
3.2	  402.0
3.3	  320.0
3.4	  254.0
3.5	  202.0
3.6	  161.0
3.7	  128.0
3.8	  102.0
3.9	  81.0
4.0	  64.0
4.1	  51.0
4.2	  40.0
4.3	  32.0
4.4	  25.0
4.5	  20.0
4.6	  16.0
4.7	  13.0
4.8	  10.0
4.9	  8.0
5.0	  6.0
5.1	  5.0
5.2	  4.0
5.3	  3.0
5.4	  2.0
5.5	  2.0
5.6	  1.0
5.7	  1.0
5.8	  1.0
5.9	  0.0
6.0	  0.0
6.1	  0.0
6.2	  0.0
6.3	  0.0
6.4	  0.0
6.5	  0.0
6.6	  0.0
6.7	  0.0
6.8	  0.0
6.9	  0.0
7.0	  0.0
7.1	  0.0
7.2	  0.0
7.3	  0.0
7.4	  0.0
7.5	  0.0
7.6	  0.0
7.7	  0.0
7.8	  0.0
7.9	  0.0
8.0	  0.0
8.1	  0.0
8.2	  0.0
8.3	  0.0
8.4	  0.0
8.5	  0.0
8.6	  0.0
8.7	  0.0
8.8	  0.0
8.9	  0.0
9.0	  0.0



DATASET #5

     Name: Mode
   Points: 66
     Info: 

Data[x,y]:
2.5	  1870.0
2.6	  1574.0
2.7	  1215.0
2.8	  957.0
2.9	  766.0
3.0	  610.0
3.1	  493.0
3.2	  388.0
3.3	  307.0
3.4	  246.0
3.5	  197.0
3.6	  158.0
3.7	  122.0
3.8	  98.0
3.9	  76.0
4.0	  60.0
4.1	  49.0
4.2	  38.0
4.3	  31.0
4.4	  24.0
4.5	  19.0
4.6	  15.0
4.7	  12.0
4.8	  9.0
4.9	  7.0
5.0	  5.0
5.1	  4.0
5.2	  3.0
5.3	  2.0
5.4	  2.0
5.5	  1.0
5.6	  1.0
5.7	  0.0
5.8	  0.0
5.9	  0.0
6.0	  0.0
6.1	  0.0
6.2	  0.0
6.3	  0.0
6.4	  0.0
6.5	  0.0
6.6	  0.0
6.7	  0.0
6.8	  0.0
6.9	  0.0
7.0	  0.0
7.1	  0.0
7.2	  0.0
7.3	  0.0
7.4	  0.0
7.5	  0.0
7.6	  0.0
7.7	  0.0
7.8	  0.0
7.9	  0.0
8.0	  0.0
8.1	  0.0
8.2	  0.0
8.3	  0.0
8.4	  0.0
8.5	  0.0
8.6	  0.0
8.7	  0.0
8.8	  0.0
8.9	  0.0
9.0	  0.0



DATASET #6

     Name: 1 wk Prob
   Points: 66
     Info: 

Data[x,y]:
2.5	  1.0
2.6	  1.0
2.7	  1.0
2.8	  1.0
2.9	  1.0
3.0	  1.0
3.1	  1.0
3.2	  1.0
3.3	  1.0
3.4	  1.0
3.5	  1.0
3.6	  1.0
3.7	  1.0
3.8	  1.0
3.9	  1.0
4.0	  1.0
4.1	  1.0
4.2	  1.0
4.3	  1.0
4.4	  1.0
4.5	  1.0
4.6	  1.0
4.7	  0.99995
4.8	  0.99982
4.9	  0.99894
5.0	  0.99568
5.1	  0.98649
5.2	  0.96754
5.3	  0.93353
5.4	  0.88103
5.5	  0.81257
5.6	  0.73026
5.7	  0.63752
5.8	  0.54021
5.9	  0.44415
6.0	  0.36131
6.1	  0.28315
6.2	  0.2037
6.3	  0.1611
6.4	  0.12596
6.5	  0.09976
6.6	  0.08492
6.7	  0.06994
6.8	  0.05829
6.9	  0.04685
7.0	  0.0368
7.1	  0.03075
7.2	  0.02298
7.3	  0.01533
7.4	  0.0134
7.5	  0.01
7.6	  0.0054
7.7	  0.00162
7.8	  0.00106
7.9	  7.1E-4
8.0	  3.3E-4
8.1	  1.0E-5
8.2	  0.0
8.3	  0.0
8.4	  0.0
8.5	  0.0
8.6	  0.0
8.7	  0.0
8.8	  0.0
8.9	  0.0
9.0	  0.0



DATASET #7

Name: 95% Conf
Num Points: 66
Info: 

X, Y Data:
2.5	1.0	[1.0	1.0]
2.6	1.0	[1.0	1.0]
2.7	1.0	[1.0	1.0]
2.8	1.0	[1.0	1.0]
2.9	1.0	[1.0	1.0]
3.0	1.0	[1.0	1.0]
3.1	1.0	[1.0	1.0]
3.2	1.0	[1.0	1.0]
3.3	1.0	[1.0	1.0]
3.4	1.0	[1.0	1.0]
3.5	1.0	[1.0	1.0]
3.6	1.0	[1.0	1.0]
3.7	1.0	[1.0	1.0]
3.8	1.0	[1.0	1.0]
3.9	1.0	[1.0	1.0]
4.0	1.0	[1.0	1.0]
4.1	1.0	[1.0	1.0]
4.2	1.0	[1.0	1.0]
4.3	1.0	[1.0	1.0]
4.4	1.0	[1.0	1.0]
4.5	1.0	[1.0	1.0]
4.6	1.0	[1.0	1.0]
4.7	0.99995	[0.99987596	0.9999816]
4.8	0.99982	[0.99970937	0.99989]
4.9	0.99894	[0.9987128	0.9991279]
5.0	0.99568	[0.9952488	0.99607265]
5.1	0.98649	[0.98575044	0.9871919]
5.2	0.96754	[0.96641845	0.9686255]
5.3	0.93353	[0.9319643	0.9350623]
5.4	0.88103	[0.87900364	0.88302696]
5.5	0.81257	[0.8101342	0.81498176]
5.6	0.73026	[0.7274953	0.73300695]
5.7	0.63752	[0.63453025	0.6404992]
5.8	0.54021	[0.5371145	0.5433024]
5.9	0.44415	[0.44106758	0.44723672]
6.0	0.36131	[0.35833296	0.36429772]
6.1	0.28315	[0.28036097	0.2859557]
6.2	0.2037	[0.20121017	0.20621264]
6.3	0.1611	[0.1588295	0.1633966]
6.4	0.12596	[0.12391285	0.12803596]
6.5	0.09976	[0.09791295	0.10163788]
6.6	0.08492	[0.08320316	0.08666882]
6.7	0.06994	[0.06837073	0.07154242]
6.8	0.05829	[0.056849804	0.059764247]
6.9	0.04685	[0.045552623	0.048182324]
7.0	0.0368	[0.035645846	0.037989896]
7.1	0.03075	[0.029692948	0.03184327]
7.2	0.02298	[0.022064544	0.023932302]
7.3	0.01533	[0.014582023	0.016115459]
7.4	0.0134	[0.012700938	0.014136709]
7.5	0.01	[0.009397001	0.01064095]
7.6	0.0054	[0.0049595893	0.0058788285]
7.7	0.00162	[0.0013845339	0.0018945219]
7.8	0.00106	[8.7204814E-4	0.001287231]
7.9	7.1E-4	[5.5855705E-4	9.009569E-4]
8.0	3.3E-4	[2.308409E-4	4.6922907E-4]
8.1	1.0E-5	[5.219861E-7	6.4949265E-5]
8.2	0.0	[0.0	4.7892154E-5]
8.3	0.0	[0.0	4.7892154E-5]
8.4	0.0	[0.0	0.0]
8.5	0.0	[0.0	0.0]
8.6	0.0	[0.0	0.0]
8.7	0.0	[0.0	0.0]
8.8	0.0	[0.0	0.0]
8.9	0.0	[0.0	0.0]
9.0	0.0	[0.0	0.0]



DATASET #8

     Name: Supra
   Points: 66
     Info: 

Data[x,y]:
2.5	  0.13784
2.6	  0.13784
2.7	  0.13784
2.8	  0.13784
2.9	  0.13784
3.0	  0.13784
3.1	  0.13784
3.2	  0.13784
3.3	  0.13784
3.4	  0.13784
3.5	  0.13784
3.6	  0.13784
3.7	  0.13784
3.8	  0.13784
3.9	  0.13784
4.0	  0.13784
4.1	  0.13784
4.2	  0.13784
4.3	  0.13784
4.4	  0.13784
4.5	  0.13784
4.6	  0.13784
4.7	  0.13784
4.8	  0.13784
4.9	  0.13784
5.0	  0.13784
5.1	  0.13784
5.2	  0.13784
5.3	  0.13784
5.4	  0.13784
5.5	  0.13784
5.6	  0.13783
5.7	  0.13783
5.8	  0.13783
5.9	  0.13781
6.0	  0.1377
6.1	  0.12354
6.2	  0.1024
6.3	  0.08933
6.4	  0.07858
6.5	  0.06952
6.6	  0.06374
6.7	  0.055
6.8	  0.04809
6.9	  0.04006
7.0	  0.0327
7.1	  0.02829
7.2	  0.0216
7.3	  0.01465
7.4	  0.01307
7.5	  0.00987
7.6	  0.00538
7.7	  0.00161
7.8	  0.00105
7.9	  7.1E-4
8.0	  3.3E-4
8.1	  1.0E-5
8.2	  0.0
8.3	  0.0
8.4	  0.0
8.5	  0.0
8.6	  0.0
8.7	  0.0
8.8	  0.0
8.9	  0.0
9.0	  0.0



DATASET #9

     Name: Primary
   Points: 66
     Info: 

Data[x,y]:
2.5	  1431.1978
2.6	  1136.7852
2.7	  902.9502
2.8	  717.2488
2.9	  569.67914
3.0	  452.45886
3.1	  359.29407
3.2	  285.35516
3.3	  226.6675
3.4	  180.02989
3.5	  142.94844
3.6	  113.50542
3.7	  90.15274
3.8	  71.58884
3.9	  56.831
4.0	  45.11652
4.1	  35.80495
4.2	  28.41399
4.3	  22.54322
4.4	  17.88236
4.5	  14.16631
4.6	  11.22386
4.7	  8.88488
4.8	  7.02214
4.9	  5.55168
5.0	  4.38121
5.1	  3.45008
5.2	  2.70867
5.3	  2.12121
5.4	  1.65706
5.5	  1.2888
5.6	  0.99351
5.7	  0.76148
5.8	  0.57655
5.9	  0.43065
6.0	  0.3247
6.1	  0.23929
6.2	  0.16113
6.3	  0.12411
6.4	  0.09451
6.5	  0.07337
6.6	  0.06242
6.7	  0.05096
6.8	  0.04244
6.9	  0.03418
7.0	  0.02645
7.1	  0.02188
7.2	  0.01592
7.3	  0.01041
7.4	  0.00903
7.5	  0.0068
7.6	  0.0037
7.7	  0.00106
7.8	  7.4E-4
7.9	  5.0E-4
8.0	  2.2E-4
8.1	  1.0E-5
8.2	  0.0
8.3	  0.0
8.4	  0.0
8.5	  0.0
8.6	  0.0
8.7	  0.0
8.8	  0.0
8.9	  0.0
9.0	  0.0


