
X-Axis: Magnitude
Y-Axis: 10 Year Cumulative Number
Number of Data Sets: 8


DATASET #1

     Name: Mean
   Points: 66
     Info: 

Data[x,y]:
2.5	  924.8331
2.6	  734.54956
2.7	  583.32404
2.8	  463.30713
2.9	  367.99426
3.0	  292.36694
3.1	  232.21912
3.2	  184.43614
3.3	  146.51912
3.4	  116.37185
3.5	  92.43508
3.6	  73.41605
3.7	  58.297646
3.8	  46.29215
3.9	  36.750233
4.0	  29.18231
4.1	  23.167206
4.2	  18.379469
4.3	  14.57358
4.4	  11.577875
4.5	  9.173718
4.6	  7.272864
4.7	  5.773487
4.8	  4.575289
4.9	  3.6228175
5.0	  2.8664896
5.1	  2.2621248
5.2	  1.7844573
5.3	  1.401478
5.4	  1.0998614
5.5	  0.8657044
5.6	  0.67450345
5.7	  0.52272516
5.8	  0.40445727
5.9	  0.3091224
6.0	  0.24288684
6.1	  0.17420323
6.2	  0.12718245
6.3	  0.09489607
6.4	  0.070508085
6.5	  0.05078522
6.6	  0.03764434
6.7	  0.026766744
6.8	  0.01926097
6.9	  0.012886836
7.0	  0.00921478
7.1	  0.0068591223
7.2	  0.0049191685
7.3	  0.0030254042
7.4	  0.0024249423
7.5	  0.0015704388
7.6	  6.9284067E-4
7.7	  2.078522E-4
7.8	  9.237875E-5
7.9	  6.928406E-5
8.0	  0.0
8.1	  0.0
8.2	  0.0
8.3	  0.0
8.4	  0.0
8.5	  0.0
8.6	  0.0
8.7	  0.0
8.8	  0.0
8.9	  0.0
9.0	  0.0



DATASET #2

     Name: 2.5%,97.5%
   Points: 66
     Info: 

Data[x,y]:
2.5	  543.0
2.6	  428.0
2.7	  337.0
2.8	  265.0
2.9	  207.0
3.0	  162.0
3.1	  127.0
3.2	  98.0
3.3	  76.0
3.4	  59.0
3.5	  45.0
3.6	  35.0
3.7	  26.0
3.8	  20.0
3.9	  15.0
4.0	  11.0
4.1	  8.0
4.2	  6.0
4.3	  4.0
4.4	  3.0
4.5	  2.0
4.6	  1.0
4.7	  0.0
4.8	  0.0
4.9	  0.0
5.0	  0.0
5.1	  0.0
5.2	  0.0
5.3	  0.0
5.4	  0.0
5.5	  0.0
5.6	  0.0
5.7	  0.0
5.8	  0.0
5.9	  0.0
6.0	  0.0
6.1	  0.0
6.2	  0.0
6.3	  0.0
6.4	  0.0
6.5	  0.0
6.6	  0.0
6.7	  0.0
6.8	  0.0
6.9	  0.0
7.0	  0.0
7.1	  0.0
7.2	  0.0
7.3	  0.0
7.4	  0.0
7.5	  0.0
7.6	  0.0
7.7	  0.0
7.8	  0.0
7.9	  0.0
8.0	  0.0
8.1	  0.0
8.2	  0.0
8.3	  0.0
8.4	  0.0
8.5	  0.0
8.6	  0.0
8.7	  0.0
8.8	  0.0
8.9	  0.0
9.0	  0.0



DATASET #3

     Name: null
   Points: 66
     Info: 

Data[x,y]:
2.5	  2609.0
2.6	  2068.0
2.7	  1639.0
2.8	  1303.0
2.9	  1035.0
3.0	  824.0
3.1	  656.0
3.2	  523.0
3.3	  414.0
3.4	  328.0
3.5	  261.0
3.6	  208.0
3.7	  166.0
3.8	  133.0
3.9	  107.0
4.0	  86.0
4.1	  68.0
4.2	  55.0
4.3	  44.0
4.4	  36.0
4.5	  29.0
4.6	  24.0
4.7	  19.0
4.8	  16.0
4.9	  13.0
5.0	  11.0
5.1	  9.0
5.2	  8.0
5.3	  6.0
5.4	  5.0
5.5	  4.0
5.6	  4.0
5.7	  3.0
5.8	  3.0
5.9	  2.0
6.0	  2.0
6.1	  2.0
6.2	  1.0
6.3	  1.0
6.4	  1.0
6.5	  1.0
6.6	  1.0
6.7	  0.0
6.8	  0.0
6.9	  0.0
7.0	  0.0
7.1	  0.0
7.2	  0.0
7.3	  0.0
7.4	  0.0
7.5	  0.0
7.6	  0.0
7.7	  0.0
7.8	  0.0
7.9	  0.0
8.0	  0.0
8.1	  0.0
8.2	  0.0
8.3	  0.0
8.4	  0.0
8.5	  0.0
8.6	  0.0
8.7	  0.0
8.8	  0.0
8.9	  0.0
9.0	  0.0



DATASET #4

     Name: Median
   Points: 66
     Info: 

Data[x,y]:
2.5	  718.0
2.6	  570.0
2.7	  454.0
2.8	  360.0
2.9	  287.0
3.0	  228.0
3.1	  182.0
3.2	  145.0
3.3	  115.0
3.4	  92.0
3.5	  73.0
3.6	  58.0
3.7	  46.0
3.8	  37.0
3.9	  29.0
4.0	  23.0
4.1	  18.0
4.2	  15.0
4.3	  11.0
4.4	  9.0
4.5	  7.0
4.6	  6.0
4.7	  4.0
4.8	  3.0
4.9	  3.0
5.0	  2.0
5.1	  2.0
5.2	  1.0
5.3	  1.0
5.4	  1.0
5.5	  0.0
5.6	  0.0
5.7	  0.0
5.8	  0.0
5.9	  0.0
6.0	  0.0
6.1	  0.0
6.2	  0.0
6.3	  0.0
6.4	  0.0
6.5	  0.0
6.6	  0.0
6.7	  0.0
6.8	  0.0
6.9	  0.0
7.0	  0.0
7.1	  0.0
7.2	  0.0
7.3	  0.0
7.4	  0.0
7.5	  0.0
7.6	  0.0
7.7	  0.0
7.8	  0.0
7.9	  0.0
8.0	  0.0
8.1	  0.0
8.2	  0.0
8.3	  0.0
8.4	  0.0
8.5	  0.0
8.6	  0.0
8.7	  0.0
8.8	  0.0
8.9	  0.0
9.0	  0.0



DATASET #5

     Name: Mode
   Points: 66
     Info: 

Data[x,y]:
2.5	  632.0
2.6	  527.0
2.7	  386.0
2.8	  314.0
2.9	  259.0
3.0	  201.0
3.1	  165.0
3.2	  126.0
3.3	  100.0
3.4	  84.0
3.5	  64.0
3.6	  48.0
3.7	  42.0
3.8	  30.0
3.9	  25.0
4.0	  20.0
4.1	  16.0
4.2	  13.0
4.3	  10.0
4.4	  7.0
4.5	  6.0
4.6	  4.0
4.7	  3.0
4.8	  2.0
4.9	  2.0
5.0	  1.0
5.1	  1.0
5.2	  0.0
5.3	  0.0
5.4	  0.0
5.5	  0.0
5.6	  0.0
5.7	  0.0
5.8	  0.0
5.9	  0.0
6.0	  0.0
6.1	  0.0
6.2	  0.0
6.3	  0.0
6.4	  0.0
6.5	  0.0
6.6	  0.0
6.7	  0.0
6.8	  0.0
6.9	  0.0
7.0	  0.0
7.1	  0.0
7.2	  0.0
7.3	  0.0
7.4	  0.0
7.5	  0.0
7.6	  0.0
7.7	  0.0
7.8	  0.0
7.9	  0.0
8.0	  0.0
8.1	  0.0
8.2	  0.0
8.3	  0.0
8.4	  0.0
8.5	  0.0
8.6	  0.0
8.7	  0.0
8.8	  0.0
8.9	  0.0
9.0	  0.0



DATASET #6

     Name: 10 yr Prob
   Points: 66
     Info: 

Data[x,y]:
2.5	  1.0
2.6	  1.0
2.7	  1.0
2.8	  1.0
2.9	  1.0
3.0	  1.0
3.1	  1.0
3.2	  1.0
3.3	  1.0
3.4	  1.0
3.5	  1.0
3.6	  1.0
3.7	  1.0
3.8	  1.0
3.9	  1.0
4.0	  1.0
4.1	  0.99997693
4.2	  0.99997693
4.3	  0.99983835
4.4	  0.9991917
4.5	  0.9958891
4.6	  0.98720556
4.7	  0.97154737
4.8	  0.9436028
4.9	  0.901455
5.0	  0.8448499
5.1	  0.77348727
5.2	  0.6956582
5.3	  0.61584294
5.4	  0.5335335
5.5	  0.45581988
5.6	  0.38355657
5.7	  0.31847575
5.8	  0.2613164
5.9	  0.21103926
6.0	  0.17235565
6.1	  0.13124712
6.2	  0.100715935
6.3	  0.077228636
6.4	  0.058683604
6.5	  0.043602772
6.6	  0.033441108
6.7	  0.024526559
6.8	  0.017967667
6.9	  0.012378753
7.0	  0.008960739
7.1	  0.006743649
7.2	  0.004872979
7.3	  0.0029792148
7.4	  0.002378753
7.5	  0.0015242494
7.6	  6.4665126E-4
7.7	  1.847575E-4
7.8	  9.237875E-5
7.9	  6.928406E-5
8.0	  0.0
8.1	  0.0
8.2	  0.0
8.3	  0.0
8.4	  0.0
8.5	  0.0
8.6	  0.0
8.7	  0.0
8.8	  0.0
8.9	  0.0
9.0	  0.0



DATASET #7

Name: 95% Conf
Num Points: 66
Info: 

X, Y Data:
2.5	1.0	[1.0	1.0]
2.6	1.0	[1.0	1.0]
2.7	1.0	[1.0	1.0]
2.8	1.0	[1.0	1.0]
2.9	1.0	[1.0	1.0]
3.0	1.0	[1.0	1.0]
3.1	1.0	[1.0	1.0]
3.2	1.0	[1.0	1.0]
3.3	1.0	[1.0	1.0]
3.4	1.0	[1.0	1.0]
3.5	1.0	[1.0	1.0]
3.6	1.0	[1.0	1.0]
3.7	1.0	[1.0	1.0]
3.8	1.0	[1.0	1.0]
3.9	1.0	[1.0	1.0]
4.0	1.0	[1.0	1.0]
4.1	0.99997693	[0.99985003	0.9999988]
4.2	0.99997693	[0.99985003	0.9999988]
4.3	0.99983835	[0.99965084	0.99992913]
4.4	0.9991917	[0.9988627	0.9994284]
4.5	0.9958891	[0.9952285	0.99646014]
4.6	0.98720556	[0.9860909	0.9882328]
4.7	0.97154737	[0.96992713	0.9730833]
4.8	0.9436028	[0.94137853	0.9457479]
4.9	0.901455	[0.89860016	0.9042382]
5.0	0.8448499	[0.84139746	0.8482409]
5.1	0.77348727	[0.7695089	0.777417]
5.2	0.6956582	[0.6912954	0.6999862]
5.3	0.61584294	[0.61123985	0.62042546]
5.4	0.5335335	[0.5288202	0.5382408]
5.5	0.45581988	[0.4511213	0.4605263]
5.6	0.38355657	[0.3789755	0.38815838]
5.7	0.31847575	[0.31409228	0.32289153]
5.8	0.2613164	[0.25718787	0.26548737]
5.9	0.21103926	[0.20721006	0.21491988]
6.0	0.17235565	[0.16881579	0.17595384]
6.1	0.13124712	[0.1280878	0.13447209]
6.2	0.100715935	[0.097905144	0.10359786]
6.3	0.077228636	[0.07474012	0.07979251]
6.4	0.058683604	[0.05649736	0.06094855]
6.5	0.043602772	[0.041708134	0.04557887]
6.6	0.033441108	[0.031777374	0.035188183]
6.7	0.024526559	[0.023100054	0.026038093]
6.8	0.017967667	[0.01674742	0.01927423]
6.9	0.012378753	[0.011368625	0.013476356]
7.0	0.008960739	[0.008104666	0.009905066]
7.1	0.006743649	[0.0060044224	0.0075717005]
7.2	0.004872979	[0.0042487723	0.005586577]
7.3	0.0029792148	[0.0024975303	0.0035510596]
7.4	0.002378753	[0.0019515117	0.0028964963]
7.5	0.0015242494	[0.0011882123	0.0019514881]
7.6	6.4665126E-4	[4.3801527E-4	9.4808656E-4]
7.7	1.847575E-4	[8.590996E-5	3.7984597E-4]
7.8	9.237875E-5	[2.9592711E-5	2.5403366E-4]
7.9	6.928406E-5	[1.7893437E-5	2.2076844E-4]
8.0	0.0	[0.0	1.1059981E-4]
8.1	0.0	[0.0	1.1059981E-4]
8.2	0.0	[0.0	1.1059981E-4]
8.3	0.0	[0.0	1.1059981E-4]
8.4	0.0	[0.0	0.0]
8.5	0.0	[0.0	0.0]
8.6	0.0	[0.0	0.0]
8.7	0.0	[0.0	0.0]
8.8	0.0	[0.0	0.0]
8.9	0.0	[0.0	0.0]
9.0	0.0	[0.0	0.0]



DATASET #8

     Name: Primary
   Points: 66
     Info: 

Data[x,y]:
2.5	  417.8974
2.6	  331.88876
2.7	  263.53854
2.8	  209.29816
2.9	  166.2685
3.0	  132.12044
3.1	  104.94587
3.2	  83.33446
3.3	  66.17861
3.4	  52.575542
3.5	  41.766006
3.6	  33.16499
3.7	  26.337206
3.8	  20.922194
3.9	  16.60582
4.0	  13.191916
4.1	  10.473072
4.2	  8.301063
4.3	  6.584157
4.4	  5.2317553
4.5	  4.147575
4.6	  3.2893534
4.7	  2.6142495
4.8	  2.0690532
4.9	  1.6394458
5.0	  1.2986605
5.1	  1.0222633
5.2	  0.8056582
5.3	  0.63161665
5.4	  0.49318707
5.5	  0.38709006
5.6	  0.30016166
5.7	  0.23083141
5.8	  0.17699769
5.9	  0.13441108
6.0	  0.10311779
6.1	  0.07635104
6.2	  0.05591224
6.3	  0.041224018
6.4	  0.029653579
6.5	  0.020854503
6.6	  0.015427251
6.7	  0.01069284
6.8	  0.0074364897
6.9	  0.004757506
7.0	  0.00295612
7.1	  0.0018937645
7.2	  0.0013394919
7.3	  9.0069283E-4
7.4	  7.159353E-4
7.5	  4.157044E-4
7.6	  1.6166281E-4
7.7	  4.6189376E-5
7.8	  2.3094688E-5
7.9	  2.3094688E-5
8.0	  0.0
8.1	  0.0
8.2	  0.0
8.3	  0.0
8.4	  0.0
8.5	  0.0
8.6	  0.0
8.7	  0.0
8.8	  0.0
8.9	  0.0
9.0	  0.0


