
X-Axis: Magnitude
Y-Axis: 1 Month Cumulative Number
Number of Data Sets: 8


DATASET #1

     Name: Mean
   Points: 66
     Info: 

Data[x,y]:
2.5	  513.8303
2.6	  408.07242
2.7	  324.11688
2.8	  257.4114
2.9	  204.45433
3.0	  162.43317
3.1	  129.02786
3.2	  102.48779
3.3	  81.42656
3.4	  64.68101
3.5	  51.38279
3.6	  40.79077
3.7	  32.38908
3.8	  25.72275
3.9	  20.42329
4.0	  16.22635
4.1	  12.8872
4.2	  10.22969
4.3	  8.11353
4.4	  6.44237
4.5	  5.10958
4.6	  4.05399
4.7	  3.21701
4.8	  2.54713
4.9	  2.01343
5.0	  1.59103
5.1	  1.25513
5.2	  0.99034
5.3	  0.78138
5.4	  0.61297
5.5	  0.48165
5.6	  0.37461
5.7	  0.2904
5.8	  0.22428
5.9	  0.17202
6.0	  0.13501
6.1	  0.0976
6.2	  0.07134
6.3	  0.05263
6.4	  0.03857
6.5	  0.02797
6.6	  0.0204
6.7	  0.01452
6.8	  0.01024
6.9	  0.00696
7.0	  0.00489
7.1	  0.00341
7.2	  0.00245
7.3	  0.00167
7.4	  0.00136
7.5	  0.001
7.6	  5.5E-4
7.7	  1.8E-4
7.8	  1.3E-4
7.9	  1.0E-4
8.0	  2.0E-5
8.1	  0.0
8.2	  0.0
8.3	  0.0
8.4	  0.0
8.5	  0.0
8.6	  0.0
8.7	  0.0
8.8	  0.0
8.9	  0.0
9.0	  0.0



DATASET #2

     Name: 2.5%,97.5%
   Points: 66
     Info: 

Data[x,y]:
2.5	  352.0
2.6	  276.0
2.7	  216.0
2.8	  169.0
2.9	  132.0
3.0	  103.0
3.1	  79.0
3.2	  61.0
3.3	  47.0
3.4	  36.0
3.5	  27.0
3.6	  21.0
3.7	  15.0
3.8	  11.0
3.9	  8.0
4.0	  6.0
4.1	  4.0
4.2	  3.0
4.3	  2.0
4.4	  1.0
4.5	  1.0
4.6	  0.0
4.7	  0.0
4.8	  0.0
4.9	  0.0
5.0	  0.0
5.1	  0.0
5.2	  0.0
5.3	  0.0
5.4	  0.0
5.5	  0.0
5.6	  0.0
5.7	  0.0
5.8	  0.0
5.9	  0.0
6.0	  0.0
6.1	  0.0
6.2	  0.0
6.3	  0.0
6.4	  0.0
6.5	  0.0
6.6	  0.0
6.7	  0.0
6.8	  0.0
6.9	  0.0
7.0	  0.0
7.1	  0.0
7.2	  0.0
7.3	  0.0
7.4	  0.0
7.5	  0.0
7.6	  0.0
7.7	  0.0
7.8	  0.0
7.9	  0.0
8.0	  0.0
8.1	  0.0
8.2	  0.0
8.3	  0.0
8.4	  0.0
8.5	  0.0
8.6	  0.0
8.7	  0.0
8.8	  0.0
8.9	  0.0
9.0	  0.0



DATASET #3

     Name: null
   Points: 66
     Info: 

Data[x,y]:
2.5	  1121.0
2.6	  889.0
2.7	  707.0
2.8	  561.0
2.9	  447.0
3.0	  356.0
3.1	  283.0
3.2	  226.0
3.3	  180.0
3.4	  144.0
3.5	  115.0
3.6	  92.0
3.7	  74.0
3.8	  59.0
3.9	  48.0
4.0	  39.0
4.1	  31.0
4.2	  26.0
4.3	  21.0
4.4	  17.0
4.5	  14.0
4.6	  12.0
4.7	  10.0
4.8	  8.0
4.9	  7.0
5.0	  6.0
5.1	  5.0
5.2	  4.0
5.3	  4.0
5.4	  3.0
5.5	  3.0
5.6	  2.0
5.7	  2.0
5.8	  2.0
5.9	  2.0
6.0	  1.0
6.1	  1.0
6.2	  1.0
6.3	  1.0
6.4	  1.0
6.5	  1.0
6.6	  0.0
6.7	  0.0
6.8	  0.0
6.9	  0.0
7.0	  0.0
7.1	  0.0
7.2	  0.0
7.3	  0.0
7.4	  0.0
7.5	  0.0
7.6	  0.0
7.7	  0.0
7.8	  0.0
7.9	  0.0
8.0	  0.0
8.1	  0.0
8.2	  0.0
8.3	  0.0
8.4	  0.0
8.5	  0.0
8.6	  0.0
8.7	  0.0
8.8	  0.0
8.9	  0.0
9.0	  0.0



DATASET #4

     Name: Median
   Points: 66
     Info: 

Data[x,y]:
2.5	  438.0
2.6	  348.0
2.7	  277.0
2.8	  221.0
2.9	  176.0
3.0	  140.0
3.1	  111.0
3.2	  88.0
3.3	  70.0
3.4	  56.0
3.5	  45.0
3.6	  35.0
3.7	  28.0
3.8	  22.0
3.9	  18.0
4.0	  14.0
4.1	  11.0
4.2	  9.0
4.3	  7.0
4.4	  5.0
4.5	  4.0
4.6	  3.0
4.7	  3.0
4.8	  2.0
4.9	  2.0
5.0	  1.0
5.1	  1.0
5.2	  1.0
5.3	  0.0
5.4	  0.0
5.5	  0.0
5.6	  0.0
5.7	  0.0
5.8	  0.0
5.9	  0.0
6.0	  0.0
6.1	  0.0
6.2	  0.0
6.3	  0.0
6.4	  0.0
6.5	  0.0
6.6	  0.0
6.7	  0.0
6.8	  0.0
6.9	  0.0
7.0	  0.0
7.1	  0.0
7.2	  0.0
7.3	  0.0
7.4	  0.0
7.5	  0.0
7.6	  0.0
7.7	  0.0
7.8	  0.0
7.9	  0.0
8.0	  0.0
8.1	  0.0
8.2	  0.0
8.3	  0.0
8.4	  0.0
8.5	  0.0
8.6	  0.0
8.7	  0.0
8.8	  0.0
8.9	  0.0
9.0	  0.0



DATASET #5

     Name: Mode
   Points: 66
     Info: 

Data[x,y]:
2.5	  409.0
2.6	  325.0
2.7	  253.0
2.8	  203.0
2.9	  165.0
3.0	  130.0
3.1	  104.0
3.2	  82.0
3.3	  65.0
3.4	  53.0
3.5	  39.0
3.6	  32.0
3.7	  26.0
3.8	  20.0
3.9	  16.0
4.0	  12.0
4.1	  9.0
4.2	  7.0
4.3	  6.0
4.4	  5.0
4.5	  3.0
4.6	  3.0
4.7	  2.0
4.8	  1.0
4.9	  1.0
5.0	  1.0
5.1	  0.0
5.2	  0.0
5.3	  0.0
5.4	  0.0
5.5	  0.0
5.6	  0.0
5.7	  0.0
5.8	  0.0
5.9	  0.0
6.0	  0.0
6.1	  0.0
6.2	  0.0
6.3	  0.0
6.4	  0.0
6.5	  0.0
6.6	  0.0
6.7	  0.0
6.8	  0.0
6.9	  0.0
7.0	  0.0
7.1	  0.0
7.2	  0.0
7.3	  0.0
7.4	  0.0
7.5	  0.0
7.6	  0.0
7.7	  0.0
7.8	  0.0
7.9	  0.0
8.0	  0.0
8.1	  0.0
8.2	  0.0
8.3	  0.0
8.4	  0.0
8.5	  0.0
8.6	  0.0
8.7	  0.0
8.8	  0.0
8.9	  0.0
9.0	  0.0



DATASET #6

     Name: 1 mo Prob
   Points: 66
     Info: 

Data[x,y]:
2.5	  1.0
2.6	  1.0
2.7	  1.0
2.8	  1.0
2.9	  1.0
3.0	  1.0
3.1	  1.0
3.2	  1.0
3.3	  1.0
3.4	  1.0
3.5	  1.0
3.6	  1.0
3.7	  1.0
3.8	  1.0
3.9	  1.0
4.0	  1.0
4.1	  0.99989
4.2	  0.99925
4.3	  0.99685
4.4	  0.99031
4.5	  0.9756
4.6	  0.9489
4.7	  0.90787
4.8	  0.85248
4.9	  0.78313
5.0	  0.70596
5.1	  0.6239
5.2	  0.54173
5.3	  0.46401
5.4	  0.3905
5.5	  0.32492
5.6	  0.2664
5.7	  0.21606
5.8	  0.17266
5.9	  0.13656
6.0	  0.10978
6.1	  0.08227
6.2	  0.06207
6.3	  0.04668
6.4	  0.03462
6.5	  0.02538
6.6	  0.01885
6.7	  0.01352
6.8	  0.00968
6.9	  0.00675
7.0	  0.00475
7.1	  0.00333
7.2	  0.00242
7.3	  0.00165
7.4	  0.00134
7.5	  9.8E-4
7.6	  5.4E-4
7.7	  1.8E-4
7.8	  1.3E-4
7.9	  1.0E-4
8.0	  2.0E-5
8.1	  0.0
8.2	  0.0
8.3	  0.0
8.4	  0.0
8.5	  0.0
8.6	  0.0
8.7	  0.0
8.8	  0.0
8.9	  0.0
9.0	  0.0



DATASET #7

Name: 95% Conf
Num Points: 66
Info: 

X, Y Data:
2.5	1.0	[1.0	1.0]
2.6	1.0	[1.0	1.0]
2.7	1.0	[1.0	1.0]
2.8	1.0	[1.0	1.0]
2.9	1.0	[1.0	1.0]
3.0	1.0	[1.0	1.0]
3.1	1.0	[1.0	1.0]
3.2	1.0	[1.0	1.0]
3.3	1.0	[1.0	1.0]
3.4	1.0	[1.0	1.0]
3.5	1.0	[1.0	1.0]
3.6	1.0	[1.0	1.0]
3.7	1.0	[1.0	1.0]
3.8	1.0	[1.0	1.0]
3.9	1.0	[1.0	1.0]
4.0	1.0	[1.0	1.0]
4.1	0.99989	[0.9997966	0.9999421]
4.2	0.99925	[0.9990545	0.99940604]
4.3	0.99685	[0.9964778	0.9971835]
4.4	0.99031	[0.98967856	0.99090344]
4.5	0.9756	[0.9746202	0.97654307]
4.6	0.9489	[0.9475128	0.9502526]
4.7	0.90787	[0.9060567	0.9096519]
4.8	0.85248	[0.8502635	0.8546694]
4.9	0.78313	[0.78055984	0.7856784]
5.0	0.70596	[0.7031232	0.70878094]
5.1	0.6239	[0.62088794	0.6269026]
5.2	0.54173	[0.53863525	0.54482156]
5.3	0.46401	[0.46091545	0.46710733]
5.4	0.3905	[0.38747546	0.39353296]
5.5	0.32492	[0.32201895	0.32783452]
5.6	0.2664	[0.263664	0.26915395]
5.7	0.21606	[0.2135151	0.21862675]
5.8	0.17266	[0.17032504	0.17502017]
5.9	0.13656	[0.13444069	0.13870731]
6.0	0.10978	[0.1078524	0.11173766]
6.1	0.08227	[0.08057798	0.08399422]
6.2	0.06207	[0.06058633	0.06358743]
6.3	0.04668	[0.04538489	0.04801007]
6.4	0.03462	[0.033499736	0.035776176]
6.5	0.02538	[0.024418365	0.026378287]
6.6	0.01885	[0.0180205	0.019716686]
6.7	0.01352	[0.0128177935	0.014259843]
6.8	0.00968	[0.00908686	0.010311121]
6.9	0.00675	[0.0062562893	0.0072819795]
7.0	0.00475	[0.0043376754	0.00520082]
7.1	0.00333	[0.0029867734	0.0037119188]
7.2	0.00242	[0.002129299	0.002749556]
7.3	0.00165	[0.0014122424	0.0019268041]
7.4	0.00134	[0.0011270395	0.0015921139]
7.5	9.8E-4	[7.9978583E-4	0.0011995371]
7.6	5.4E-4	[4.0958758E-4	7.101062E-4]
7.7	1.8E-4	[1.0999825E-4	2.9065256E-4]
7.8	1.3E-4	[7.23001E-5	2.287271E-4]
7.9	1.0E-4	[5.08174E-5	1.9054979E-4]
8.0	2.0E-5	[3.4641096E-6	8.066479E-5]
8.1	0.0	[0.0	4.7892154E-5]
8.2	0.0	[0.0	4.7892154E-5]
8.3	0.0	[0.0	4.7892154E-5]
8.4	0.0	[0.0	0.0]
8.5	0.0	[0.0	0.0]
8.6	0.0	[0.0	0.0]
8.7	0.0	[0.0	0.0]
8.8	0.0	[0.0	0.0]
8.9	0.0	[0.0	0.0]
9.0	0.0	[0.0	0.0]



DATASET #8

     Name: Primary
   Points: 66
     Info: 

Data[x,y]:
2.5	  308.6415
2.6	  245.11125
2.7	  194.66953
2.8	  154.60245
2.9	  122.80678
3.0	  97.56531
3.1	  77.49249
3.2	  61.5537
3.3	  48.88371
3.4	  38.82953
3.5	  30.83573
3.6	  24.47172
3.7	  19.43525
3.8	  15.43316
3.9	  12.24912
4.0	  9.73361
4.1	  7.72969
4.2	  6.13225
4.3	  4.86189
4.4	  3.86248
4.5	  3.06386
4.6	  2.43091
4.7	  1.92788
4.8	  1.52611
4.9	  1.20701
5.0	  0.95322
5.1	  0.7508
5.2	  0.59175
5.3	  0.46612
5.4	  0.36468
5.5	  0.28572
5.6	  0.22191
5.7	  0.1717
5.8	  0.1312
5.9	  0.09993
6.0	  0.07762
6.1	  0.0572
6.2	  0.04189
6.3	  0.0311
6.4	  0.02232
6.5	  0.01611
6.6	  0.01159
6.7	  0.00815
6.8	  0.00579
6.9	  0.00382
7.0	  0.00253
7.1	  0.00166
7.2	  0.00113
7.3	  7.2E-4
7.4	  5.7E-4
7.5	  4.2E-4
7.6	  2.2E-4
7.7	  6.0E-5
7.8	  4.0E-5
7.9	  2.0E-5
8.0	  0.0
8.1	  0.0
8.2	  0.0
8.3	  0.0
8.4	  0.0
8.5	  0.0
8.6	  0.0
8.7	  0.0
8.8	  0.0
8.9	  0.0
9.0	  0.0


