
X-Axis: Magnitude
Y-Axis: Cumulative Annual Rate (1/yr)
Number of Data Sets: 8


DATASET #1

     Name: Mean
   Points: 41
     Info: 

Data[x,y]:
5.0	  7.9285593
5.1	  6.277179
5.2	  4.973131
5.3	  3.9224167
5.4	  3.0987618
5.5	  2.4378333
5.6	  1.9170595
5.7	  1.5020833
5.8	  1.1722976
5.9	  0.9017738
6.0	  0.7167619
6.1	  0.5526786
6.2	  0.43357143
6.3	  0.3374762
6.4	  0.258
6.5	  0.19610715
6.6	  0.15058333
6.7	  0.11217857
6.8	  0.08457143
6.9	  0.063869044
7.0	  0.04763095
7.1	  0.03454762
7.2	  0.023869047
7.3	  0.017333332
7.4	  0.011309524
7.5	  0.006916667
7.6	  0.004190476
7.7	  0.0019880952
7.8	  9.642857E-4
7.9	  4.047619E-4
8.0	  1.7857143E-4
8.1	  1.1904762E-5
8.2	  0.0
8.3	  0.0
8.4	  0.0
8.5	  0.0
8.6	  0.0
8.7	  0.0
8.8	  0.0
8.9	  0.0
9.0	  0.0



DATASET #2

     Name: 2.5%,16%,84%,97.5%
   Points: 41
     Info: 

Data[x,y]:
5.0	  5.892857
5.1	  4.642857
5.2	  3.607143
5.3	  2.75
5.4	  2.107143
5.5	  1.6071428
5.6	  1.2142857
5.7	  0.9285714
5.8	  0.6785714
5.9	  0.5
6.0	  0.35714287
6.1	  0.25
6.2	  0.17857143
6.3	  0.10714286
6.4	  0.071428575
6.5	  0.035714287
6.6	  0.035714287
6.7	  0.0
6.8	  0.0
6.9	  0.0
7.0	  0.0
7.1	  0.0
7.2	  0.0
7.3	  0.0
7.4	  0.0
7.5	  0.0
7.6	  0.0
7.7	  0.0
7.8	  0.0
7.9	  0.0
8.0	  0.0
8.1	  0.0
8.2	  0.0
8.3	  0.0
8.4	  0.0
8.5	  0.0
8.6	  0.0
8.7	  0.0
8.8	  0.0
8.9	  0.0
9.0	  0.0



DATASET #3

     Name: 
   Points: 41
     Info: 

Data[x,y]:
5.0	  6.75
5.1	  5.321429
5.2	  4.178571
5.3	  3.2857144
5.4	  2.5714285
5.5	  1.9642857
5.6	  1.5357143
5.7	  1.1785715
5.8	  0.89285713
5.9	  0.6785714
6.0	  0.53571427
6.1	  0.39285713
6.2	  0.2857143
6.3	  0.21428572
6.4	  0.14285715
6.5	  0.10714286
6.6	  0.071428575
6.7	  0.035714287
6.8	  0.035714287
6.9	  0.0
7.0	  0.0
7.1	  0.0
7.2	  0.0
7.3	  0.0
7.4	  0.0
7.5	  0.0
7.6	  0.0
7.7	  0.0
7.8	  0.0
7.9	  0.0
8.0	  0.0
8.1	  0.0
8.2	  0.0
8.3	  0.0
8.4	  0.0
8.5	  0.0
8.6	  0.0
8.7	  0.0
8.8	  0.0
8.9	  0.0
9.0	  0.0



DATASET #4

     Name: 
   Points: 41
     Info: 

Data[x,y]:
5.0	  9.107142
5.1	  7.25
5.2	  5.75
5.3	  4.571429
5.4	  3.642857
5.5	  2.892857
5.6	  2.2857144
5.7	  1.8214285
5.8	  1.4285715
5.9	  1.1428572
6.0	  0.89285713
6.1	  0.71428573
6.2	  0.5714286
6.3	  0.4642857
6.4	  0.35714287
6.5	  0.2857143
6.6	  0.21428572
6.7	  0.17857143
6.8	  0.14285715
6.9	  0.10714286
7.0	  0.071428575
7.1	  0.071428575
7.2	  0.035714287
7.3	  0.035714287
7.4	  0.035714287
7.5	  0.035714287
7.6	  0.0
7.7	  0.0
7.8	  0.0
7.9	  0.0
8.0	  0.0
8.1	  0.0
8.2	  0.0
8.3	  0.0
8.4	  0.0
8.5	  0.0
8.6	  0.0
8.7	  0.0
8.8	  0.0
8.9	  0.0
9.0	  0.0



DATASET #5

     Name: 
   Points: 41
     Info: 

Data[x,y]:
5.0	  10.785714
5.1	  8.571428
5.2	  6.821429
5.3	  5.464286
5.4	  4.357143
5.5	  3.5357144
5.6	  2.8214285
5.7	  2.2142856
5.8	  1.75
5.9	  1.3928572
6.0	  1.1428572
6.1	  0.89285713
6.2	  0.75
6.3	  0.60714287
6.4	  0.5
6.5	  0.39285713
6.6	  0.32142857
6.7	  0.25
6.8	  0.21428572
6.9	  0.17857143
7.0	  0.14285715
7.1	  0.10714286
7.2	  0.10714286
7.3	  0.071428575
7.4	  0.071428575
7.5	  0.035714287
7.6	  0.035714287
7.7	  0.035714287
7.8	  0.035714287
7.9	  0.0
8.0	  0.0
8.1	  0.0
8.2	  0.0
8.3	  0.0
8.4	  0.0
8.5	  0.0
8.6	  0.0
8.7	  0.0
8.8	  0.0
8.9	  0.0
9.0	  0.0



DATASET #6

     Name: Median
   Points: 41
     Info: 

Data[x,y]:
5.0	  7.785714
5.1	  6.142857
5.2	  4.892857
5.3	  3.857143
5.4	  3.0357144
5.5	  2.392857
5.6	  1.8928572
5.7	  1.4642857
5.8	  1.1428572
5.9	  0.89285713
6.0	  0.71428573
6.1	  0.53571427
6.2	  0.42857143
6.3	  0.32142857
6.4	  0.25
6.5	  0.17857143
6.6	  0.14285715
6.7	  0.10714286
6.8	  0.071428575
6.9	  0.071428575
7.0	  0.035714287
7.1	  0.035714287
7.2	  0.0
7.3	  0.0
7.4	  0.0
7.5	  0.0
7.6	  0.0
7.7	  0.0
7.8	  0.0
7.9	  0.0
8.0	  0.0
8.1	  0.0
8.2	  0.0
8.3	  0.0
8.4	  0.0
8.5	  0.0
8.6	  0.0
8.7	  0.0
8.8	  0.0
8.9	  0.0
9.0	  0.0



DATASET #7

     Name: Mode
   Points: 41
     Info: 

Data[x,y]:
5.0	  7.571429
5.1	  5.928571
5.2	  5.107143
5.3	  3.9285715
5.4	  2.7857144
5.5	  2.392857
5.6	  1.8214285
5.7	  1.4285715
5.8	  1.2142857
5.9	  0.89285713
6.0	  0.71428573
6.1	  0.5
6.2	  0.39285713
6.3	  0.32142857
6.4	  0.21428572
6.5	  0.17857143
6.6	  0.14285715
6.7	  0.071428575
6.8	  0.071428575
6.9	  0.035714287
7.0	  0.035714287
7.1	  0.0
7.2	  0.0
7.3	  0.0
7.4	  0.0
7.5	  0.0
7.6	  0.0
7.7	  0.0
7.8	  0.0
7.9	  0.0
8.0	  0.0
8.1	  0.0
8.2	  0.0
8.3	  0.0
8.4	  0.0
8.5	  0.0
8.6	  0.0
8.7	  0.0
8.8	  0.0
8.9	  0.0
9.0	  0.0



DATASET #8

     Name: Std. Dev.
   Points: 41
     Info: 

Data[x,y]:
5.0	  1.216859
5.1	  0.9941065
5.2	  0.8248006
5.3	  0.6811847
5.4	  0.56736845
5.5	  0.47663805
5.6	  0.39971852
5.7	  0.3319285
5.8	  0.27680182
5.9	  0.23214309
6.0	  0.19953687
6.1	  0.16775604
6.2	  0.14412457
6.3	  0.12493967
6.4	  0.10612673
6.5	  0.09164117
6.6	  0.07938309
6.7	  0.067369536
6.8	  0.05851919
6.9	  0.051079493
7.0	  0.044169053
7.1	  0.03704586
7.2	  0.030456552
7.3	  0.025620442
7.4	  0.020614496
7.5	  0.01590092
7.6	  0.012108032
7.7	  0.008293038
7.8	  0.005862655
7.9	  0.0037810998
8.0	  0.00251948
8.1	  6.5205066E-4
8.2	  0.0
8.3	  0.0
8.4	  0.0
8.5	  0.0
8.6	  0.0
8.7	  0.0
8.8	  0.0
8.9	  0.0
9.0	  0.0


