
X-Axis: Magnitude
Y-Axis: Cumulative Annual Rate
Number of Data Sets: 8


DATASET #1

     Name: Mean
   Points: 41
     Info: 

Data[x,y]:
5.0	  7.91045
5.1	  6.26034
5.2	  4.95729
5.3	  3.91175
5.4	  3.08932
5.5	  2.42915
5.6	  1.90908
5.7	  1.49579
5.8	  1.1667
5.9	  0.8967
6.0	  0.71347
6.1	  0.54949
6.2	  0.43189
6.3	  0.3361
6.4	  0.25726
6.5	  0.19608
6.6	  0.15048
6.7	  0.1118
6.8	  0.08468
6.9	  0.06389
7.0	  0.04772
7.1	  0.0347
7.2	  0.02419
7.3	  0.01756
7.4	  0.01165
7.5	  0.00726
7.6	  0.00449
7.7	  0.00224
7.8	  0.00118
7.9	  5.6E-4
8.0	  2.4E-4
8.1	  3.0E-5
8.2	  1.0E-5
8.3	  0.0
8.4	  0.0
8.5	  0.0
8.6	  0.0
8.7	  0.0
8.8	  0.0
8.9	  0.0
9.0	  0.0



DATASET #2

     Name: 2.5%,97.5%
   Points: 41
     Info: 

Data[x,y]:
5.0	  6.72
5.1	  5.24
5.2	  4.15
5.3	  3.24
5.4	  2.54
5.5	  1.96
5.6	  1.5
5.7	  1.16
5.8	  0.9
5.9	  0.67
6.0	  0.51
6.1	  0.38
6.2	  0.29
6.3	  0.22
6.4	  0.16
6.5	  0.11
6.6	  0.08
6.7	  0.05
6.8	  0.03
6.9	  0.02
7.0	  0.01
7.1	  0.0
7.2	  0.0
7.3	  0.0
7.4	  0.0
7.5	  0.0
7.6	  0.0
7.7	  0.0
7.8	  0.0
7.9	  0.0
8.0	  0.0
8.1	  0.0
8.2	  0.0
8.3	  0.0
8.4	  0.0
8.5	  0.0
8.6	  0.0
8.7	  0.0
8.8	  0.0
8.9	  0.0
9.0	  0.0



DATASET #3

     Name: null
   Points: 41
     Info: 

Data[x,y]:
5.0	  9.34
5.1	  7.42
5.2	  5.87
5.3	  4.69
5.4	  3.7
5.5	  2.98
5.6	  2.38
5.7	  1.87
5.8	  1.48
5.9	  1.15
6.0	  0.92
6.1	  0.74
6.2	  0.59
6.3	  0.47
6.4	  0.37
6.5	  0.29
6.6	  0.23
6.7	  0.18
6.8	  0.15
6.9	  0.12
7.0	  0.1
7.1	  0.07
7.2	  0.06
7.3	  0.05
7.4	  0.04
7.5	  0.03
7.6	  0.02
7.7	  0.01
7.8	  0.01
7.9	  0.01
8.0	  0.0
8.1	  0.0
8.2	  0.0
8.3	  0.0
8.4	  0.0
8.5	  0.0
8.6	  0.0
8.7	  0.0
8.8	  0.0
8.9	  0.0
9.0	  0.0



DATASET #4

     Name: Median
   Points: 41
     Info: 

Data[x,y]:
5.0	  7.86
5.1	  6.24
5.2	  4.94
5.3	  3.89
5.4	  3.08
5.5	  2.42
5.6	  1.9
5.7	  1.49
5.8	  1.16
5.9	  0.89
6.0	  0.71
6.1	  0.55
6.2	  0.43
6.3	  0.34
6.4	  0.26
6.5	  0.19
6.6	  0.15
6.7	  0.11
6.8	  0.08
6.9	  0.06
7.0	  0.05
7.1	  0.03
7.2	  0.02
7.3	  0.02
7.4	  0.01
7.5	  0.01
7.6	  0.0
7.7	  0.0
7.8	  0.0
7.9	  0.0
8.0	  0.0
8.1	  0.0
8.2	  0.0
8.3	  0.0
8.4	  0.0
8.5	  0.0
8.6	  0.0
8.7	  0.0
8.8	  0.0
8.9	  0.0
9.0	  0.0



DATASET #5

     Name: Mode
   Points: 41
     Info: 

Data[x,y]:
5.0	  7.46
5.1	  6.26
5.2	  5.28
5.3	  3.96
5.4	  2.92
5.5	  2.51
5.6	  1.97
5.7	  1.44
5.8	  1.08
5.9	  0.88
6.0	  0.63
6.1	  0.51
6.2	  0.45
6.3	  0.34
6.4	  0.28
6.5	  0.21
6.6	  0.16
6.7	  0.12
6.8	  0.08
6.9	  0.05
7.0	  0.04
7.1	  0.03
7.2	  0.02
7.3	  0.01
7.4	  0.01
7.5	  0.0
7.6	  0.0
7.7	  0.0
7.8	  0.0
7.9	  0.0
8.0	  0.0
8.1	  0.0
8.2	  0.0
8.3	  0.0
8.4	  0.0
8.5	  0.0
8.6	  0.0
8.7	  0.0
8.8	  0.0
8.9	  0.0
9.0	  0.0



DATASET #6

     Name: 100 yr Prob
   Points: 41
     Info: 

Data[x,y]:
5.0	  1.0
5.1	  1.0
5.2	  1.0
5.3	  1.0
5.4	  1.0
5.5	  1.0
5.6	  1.0
5.7	  1.0
5.8	  1.0
5.9	  1.0
6.0	  1.0
6.1	  1.0
6.2	  1.0
6.3	  1.0
6.4	  1.0
6.5	  1.0
6.6	  1.0
6.7	  1.0
6.8	  1.0
6.9	  0.999
7.0	  0.991
7.1	  0.972
7.2	  0.918
7.3	  0.837
7.4	  0.708
7.5	  0.535
7.6	  0.386
7.7	  0.208
7.8	  0.114
7.9	  0.056
8.0	  0.024
8.1	  0.003
8.2	  0.001
8.3	  0.0
8.4	  0.0
8.5	  0.0
8.6	  0.0
8.7	  0.0
8.8	  0.0
8.9	  0.0
9.0	  0.0



DATASET #7

Name: 95% Conf
Num Points: 41
Info: 

X, Y Data:
5.0	1.0	[1.0	1.0]
5.1	1.0	[1.0	1.0]
5.2	1.0	[1.0	1.0]
5.3	1.0	[1.0	1.0]
5.4	1.0	[1.0	1.0]
5.5	1.0	[1.0	1.0]
5.6	1.0	[1.0	1.0]
5.7	1.0	[1.0	1.0]
5.8	1.0	[1.0	1.0]
5.9	1.0	[1.0	1.0]
6.0	1.0	[1.0	1.0]
6.1	1.0	[1.0	1.0]
6.2	1.0	[1.0	1.0]
6.3	1.0	[1.0	1.0]
6.4	1.0	[1.0	1.0]
6.5	1.0	[1.0	1.0]
6.6	1.0	[1.0	1.0]
6.7	1.0	[1.0	1.0]
6.8	1.0	[1.0	1.0]
6.9	0.999	[0.99353105	0.9999478]
7.0	0.991	[0.9823353	0.99560153]
7.1	0.972	[0.9592451	0.9809687]
7.2	0.918	[0.8988077	0.9338996]
7.3	0.837	[0.8122982	0.85906637]
7.4	0.708	[0.67855304	0.7358268]
7.5	0.535	[0.5035104	0.56621736]
7.6	0.386	[0.35582596	0.417061]
7.7	0.208	[0.18350837	0.23477083]
7.8	0.114	[0.09530064	0.13572836]
7.9	0.056	[0.042935763	0.07258069]
8.0	0.024	[0.015776584	0.036054842]
8.1	0.003	[7.75095E-4	0.009518]
8.2	0.001	[5.22008E-5	0.0064689326]
8.3	0.0	[0.0	0.004770871]
8.4	0.0	[0.0	0.0]
8.5	0.0	[0.0	0.0]
8.6	0.0	[0.0	0.0]
8.7	0.0	[0.0	0.0]
8.8	0.0	[0.0	0.0]
8.9	0.0	[0.0	0.0]
9.0	0.0	[0.0	0.0]



DATASET #8

     Name: Supra
   Points: 41
     Info: 

Data[x,y]:
5.0	  1.0
5.1	  1.0
5.2	  1.0
5.3	  1.0
5.4	  1.0
5.5	  1.0
5.6	  1.0
5.7	  1.0
5.8	  1.0
5.9	  1.0
6.0	  1.0
6.1	  1.0
6.2	  1.0
6.3	  1.0
6.4	  1.0
6.5	  1.0
6.6	  1.0
6.7	  1.0
6.8	  1.0
6.9	  0.995
7.0	  0.982
7.1	  0.948
7.2	  0.88
7.3	  0.817
7.4	  0.692
7.5	  0.528
7.6	  0.381
7.7	  0.206
7.8	  0.112
7.9	  0.056
8.0	  0.024
8.1	  0.003
8.2	  0.001
8.3	  0.0
8.4	  0.0
8.5	  0.0
8.6	  0.0
8.7	  0.0
8.8	  0.0
8.9	  0.0
9.0	  0.0


