
X-Axis: Magnitude
Y-Axis: 10 Year Cumulative Number
Number of Data Sets: 9


DATASET #1

     Name: Mean
   Points: 66
     Info: 

Data[x,y]:
2.5	  2241.4792
2.6	  1780.3203
2.7	  1414.1333
2.8	  1123.2139
2.9	  892.1777
3.0	  708.6618
3.1	  562.837
3.2	  447.0387
3.3	  355.0766
3.4	  282.0322
3.5	  223.96954
3.6	  177.85294
3.7	  141.23083
3.8	  112.11433
3.9	  89.00222
4.0	  70.65002
4.1	  56.07627
4.2	  44.5235
4.3	  35.3331
4.4	  28.02845
4.5	  22.22489
4.6	  17.61864
4.7	  13.95443
4.8	  11.0445
4.9	  8.73302
5.0	  6.89466
5.1	  5.43834
5.2	  4.27932
5.3	  3.35883
5.4	  2.62795
5.5	  2.04754
5.6	  1.58671
5.7	  1.22289
5.8	  0.93257
5.9	  0.70148
6.0	  0.5399
6.1	  0.39286
6.2	  0.26028
6.3	  0.19315
6.4	  0.14682
6.5	  0.11283
6.6	  0.09043
6.7	  0.07304
6.8	  0.05801
6.9	  0.04407
7.0	  0.03398
7.1	  0.028
7.2	  0.02124
7.3	  0.01502
7.4	  0.01295
7.5	  0.00992
7.6	  0.00531
7.7	  0.00176
7.8	  0.00111
7.9	  7.1E-4
8.0	  2.7E-4
8.1	  5.0E-5
8.2	  0.0
8.3	  0.0
8.4	  0.0
8.5	  0.0
8.6	  0.0
8.7	  0.0
8.8	  0.0
8.9	  0.0
9.0	  0.0



DATASET #2

     Name: 2.5%,97.5%
   Points: 66
     Info: 

Data[x,y]:
2.5	  1391.0
2.6	  1101.0
2.7	  870.0
2.8	  687.0
2.9	  542.0
3.0	  427.0
3.1	  336.0
3.2	  264.0
3.3	  207.0
3.4	  162.0
3.5	  126.0
3.6	  98.0
3.7	  76.0
3.8	  59.0
3.9	  45.0
4.0	  34.0
4.1	  26.0
4.2	  20.0
4.3	  14.0
4.4	  11.0
4.5	  8.0
4.6	  5.0
4.7	  4.0
4.8	  2.0
4.9	  2.0
5.0	  1.0
5.1	  0.0
5.2	  0.0
5.3	  0.0
5.4	  0.0
5.5	  0.0
5.6	  0.0
5.7	  0.0
5.8	  0.0
5.9	  0.0
6.0	  0.0
6.1	  0.0
6.2	  0.0
6.3	  0.0
6.4	  0.0
6.5	  0.0
6.6	  0.0
6.7	  0.0
6.8	  0.0
6.9	  0.0
7.0	  0.0
7.1	  0.0
7.2	  0.0
7.3	  0.0
7.4	  0.0
7.5	  0.0
7.6	  0.0
7.7	  0.0
7.8	  0.0
7.9	  0.0
8.0	  0.0
8.1	  0.0
8.2	  0.0
8.3	  0.0
8.4	  0.0
8.5	  0.0
8.6	  0.0
8.7	  0.0
8.8	  0.0
8.9	  0.0
9.0	  0.0



DATASET #3

     Name: null
   Points: 66
     Info: 

Data[x,y]:
2.5	  6386.0
2.6	  5065.0
2.7	  4024.0
2.8	  3193.0
2.9	  2540.0
3.0	  2020.0
3.1	  1603.0
3.2	  1274.0
3.3	  1011.0
3.4	  804.0
3.5	  640.0
3.6	  509.0
3.7	  405.0
3.8	  322.0
3.9	  257.0
4.0	  203.0
4.1	  163.0
4.2	  130.0
4.3	  103.0
4.4	  83.0
4.5	  66.0
4.6	  53.0
4.7	  43.0
4.8	  34.0
4.9	  28.0
5.0	  23.0
5.1	  18.0
5.2	  15.0
5.3	  12.0
5.4	  10.0
5.5	  8.0
5.6	  7.0
5.7	  6.0
5.8	  5.0
5.9	  4.0
6.0	  3.0
6.1	  3.0
6.2	  2.0
6.3	  2.0
6.4	  1.0
6.5	  1.0
6.6	  1.0
6.7	  1.0
6.8	  1.0
6.9	  1.0
7.0	  1.0
7.1	  1.0
7.2	  0.0
7.3	  0.0
7.4	  0.0
7.5	  0.0
7.6	  0.0
7.7	  0.0
7.8	  0.0
7.9	  0.0
8.0	  0.0
8.1	  0.0
8.2	  0.0
8.3	  0.0
8.4	  0.0
8.5	  0.0
8.6	  0.0
8.7	  0.0
8.8	  0.0
8.9	  0.0
9.0	  0.0



DATASET #4

     Name: Median
   Points: 66
     Info: 

Data[x,y]:
2.5	  1790.0
2.6	  1422.0
2.7	  1130.0
2.8	  898.0
2.9	  714.0
3.0	  567.0
3.1	  451.0
3.2	  359.0
3.3	  285.0
3.4	  227.0
3.5	  181.0
3.6	  144.0
3.7	  114.0
3.8	  91.0
3.9	  72.0
4.0	  57.0
4.1	  46.0
4.2	  36.0
4.3	  29.0
4.4	  23.0
4.5	  18.0
4.6	  14.0
4.7	  11.0
4.8	  9.0
4.9	  7.0
5.0	  5.0
5.1	  4.0
5.2	  3.0
5.3	  2.0
5.4	  2.0
5.5	  1.0
5.6	  1.0
5.7	  1.0
5.8	  0.0
5.9	  0.0
6.0	  0.0
6.1	  0.0
6.2	  0.0
6.3	  0.0
6.4	  0.0
6.5	  0.0
6.6	  0.0
6.7	  0.0
6.8	  0.0
6.9	  0.0
7.0	  0.0
7.1	  0.0
7.2	  0.0
7.3	  0.0
7.4	  0.0
7.5	  0.0
7.6	  0.0
7.7	  0.0
7.8	  0.0
7.9	  0.0
8.0	  0.0
8.1	  0.0
8.2	  0.0
8.3	  0.0
8.4	  0.0
8.5	  0.0
8.6	  0.0
8.7	  0.0
8.8	  0.0
8.9	  0.0
9.0	  0.0



DATASET #5

     Name: Mode
   Points: 66
     Info: 

Data[x,y]:
2.5	  1578.0
2.6	  1220.0
2.7	  1013.0
2.8	  808.0
2.9	  643.0
3.0	  521.0
3.1	  396.0
3.2	  326.0
3.3	  250.0
3.4	  203.0
3.5	  165.0
3.6	  130.0
3.7	  103.0
3.8	  82.0
3.9	  67.0
4.0	  52.0
4.1	  41.0
4.2	  34.0
4.3	  24.0
4.4	  20.0
4.5	  16.0
4.6	  11.0
4.7	  9.0
4.8	  7.0
4.9	  6.0
5.0	  4.0
5.1	  3.0
5.2	  2.0
5.3	  2.0
5.4	  1.0
5.5	  1.0
5.6	  0.0
5.7	  0.0
5.8	  0.0
5.9	  0.0
6.0	  0.0
6.1	  0.0
6.2	  0.0
6.3	  0.0
6.4	  0.0
6.5	  0.0
6.6	  0.0
6.7	  0.0
6.8	  0.0
6.9	  0.0
7.0	  0.0
7.1	  0.0
7.2	  0.0
7.3	  0.0
7.4	  0.0
7.5	  0.0
7.6	  0.0
7.7	  0.0
7.8	  0.0
7.9	  0.0
8.0	  0.0
8.1	  0.0
8.2	  0.0
8.3	  0.0
8.4	  0.0
8.5	  0.0
8.6	  0.0
8.7	  0.0
8.8	  0.0
8.9	  0.0
9.0	  0.0



DATASET #6

     Name: 10 yr Prob
   Points: 66
     Info: 

Data[x,y]:
2.5	  1.0
2.6	  1.0
2.7	  1.0
2.8	  1.0
2.9	  1.0
3.0	  1.0
3.1	  1.0
3.2	  1.0
3.3	  1.0
3.4	  1.0
3.5	  1.0
3.6	  1.0
3.7	  1.0
3.8	  1.0
3.9	  1.0
4.0	  1.0
4.1	  1.0
4.2	  1.0
4.3	  1.0
4.4	  1.0
4.5	  1.0
4.6	  0.99998
4.7	  0.99976
4.8	  0.99884
4.9	  0.99514
5.0	  0.98694
5.1	  0.96939
5.2	  0.93827
5.3	  0.89238
5.4	  0.8317
5.5	  0.7573
5.6	  0.67233
5.7	  0.58513
5.8	  0.49753
5.9	  0.41241
6.0	  0.34023
6.1	  0.26669
6.2	  0.19261
6.3	  0.14905
6.4	  0.11472
6.5	  0.09051
6.6	  0.07644
6.7	  0.06265
6.8	  0.05183
6.9	  0.04074
7.0	  0.03209
7.1	  0.02672
7.2	  0.0204
7.3	  0.01458
7.4	  0.01263
7.5	  0.00977
7.6	  0.00526
7.7	  0.00175
7.8	  0.00111
7.9	  7.1E-4
8.0	  2.7E-4
8.1	  5.0E-5
8.2	  0.0
8.3	  0.0
8.4	  0.0
8.5	  0.0
8.6	  0.0
8.7	  0.0
8.8	  0.0
8.9	  0.0
9.0	  0.0



DATASET #7

Name: 95% Conf
Num Points: 66
Info: 

X, Y Data:
2.5	1.0	[1.0	1.0]
2.6	1.0	[1.0	1.0]
2.7	1.0	[1.0	1.0]
2.8	1.0	[1.0	1.0]
2.9	1.0	[1.0	1.0]
3.0	1.0	[1.0	1.0]
3.1	1.0	[1.0	1.0]
3.2	1.0	[1.0	1.0]
3.3	1.0	[1.0	1.0]
3.4	1.0	[1.0	1.0]
3.5	1.0	[1.0	1.0]
3.6	1.0	[1.0	1.0]
3.7	1.0	[1.0	1.0]
3.8	1.0	[1.0	1.0]
3.9	1.0	[1.0	1.0]
4.0	1.0	[1.0	1.0]
4.1	1.0	[1.0	1.0]
4.2	1.0	[1.0	1.0]
4.3	1.0	[1.0	1.0]
4.4	1.0	[1.0	1.0]
4.5	1.0	[1.0	1.0]
4.6	0.99998	[0.99991935	0.99999654]
4.7	0.99976	[0.99963695	0.9998427]
4.8	0.99884	[0.9986035	0.9990372]
4.9	0.99514	[0.99468434	0.9955572]
5.0	0.98694	[0.98621225	0.98763007]
5.1	0.96939	[0.9682991	0.9704447]
5.2	0.93827	[0.9367564	0.93974984]
5.3	0.89238	[0.8904391	0.8942907]
5.4	0.8317	[0.82936335	0.83401114]
5.5	0.7573	[0.75462794	0.75995225]
5.6	0.67233	[0.6694093	0.6752375]
5.7	0.58513	[0.582068	0.5881854]
5.8	0.49753	[0.49442616	0.500634]
5.9	0.41241	[0.4093573	0.41546944]
6.0	0.34023	[0.33729464	0.34317765]
6.1	0.26669	[0.26395306	0.2694449]
6.2	0.19261	[0.19017264	0.19507101]
6.3	0.14905	[0.14685115	0.15127587]
6.4	0.11472	[0.1127546	0.11671508]
6.5	0.09051	[0.08874245	0.0923091]
6.6	0.07644	[0.07480444	0.0781082]
6.7	0.06265	[0.0611598	0.064173914]
6.8	0.05183	[0.050468188	0.05322637]
6.9	0.04074	[0.039527334	0.041988097]
7.0	0.03209	[0.031010589	0.033205524]
7.1	0.02672	[0.025733601	0.027742941]
7.2	0.0204	[0.019537168	0.02129989]
7.3	0.01458	[0.0138506275	0.015346918]
7.4	0.01263	[0.011951472	0.013346243]
7.5	0.00977	[0.00917407	0.010403902]
7.6	0.00526	[0.0048254873	0.005732947]
7.7	0.00175	[0.0015047512	0.0020342658]
7.8	0.00111	[9.173595E-4	0.0013418944]
7.9	7.1E-4	[5.5855705E-4	9.009569E-4]
8.0	2.7E-4	[1.8150492E-4	3.9874142E-4]
8.1	5.0E-5	[1.8407845E-5	1.2402E-4]
8.2	0.0	[0.0	4.7892154E-5]
8.3	0.0	[0.0	4.7892154E-5]
8.4	0.0	[0.0	0.0]
8.5	0.0	[0.0	0.0]
8.6	0.0	[0.0	0.0]
8.7	0.0	[0.0	0.0]
8.8	0.0	[0.0	0.0]
8.9	0.0	[0.0	0.0]
9.0	0.0	[0.0	0.0]



DATASET #8

     Name: Supra
   Points: 66
     Info: 

Data[x,y]:
2.5	  0.14078
2.6	  0.14078
2.7	  0.14078
2.8	  0.14078
2.9	  0.14078
3.0	  0.14078
3.1	  0.14078
3.2	  0.14078
3.3	  0.14078
3.4	  0.14078
3.5	  0.14078
3.6	  0.14078
3.7	  0.14078
3.8	  0.14078
3.9	  0.14078
4.0	  0.14078
4.1	  0.14078
4.2	  0.14078
4.3	  0.14078
4.4	  0.14078
4.5	  0.14078
4.6	  0.14078
4.7	  0.14078
4.8	  0.14078
4.9	  0.14078
5.0	  0.14078
5.1	  0.14078
5.2	  0.14078
5.3	  0.14078
5.4	  0.14078
5.5	  0.14078
5.6	  0.14078
5.7	  0.14078
5.8	  0.14078
5.9	  0.14072
6.0	  0.1407
6.1	  0.11941
6.2	  0.09529
6.3	  0.07975
6.4	  0.06858
6.5	  0.05916
6.6	  0.05401
6.7	  0.04682
6.8	  0.0408
6.9	  0.03334
7.0	  0.02759
7.1	  0.02423
7.2	  0.01901
7.3	  0.01387
7.4	  0.01237
7.5	  0.00968
7.6	  0.0052
7.7	  0.00174
7.8	  0.00111
7.9	  7.1E-4
8.0	  2.7E-4
8.1	  5.0E-5
8.2	  0.0
8.3	  0.0
8.4	  0.0
8.5	  0.0
8.6	  0.0
8.7	  0.0
8.8	  0.0
8.9	  0.0
9.0	  0.0



DATASET #9

     Name: Primary
   Points: 66
     Info: 

Data[x,y]:
2.5	  987.0955
2.6	  784.00726
2.7	  622.7295
2.8	  494.60565
2.9	  392.89236
3.0	  312.07935
3.1	  247.84567
3.2	  196.8448
3.3	  156.3624
3.4	  124.20279
3.5	  98.63586
3.6	  78.3315
3.7	  62.18551
3.8	  49.36342
3.9	  39.18945
4.0	  31.11499
4.1	  24.69376
4.2	  19.61324
4.3	  15.56451
4.4	  12.34715
4.5	  9.79054
4.6	  7.75782
4.7	  6.14739
4.8	  4.86428
4.9	  3.8429
5.0	  3.0337
5.1	  2.39406
5.2	  1.88302
5.3	  1.47935
5.4	  1.15824
5.5	  0.90266
5.6	  0.69884
5.7	  0.53811
5.8	  0.41191
5.9	  0.30935
6.0	  0.23581
6.1	  0.17382
6.2	  0.11592
6.3	  0.08633
6.4	  0.06423
6.5	  0.04927
6.6	  0.04145
6.7	  0.03381
6.8	  0.02797
6.9	  0.02176
7.0	  0.01665
7.1	  0.01364
7.2	  0.0101
7.3	  0.00717
7.4	  0.0062
7.5	  0.00478
7.6	  0.00262
7.7	  8.6E-4
7.8	  6.4E-4
7.9	  4.3E-4
8.0	  1.7E-4
8.1	  3.0E-5
8.2	  0.0
8.3	  0.0
8.4	  0.0
8.5	  0.0
8.6	  0.0
8.7	  0.0
8.8	  0.0
8.9	  0.0
9.0	  0.0


